1816,3,0
2805,3,0
7119,3,0
5851,3,0
4410,3,0
6390,3,0
6023,9,0
6217,9,0
3197,9,0
1648,10,0
6626,10,0
5350,10,0
3912,2,0
1878,2,0
5922,13,0
1194,13,0
6925,13,0
3154,0,0
1437,0,0
4383,0,0
6684,5,0
3574,5,0
6456,7,0
2920,7,0
2775,6,0
896,6,0
5479,6,0
7034,6,0
1172,4,0
6653,4,0
4253,4,0
5630,11,0
7968,11,0
2441,11,0
2681,12,0
5542,12,0
1769,12,0
5637,1,0
5190,1,0
1039,1,0
5805,8,0
3739,8,0
4053,8,0
1258,6,1
1672,0,1
7411,0,1
2613,3,1
4868,9,1
4788,8,1
7448,12,1
1509,2,1
2552,1,1
1671,7,1
2064,13,1
480,5,1
609,11,1
1934,4,1
6348,5,2
2028,1,2
4796,9,2
7203,3,2
3473,12,2
854,8,2
4066,4,2
6143,0,2
3761,1,2
1495,2,2
1484,4,2
2292,8,2
871,3,2
317,5,2
3736,6,2
1633,1,2
540,8,2
5205,7,2
5124,11,2
2508,9,2
4731,12,2
5918,13,2
2625,0,2
4271,1,2
3941,3,3
984,7,3
4474,7,3
4025,7,3
1020,4,3
2970,4,3
5386,0,3
3754,13,3
1899,4,3
7949,10,3
1179,2,3
7271,4,3
5507,8,3
1327,3,3
6513,5,3
3607,6,3
1333,11,3
2762,12,3
5951,1,3
1820,7,3
1027,4,3
6663,6,3
3389,8,3
6557,13,3
1198,0,3
7165,1,3
1859,5,3
2010,11,3
1371,12,3
7252,8,3
1105,9,3
3678,10,3
1236,4,3
6900,6,3
6048,11,3
2048,12,3
1944,2,3
6775,4,3
7468,1,3
6013,7,3
1363,13,3
586,6,3
5155,8,3
5431,0,3
5700,5,3
6739,1,3
7570,3,3
2886,7,3
6564,9,3
4214,13,3
867,0,3
1954,11,3
5939,12,3
5222,4,3
7627,5,3
6322,6,3
6199,11,3
7890,12,3
7456,7,3
2421,4,3
3486,6,3
1813,8,3
4735,11,3
1865,12,3
3466,10,3
4021,2,3
7070,13,3
7124,0,3
1057,5,3
118,1,3
7902,4,3
6723,6,3
3919,8,3
4886,1,3
4777,2,3
5315,11,3
6555,12,3
590,4,3
2306,6,3
7447,8,3
7945,11,3
1785,1,3
1417,3,3
7144,9,3
3606,10,3
353,2,3
302,12,3
4864,7,3
109,4,3
3315,3,3
4129,13,3
2005,0,3
4296,5,3
5467,6,3
5923,8,3
5098,11,3
7141,12,3
4943,1,3
1023,9,3
226,7,3
7589,4,3
4792,10,3
393,8,3
7656,6,3
3148,1,3
7160,11,3
1595,12,3
7302,3,3
4981,8,3
1557,1,3
3047,9,3
2303,4,3
4465,8,4
6300,10,4
3319,3,4
2175,2,4
1190,10,4
3943,3,4
2271,6,4
7569,11,4
7122,12,4
7442,4,4
6747,8,4
6548,9,4
6208,10,4
7513,13,4
6588,0,4
5099,11,4
5867,1,4
3136,8,4
6082,1,4
4082,2,4
6191,5,4
681,3,4
291,7,4
4209,9,4
1577,10,4
1385,6,4
6708,13,4
6641,0,4
3368,2,4
7490,3,4
3867,12,4
1932,8,4
777,5,4
2701,7,4
4193,13,4
5176,4,4
3216,0,4
1771,2,4
3702,5,4
3666,7,4
1355,13,4
6265,6,4
5257,11,4
4020,0,4
7228,9,4
208,5,4
1433,12,4
6805,4,4
4744,11,4
5573,10,4
892,7,4
5853,13,4
2469,3,4
1545,0,4
7840,5,4
2914,6,4
6574,12,4
6971,7,4
5984,1,4
4086,4,4
6295,8,4
7367,1,4
1398,13,4
6235,0,4
3923,6,4
1596,11,4
3340,12,4
4674,4,4
3388,8,4
5806,2,4
949,6,4
5139,5,4
1328,11,4
1877,12,4
6888,1,4
2367,4,4
7514,6,4
3317,8,4
7687,11,4
6395,12,4
1866,1,4
4378,4,4
545,6,4
4279,8,4
6703,11,4
2693,12,4
5897,1,4
2783,4,4
4395,8,4
6446,9,4
7634,6,4
7965,11,4
2172,10,4
1788,3,4
5513,12,4
708,1,4
4524,4,4
1033,6,4
3724,9,4
1306,8,4
3764,11,4
7667,12,4
3290,1,4
5076,4,4
126,8,4
1480,11,4
598,10,4
3694,2,4
4177,12,4
570,1,4
466,7,4
7926,8,4
483,6,4
7044,1,4
1201,4,4
626,8,4
6556,1,4
2526,8,4
2516,1,4
4187,11,4
7607,12,5
7221,12,5
6202,9,5
6163,12,5
7936,4,5
6031,3,5
5812,9,5
1146,10,5
4255,12,5
464,2,5
3954,13,5
1139,3,5
5105,9,5
5822,10,5
7381,0,5
2158,2,5
7997,3,5
5357,5,5
7267,7,5
5353,6,5
1775,4,5
383,11,5
7133,9,5
1275,10,5
3307,13,5
4077,0,5
5857,2,5
5273,3,5
5917,5,5
3924,7,5
5332,9,5
4867,13,5
4135,0,5
3613,5,5
4844,2,5
4589,7,5
2646,6,5
4139,13,5
1848,12,5
5008,4,5
6745,8,5
5068,0,5
361,2,5
461,5,5
7181,6,5
4977,7,5
1789,11,5
517,13,5
2396,0,5
6670,12,5
2669,5,5
3406,7,5
5537,13,5
2515,10,5
3018,0,5
61,3,5
2971,9,5
6812,5,5
7458,7,5
2687,4,5
475,0,5
7662,5,5
6771,7,5
7118,10,5
4938,13,5
7742,13,5
5266,6,5
1203,0,5
4653,11,5
2210,12,5
1472,1,5
2091,4,5
782,6,5
288,8,5
310,11,5
3655,12,5
808,1,5
1780,4,5
7758,6,5
2747,8,5
4396,1,5
2685,11,5
7781,3,5
5252,5,5
947,12,5
3998,4,5
3082,7,5
366,6,5
3387,8,5
5671,13,5
7780,11,5
1517,12,5
3116,1,5
1961,4,5
5794,6,5
1688,8,5
4678,11,5
6406,12,5
5420,1,5
1731,1,5
5659,1,5
558,1,5
6656,1,5
5379,1,5
1725,2,5
1301,2,5
1986,1,5
1567,0,5
5742,5,5
108,1,5
7063,7,5
4069,1,5
4499,1,5
7177,1,5
4038,1,5
1753,1,5
1639,1,5
6983,1,5
5072,1,5
713,1,5
2815,1,5
5718,1,5
7413,1,5
4267,9,5
7665,10,5
5990,12,6
7910,12,6
4367,12,6
6693,4,6
3429,3,6
6716,12,6
6435,3,6
7178,9,6
278,10,6
6977,3,6
5847,9,6
5167,10,6
5673,2,6
3447,3,6
6386,9,6
1881,10,6
7699,2,6
5707,3,6
6083,9,6
365,10,6
5204,2,6
848,3,6
18,9,6
2021,10,6
3936,13,6
6045,0,6
4698,5,6
7446,7,6
3458,2,6
6625,13,6
4456,1,6
1715,0,6
7463,1,6
678,1,6
1863,2,6
6071,1,6
3282,5,6
192,7,6
5339,13,6
4467,0,6
7472,5,6
7549,7,6
5283,3,6
2260,13,6
5295,0,6
4272,5,6
5899,7,6
56,0,6
6105,5,6
905,2,6
4805,7,6
4449,0,6
6074,2,6
4669,13,6
7751,1,6
5957,1,6
3726,2,6
1321,1,6
4176,1,6
557,1,6
4683,1,6
7574,13,6
6420,5,6
6469,7,6
1125,0,6
5018,1,6
6577,1,6
7352,1,6
6797,1,6
298,1,6
4422,1,6
7600,1,6
1466,1,6
3842,1,6
4442,1,6
602,1,6
571,1,6
501,9,6
4579,10,6
4529,2,6
850,13,6
924,1,6
3558,1,6
1569,5,6
1223,7,6
7501,1,6
7427,1,6
2180,1,6
2898,1,6
6720,1,6
2598,1,6
3538,1,6
3744,1,6
4954,1,6
2813,1,6
2462,1,6
2198,1,6
3579,1,6
3106,3,6
4215,9,6
5640,10,6
6563,1,6
5387,1,6
4561,2,6
4740,0,6
6864,5,6
1083,1,6
7930,1,6
5664,7,6
5157,1,6
3096,1,6
1592,1,6
7255,1,6
1929,1,6
3301,1,6
1119,1,6
1485,1,6
5595,1,6
6347,1,6
7069,3,7
4463,1,7
3870,3,7
6953,1,7
4776,9,7
6155,1,7
7747,1,7
3125,10,7
1520,1,7
60,3,7
283,9,7
7898,10,7
1428,3,7
6341,9,7
6229,10,7
1928,3,7
3438,9,7
7543,10,7
6757,3,7
5511,9,7
4847,1,7
3417,10,7
2899,1,7
6863,13,7
5208,2,7
7478,3,7
1858,9,7
4159,1,7
4500,1,7
4466,10,7
2139,13,7
635,1,7
4348,0,7
7256,0,7
7339,1,7
4781,0,7
4896,0,7
1730,0,7
3529,0,7
3930,0,7
6187,0,7
80,0,7
5504,1,7
4635,0,7
5645,0,7
3713,0,7
2419,0,7
6247,0,7
5962,0,7
1646,0,7
549,0,7
2972,0,7
5485,0,7
4231,1,7
1920,0,7
5629,1,7
7326,1,7
3330,1,7
1930,1,7
1141,1,7
6396,1,7
1697,1,7
4743,1,7
1051,1,7
4984,1,7
3621,1,7
258,1,7
3580,1,7
3634,1,7
397,1,7
1809,1,7
2035,1,7
1482,1,7
5912,1,7
6398,1,7
5972,1,7
1823,1,7
6839,1,7
1499,1,7
5678,1,7
1874,1,7
3910,1,7
7483,1,7
7663,1,7
1571,1,7
4199,1,7
215,1,7
6421,1,7
4198,1,7
1576,1,7
7108,1,7
719,1,7
4933,1,7
4684,0,7
3057,1,7
6384,1,7
7399,0,7
5975,1,7
7139,1,7
1603,1,7
1666,1,7
784,0,7
838,0,7
6211,1,7
5633,1,7
2712,0,7
4999,1,7
5465,1,7
3028,1,7
7954,1,7
6058,1,7
879,1,7
2675,1,8
93,1,8
1133,0,8
2512,0,8
5262,0,8
4381,0,8
2116,0,8
7017,0,8
431,0,8
7915,0,8
790,0,8
6278,0,8
766,0,8
5827,0,8
2879,0,8
3987,0,8
6838,0,8
4126,0,8
4042,0,8
2285,1,8
2376,0,8
637,0,8
937,0,8
5303,0,8
1862,1,8
301,0,8
6509,0,8
1996,0,8
1240,1,8
3174,1,8
2518,0,8
2108,1,8
7082,0,8
1238,0,8
6539,0,8
6455,1,8
356,1,8
5455,0,8
70,0,8
7037,0,8
2445,0,8
1854,0,8
717,0,8
6620,0,8
4893,0,8
3380,0,8
7631,0,8
2856,1,8
675,0,8
1118,0,8
1864,1,8
1454,1,8
615,0,8
849,0,8
604,0,8
4221,1,8
68,0,8
5154,0,8
1126,1,8
2951,0,8
740,1,8
3900,1,8
5430,1,8
6611,0,8
135,1,8
403,1,8
3608,1,8
2694,0,8
4553,1,8
7712,1,8
3635,1,8
6102,1,8
3573,0,8
3038,1,8
4216,1,8
1738,1,8
2743,1,8
4531,1,8
6389,1,8
2627,0,8
24,1,8
3695,1,8
19,1,8
2827,1,8
7173,1,8
4489,1,8
2884,1,8
4829,1,8
547,1,8
1618,1,8
5373,1,8
1405,1,8
5340,1,8
6020,1,8
6193,1,8
3320,1,8
2264,1,8
3967,1,8
7932,1,8
7004,1,8
4556,1,8
3168,1,8
2708,1,8
6750,1,8
5209,1,8
2628,1,8
4483,1,8
2699,1,8
7775,1,8
4604,1,8
582,1,8
3361,1,8
7609,1,8
4419,1,8
4223,1,8
1063,1,8
2041,1,8
5010,1,8
2913,1,8
4839,1,8
130,0,8
2787,1,8
305,1,8
6246,1,8
5655,1,8
2086,1,8
2723,1,8
1744,1,8
1465,2,9
6554,2,9
7358,8,9
4962,2,9
6623,0,9
5815,0,9
3286,0,9
3828,0,9
1803,0,9
2165,0,9
1062,0,9
2558,0,9
7387,0,9
5356,0,9
3046,0,9
787,0,9
6905,0,9
6841,0,9
203,0,9
3469,0,9
2864,0,9
4406,1,9
7801,0,9
1782,0,9
3618,0,9
6075,1,9
6643,0,9
2359,1,9
6359,0,9
2788,0,9
4889,1,9
6704,0,9
3053,0,9
1329,0,9
7654,0,9
4528,0,9
5697,0,9
7301,0,9
5358,0,9
4823,0,9
4404,0,9
2821,0,9
7845,0,9
5199,0,9
7502,0,9
5551,0,9
496,0,9
159,0,9
687,0,9
6761,0,9
7672,0,9
90,0,9
7404,0,9
2570,0,9
1217,0,9
7974,1,9
2605,1,9
3565,0,9
1361,1,9
667,1,9
5503,1,9
7955,1,9
5533,1,9
2885,1,9
1606,0,9
822,1,9
2711,1,9
7507,0,9
7851,1,9
6159,1,9
541,1,9
6721,1,9
7090,1,9
6673,1,9
3231,1,9
3876,1,9
1407,1,9
6194,1,9
7813,1,9
6308,1,9
6660,0,9
6819,1,9
7423,1,9
4655,1,9
4017,0,9
1675,1,9
6254,1,9
6250,1,9
4205,1,9
6061,1,9
1429,1,9
7285,1,9
104,1,9
3619,1,9
5110,1,9
878,1,9
1250,1,9
971,1,9
7755,1,9
7039,1,9
4658,1,9
7779,1,9
3338,1,9
6294,1,9
1181,1,9
960,1,9
2630,1,9
6827,1,9
3156,1,9
1058,1,9
5779,0,9
6932,1,9
2336,1,9
1791,1,9
4756,1,9
2440,0,9
1933,1,9
1032,0,9
342,0,9
2401,11,10
6808,7,10
6151,1,10
1498,0,10
961,0,10
6947,0,10
2623,0,10
7655,0,10
5569,0,10
4518,0,10
7091,0,10
4436,0,10
2093,0,10
1995,0,10
5445,0,10
5726,0,10
4280,0,10
1502,0,10
4387,0,10
1439,1,10
3600,1,10
7920,0,10
5762,0,10
3008,0,10
4727,1,10
2101,0,10
2650,1,10
3189,0,10
4354,0,10
2375,0,10
3485,0,10
1716,0,10
3504,0,10
7029,0,10
2959,0,10
1575,1,10
2863,0,10
1776,0,10
776,0,10
3336,0,10
2989,0,10
2835,0,10
7489,0,10
5381,0,10
6545,0,10
3882,0,10
2735,0,10
1770,1,10
5736,1,10
451,0,10
4157,1,10
5264,1,10
6350,0,10
5608,0,10
5389,0,10
7008,0,10
1538,0,10
3203,0,10
6171,0,10
6629,0,10
7158,0,10
3394,0,10
816,0,10
7314,0,10
2645,0,10
7121,0,10
3831,0,10
5509,0,10
887,0,10
7829,1,10
3807,1,10
7738,0,10
4448,1,10
1559,1,10
1710,1,10
2312,1,10
149,1,10
1966,1,10
6019,0,10
5329,1,10
6652,1,10
3981,1,10
7031,0,10
1471,1,10
1543,1,10
3193,0,10
2671,1,10
1420,0,10
4156,1,10
7053,1,10
25,1,10
1478,1,10
6129,0,10
1792,1,10
804,1,10
4934,1,10
7373,1,10
2506,1,10
1322,1,10
265,1,10
74,1,10
4461,1,10
807,1,10
88,1,10
5045,1,10
400,1,10
7518,1,10
1992,1,10
5749,0,10
6170,1,10
5052,1,10
4601,6,11
1564,7,11
4151,12,11
1860,12,11
4957,0,11
2362,0,11
1759,0,11
2378,0,11
327,0,11
2682,0,11
428,1,11
5095,0,11
6991,0,11
7546,1,11
6681,1,11
5277,0,11
925,0,11
4468,0,11
7826,1,11
7538,0,11
6177,0,11
509,0,11
4130,0,11
1268,0,11
7907,1,11
6487,0,11
732,0,11
5349,1,11
5138,0,11
4582,0,11
6530,0,11
3432,0,11
3598,0,11
698,0,11
7721,0,11
116,0,11
1261,1,11
5908,1,11
197,0,11
4873,0,11
6377,0,11
2195,0,11
4266,0,11
4172,1,11
518,0,11
6734,0,11
4724,1,11
4108,0,11
7679,0,11
3208,0,11
6198,0,11
2665,0,11
7337,0,11
4222,0,11
1674,0,11
2403,0,11
3751,0,11
3630,0,11
5765,1,11
5134,1,11
7241,1,11
7555,1,11
2179,1,11
654,1,11
5518,1,11
6306,1,11
4191,1,11
3553,1,11
5491,1,11
5675,1,11
1384,1,11
7982,1,11
1255,1,11
7990,1,11
7327,0,11
7094,1,11
6569,1,11
3039,0,11
2157,0,11
2843,1,11
2097,0,11
1095,1,11
3670,1,11
618,1,11
6073,0,11
3693,1,11
7811,0,11
5366,1,11
2146,1,11
1235,0,11
1898,1,11
3823,1,11
5618,1,11
4437,1,11
1021,0,11
843,1,11
4672,1,11
4755,1,11
7541,0,11
72,0,11
4881,1,11
6896,1,11
4374,1,11
2760,1,11
5385,1,11
4480,1,11
2486,1,11
1582,1,11
4275,1,11
3273,1,11
284,1,11
460,1,11
818,1,11
4337,1,11
5369,1,11
1018,1,11
1014,1,11
764,1,11
2366,1,11
6032,1,11
2130,1,11
2836,1,11
1085,1,11
2119,1,11
7197,1,11
7728,1,11
190,13,12
2387,13,12
2358,13,12
7323,13,12
3800,13,12
1839,8,12
3762,8,12
5271,8,12
3066,8,12
5237,8,12
355,9,12
5688,3,12
7366,13,12
700,0,12
6311,0,12
6886,0,12
4133,0,12
2237,0,12
39,0,12
1563,0,12
328,0,12
1142,0,12
4648,0,12
677,0,12
2702,0,12
4428,0,12
841,0,12
6367,0,12
4212,0,12
3334,0,12
6533,0,12
3844,0,12
1736,0,12
7020,0,12
4219,0,12
683,0,12
2061,0,12
2942,0,12
7648,0,12
1524,0,12
5217,0,12
3715,0,12
2709,0,12
1566,0,12
5752,0,12
3471,0,12
7799,0,12
5647,0,12
5308,0,12
7045,0,12
7076,0,12
1935,0,12
581,0,12
1855,0,12
5279,0,12
6927,1,12
2006,1,12
3084,1,12
4816,0,12
3827,1,12
2550,1,12
3129,1,12
1458,1,12
7533,0,12
2941,0,12
7249,1,12
6166,1,12
7291,1,12
3526,1,12
3787,1,12
2952,1,12
5309,0,12
6683,0,12
5898,1,12
3551,1,12
2289,1,12
6072,1,12
2160,1,12
4778,1,12
3215,1,12
2407,1,12
6267,1,12
6748,1,12
169,1,12
31,1,12
3408,1,12
999,1,12
2875,0,12
1985,1,12
430,1,12
515,1,12
617,1,12
4537,1,12
1857,1,12
770,1,12
7572,1,12
5747,1,12
7151,0,12
1987,1,12
465,1,12
2778,1,12
6276,1,12
4074,1,12
7375,0,12
6297,0,12
2194,1,12
4324,1,12
2053,0,12
7556,1,12
6847,1,12
5242,1,12
5610,1,12
225,1,12
7159,1,12
6135,1,12
3865,1,12
4918,1,12
7127,1,12
4346,1,12
5938,1,12
3581,1,12
271,1,12
3440,1,12
7155,1,12
567,1,12
707,1,12
6095,0,13
4430,0,13
3077,0,13
7716,0,13
6904,1,13
2575,0,13
3366,0,13
6672,0,13
1048,0,13
4906,0,13
2318,0,13
3409,1,13
902,0,13
7213,0,13
5364,0,13
4365,0,13
3144,0,13
6383,1,13
6342,0,13
5724,0,13
3071,1,13
5250,1,13
6657,0,13
2482,0,13
904,0,13
970,0,13
1096,0,13
5400,1,13
6127,0,13
7749,0,13
1009,0,13
5464,0,13
525,0,13
607,0,13
4555,0,13
6669,1,13
4308,1,13
1065,0,13
6266,0,13
3781,0,13
992,0,13
3477,0,13
2029,0,13
4150,0,13
450,0,13
54,0,13
5116,0,13
3873,0,13
741,0,13
985,0,13
5226,0,13
4840,0,13
6633,0,13
7480,0,13
5589,0,13
6189,0,13
5894,0,13
6785,0,13
6728,0,13
981,0,13
2410,0,13
7830,0,13
368,0,13
2658,0,13
2397,0,13
2049,0,13
4314,0,13
5796,0,13
7429,1,13
1003,1,13
5738,1,13
453,1,13
1903,1,13
338,0,13
5120,1,13
765,1,13
3575,1,13
3104,1,13
3690,1,13
2978,1,13
1512,1,13
5323,1,13
1594,1,13
5570,1,13
834,1,13
6432,1,13
2585,1,13
3093,1,13
785,1,13
1041,1,13
1414,1,13
6088,1,13
2611,1,13
2921,1,13
3239,1,13
7179,1,13
6112,1,13
7214,1,13
1419,1,13
6438,1,13
3986,1,13
7827,1,13
2937,1,13
2533,1,13
3100,1,13
3508,1,13
773,1,13
4741,1,13
7169,1,13
2308,1,13
4987,1,13
3680,1,13
3570,1,13
4432,1,13
2538,1,13
5973,1,13
1406,1,13
1747,1,13
5221,1,13
4806,1,13
7847,1,13
3717,1,13
1749,1,13
721,1,13
2094,1,13
1600,4,14
5092,8,14
3318,8,14
1531,8,14
6852,8,14
1694,0,14
7012,0,14
2153,0,14
2087,0,14
5031,0,14
5746,0,14
4385,0,14
2339,0,14
7914,0,14
4549,0,14
1695,0,14
6326,0,14
6522,0,14
2651,0,14
4772,0,14
3944,0,14
3264,0,14
2219,0,14
3933,0,14
1784,0,14
5060,0,14
3089,0,14
5921,0,14
7808,0,14
2483,0,14
6828,0,14
4586,0,14
1515,0,14
5590,0,14
3412,0,14
5861,1,14
4118,0,14
3019,0,14
4922,0,14
58,0,14
4153,0,14
2426,0,14
4850,0,14
4274,0,14
4974,0,14
171,0,14
6429,1,14
7272,1,14
4412,1,14
2522,0,14
1977,0,14
4992,0,14
5695,0,14
155,0,14
2192,0,14
6492,0,14
1729,1,14
6304,0,14
5528,0,14
2804,0,14
4917,0,14
4361,0,14
7649,0,14
7776,1,14
5887,1,14
7075,1,14
7234,1,14
4877,1,14
4185,1,14
2203,1,14
783,1,14
997,1,14
4240,1,14
587,1,14
2470,1,14
6403,0,14
3725,1,14
870,1,14
173,1,14
6547,1,14
5876,1,14
1455,1,14
5705,1,14
5459,1,14
4728,1,14
2753,0,14
6368,0,14
4113,1,14
5288,1,14
6503,1,14
7335,0,14
2453,1,14
4843,1,14
2340,0,14
668,1,14
2155,0,14
520,1,14
2626,1,14
7624,1,14
895,1,14
272,1,14
6908,1,14
4342,1,14
573,1,14
6614,1,14
7535,1,14
4576,1,14
977,1,14
6120,0,14
6835,1,14
6131,1,14
6221,1,14
6689,1,14
5104,1,14
3359,0,14
7690,1,14
5682,0,15
2539,0,15
6277,0,15
1615,0,15
379,0,15
3637,0,15
1006,1,15
5297,0,15
5474,0,15
1397,0,15
7877,0,15
4167,0,15
6412,0,15
5601,0,15
4798,0,15
6505,1,15
3304,0,15
64,1,15
7414,0,15
2601,0,15
695,0,15
1581,0,15
7964,1,15
4644,0,15
6857,1,15
3517,0,15
7938,0,15
6631,0,15
4830,1,15
6040,1,15
3472,0,15
5860,0,15
1,0,15
7233,0,15
6153,0,15
5739,0,15
1539,1,15
2561,0,15
2032,0,15
3805,0,15
2310,0,15
5531,0,15
663,1,15
3110,0,15
207,1,15
5757,0,15
4394,0,15
4673,0,15
2851,1,15
3347,0,15
3595,0,15
5023,0,15
6603,0,15
5574,0,15
99,0,15
7220,0,15
3848,0,15
6050,1,15
3743,1,15
7377,1,15
6279,1,15
6104,1,15
6875,1,15
3926,1,15
6549,1,15
5422,1,15
1160,1,15
7523,1,15
1383,1,15
963,1,15
2450,1,15
1885,1,15
1503,1,15
5621,1,15
990,1,15
3404,1,15
7101,1,15
5596,0,15
1432,1,15
4973,1,15
6644,1,15
2059,1,15
1964,1,15
5489,1,15
7778,1,15
4260,0,15
703,1,15
3132,1,15
4140,1,15
1221,1,15
4640,1,15
4438,1,15
3531,1,15
7650,1,15
899,1,15
7536,1,15
2932,1,15
5191,1,15
2962,1,15
1404,1,15
1034,1,15
633,1,15
2721,1,15
534,0,15
862,1,15
3859,1,15
5402,1,15
3297,1,15
294,1,15
4168,1,15
250,1,15
3731,1,15
5680,1,15
7554,1,15
599,1,15
720,1,15
3478,1,15
3995,0,15
1293,1,15
4424,0,15
1832,1,15
6402,2,16
1197,13,16
7232,13,16
1309,5,16
2796,13,16
6567,13,16
7494,5,16
3698,5,16
4710,5,16
2274,0,16
3076,0,16
3220,0,16
5600,0,16
4679,0,16
6169,0,16
7973,0,16
2126,0,16
6768,0,16
5011,0,16
967,0,16
4174,0,16
2549,0,16
2993,0,16
2186,0,16
7266,0,16
30,0,16
6882,0,16
5175,0,16
5063,0,16
5372,0,16
224,0,16
3770,0,16
5842,0,16
4281,0,16
3682,0,16
5415,0,16
1427,0,16
2436,0,16
3597,0,16
6855,0,16
5763,0,16
3730,0,16
2876,0,16
1941,0,16
2599,0,16
5137,0,16
5412,0,16
4403,0,16
4093,0,16
6560,0,16
2929,0,16
7074,0,16
2690,0,16
4457,0,16
6064,0,16
4443,1,16
5814,1,16
3274,0,16
1127,0,16
3853,1,16
2957,1,16
1723,1,16
4883,0,16
5128,1,16
2781,1,16
2020,1,16
7043,1,16
2935,1,16
1074,1,16
2332,1,16
5212,1,16
152,1,16
3664,1,16
2688,1,16
7382,1,16
4694,1,16
2406,1,16
1923,1,16
3808,1,16
4144,1,16
209,1,16
1087,1,16
5421,1,16
7085,1,16
1354,1,16
2215,1,16
5044,1,16
4170,1,16
6582,1,16
6369,1,16
5785,1,16
1184,1,16
1019,1,16
6123,1,16
4276,1,16
2374,1,16
5033,1,16
2925,1,16
632,1,16
7867,1,16
4595,1,16
716,1,16
3033,1,16
7419,1,16
3745,1,16
3470,1,16
5168,1,16
831,1,16
4941,1,16
5662,1,16
3991,1,16
4863,1,16
2109,1,16
5693,1,16
7704,1,16
3016,1,16
7723,1,16
7934,1,17
3810,1,17
4179,1,17
6594,1,17
7022,2,17
2964,1,17
5545,1,17
4587,0,17
5885,0,17
1717,0,17
4227,0,17
2992,0,17
3773,0,17
7356,0,17
693,0,17
1088,0,17
3279,0,17
2173,0,17
1947,0,17
1176,0,17
4614,0,17
3566,0,17
4939,0,17
4666,0,17
7347,0,17
2983,0,17
3173,0,17
1876,1,17
2161,0,17
1897,0,17
4574,0,17
6813,1,17
7689,0,17
3894,0,17
6360,0,17
459,0,17
4936,0,17
3484,0,17
391,0,17
4685,1,17
7322,1,17
142,0,17
2996,0,17
2895,0,17
2235,0,17
6737,0,17
5411,0,17
5587,0,17
2943,0,17
3885,0,17
5677,0,17
744,0,17
493,0,17
2027,0,17
2995,0,17
7305,0,17
1751,0,17
4490,0,17
3956,0,17
2649,0,17
2411,0,17
7998,1,17
5919,0,17
3421,1,17
4708,1,17
7290,0,17
6392,1,17
6236,1,17
3010,1,17
1207,1,17
4748,1,17
1218,1,17
5,1,17
3756,1,17
4331,1,17
7619,1,17
4195,1,17
6755,1,17
7265,1,17
7396,0,17
4583,1,17
3602,1,17
7638,0,17
579,1,17
6651,1,17
4927,1,17
7983,0,17
4642,1,17
6786,1,17
4647,1,17
7550,1,17
7086,1,17
6544,1,17
5804,1,17
5852,1,17
7664,1,17
5605,1,17
7692,1,17
714,1,17
5469,1,17
3616,1,17
5487,1,17
6363,1,17
3801,1,17
6018,1,17
5437,1,17
1807,1,17
6222,1,17
1447,1,17
1377,1,17
5620,1,17
6510,1,17
5185,1,17
5831,1,17
434,1,17
7471,1,17
3763,1,17
5149,1,17
2416,1,17
22,1,17
2479,1,17
4818,1,17
4631,1,17
3656,7,18
1424,7,18
4047,13,18
1030,5,18
2409,7,18
6697,7,18
161,0,18
2911,0,18
5254,0,18
401,0,18
4848,0,18
2033,0,18
513,0,18
1209,0,18
7794,0,18
6498,0,18
4762,0,18
5314,0,18
3179,0,18
3895,0,18
6941,0,18
638,0,18
6918,0,18
1078,0,18
3258,0,18
7948,0,18
6719,0,18
1525,0,18
7195,0,18
377,0,18
1613,0,18
138,0,18
4629,0,18
7961,1,18
1601,0,18
4701,0,18
2031,0,18
699,1,18
244,0,18
6478,0,18
3040,0,18
1035,0,18
6637,0,18
3169,0,18
2346,0,18
7711,0,18
2026,0,18
4749,0,18
6646,0,18
3757,0,18
1883,0,18
3453,0,18
809,0,18
1204,1,18
2786,1,18
1663,1,18
4682,1,18
1978,1,18
2919,1,18
1381,1,18
2430,1,18
7966,1,18
7251,1,18
309,1,18
6063,1,18
195,1,18
980,1,18
2466,1,18
6137,1,18
6464,1,18
4234,1,18
6209,1,18
3243,1,18
4609,1,18
6659,1,18
6649,1,18
2297,1,18
1395,1,18
3515,1,18
3481,1,18
5405,1,18
260,1,18
6010,1,18
2304,1,18
2148,1,18
7818,1,18
4822,1,18
3632,1,18
325,1,18
908,1,18
7268,1,18
7734,1,18
6230,1,18
4633,1,18
7680,1,18
3769,1,18
6453,1,18
4398,1,18
7383,1,18
5089,1,18
978,1,18
4900,1,18
307,1,18
4599,0,18
1107,0,18
4071,8,19
1229,1,19
4752,7,19
381,0,19
3181,0,19
5769,0,19
292,0,19
3491,0,19
200,0,19
3650,0,19
2454,0,19
5846,0,19
2731,0,19
3645,0,19
5056,0,19
3951,0,19
5557,0,19
3108,0,19
5178,0,19
6573,0,19
7912,0,19
7361,0,19
4615,0,19
321,1,19
5758,0,19
1527,0,19
7000,0,19
584,0,19
4978,0,19
2767,0,19
490,0,19
5470,0,19
2382,0,19
7548,1,19
2754,0,19
5069,0,19
5526,0,19
868,1,19
1244,0,19
6840,0,19
3990,0,19
6895,0,19
2228,0,19
4109,0,19
5006,1,19
2546,1,19
6274,1,19
7497,1,19
6344,1,19
2692,1,19
5396,1,19
3530,1,19
7023,1,19
2954,1,19
7325,1,19
3841,1,19
5132,1,19
3960,1,19
4915,1,19
7095,1,19
5654,1,19
2113,1,19
4841,1,19
3191,1,19
5826,1,19
4568,1,19
3945,1,19
5604,1,19
4200,1,19
5118,1,19
6056,1,19
4180,1,19
2351,1,19
926,1,19
6443,1,19
4932,1,19
3342,1,19
516,1,19
1296,1,19
7873,1,19
3891,1,19
6951,1,19
1436,1,19
2739,1,19
6164,1,19
2373,1,19
4858,1,19
799,1,19
1341,1,19
7204,1,19
3677,1,19
1561,1,19
5520,1,19
6982,1,19
5958,1,19
7583,1,19
4023,1,19
7332,1,19
5888,1,19
7696,1,19
5243,1,19
2729,1,19
4208,1,19
4656,1,19
4525,1,19
6709,1,19
4989,1,19
1705,7,20
1902,11,20
3272,11,20
297,10,20
7661,2,20
2724,13,20
6519,1,20
2829,7,20
2933,11,20
1908,11,20
5153,11,20
6068,0,20
5512,0,20
7630,0,20
6850,0,20
5481,0,20
4702,0,20
4736,0,20
145,0,20
6433,0,20
4742,0,20
6552,0,20
4502,0,20
805,0,20
7726,0,20
4224,0,20
6467,0,20
7312,0,20
1060,0,20
3341,0,20
4622,0,20
6976,0,20
2381,0,20
5247,0,20
227,0,20
5775,0,20
5878,0,20
2893,0,20
4460,0,20
7357,0,20
3284,0,20
6751,0,20
129,0,20
3003,0,20
3105,0,20
4097,0,20
2742,0,20
2507,0,20
1349,0,20
1108,0,20
2618,0,20
287,0,20
3648,1,20
4794,0,20
6526,0,20
1134,0,20
5111,0,20
3622,1,20
3571,0,20
7248,0,20
6986,0,20
6532,0,20
7989,1,20
4112,1,20
3213,1,20
7170,1,20
2115,1,20
3811,1,20
1689,1,20
1219,1,20
2448,1,20
6981,1,20
761,1,20
1155,1,20
2817,1,20
1756,1,20
4485,1,20
1162,1,20
2676,1,20
6381,1,20
3118,1,20
3780,0,20
4329,1,20
2229,1,20
2684,1,20
5306,1,20
1022,0,20
1733,1,20
6480,1,20
6313,1,20
5395,1,20
3788,0,20
1486,1,20
6343,1,20
4083,1,20
4315,1,20
6436,1,20
6877,1,20
7833,1,20
6242,1,20
3467,1,20
3836,1,20
4551,1,20
1965,1,20
5756,1,20
2679,1,20
2535,1,20
6926,1,20
4554,1,20
7918,1,20
3740,1,20
3474,1,20
7163,1,20
6087,1,20
835,1,20
2629,1,20
3665,1,20
5505,1,20
3915,1,20
7943,1,20
7568,1,20
7767,1,20
5949,1,20
4632,1,20
1343,1,20
1350,1,20
1726,1,20
5603,1,20
6425,1,20
7089,1,20
4458,1,20
102,7,21
3957,11,21
4040,0,21
5015,0,21
7219,0,21
489,0,21
1375,0,21
5941,0,21
3681,0,21
1243,0,21
1291,0,21
4705,0,21
634,0,21
1216,0,21
7996,0,21
7803,0,21
1969,0,21
5549,0,21
6956,0,21
608,0,21
6936,0,21
731,0,21
3263,0,21
2190,0,21
3683,0,21
6465,0,21
6426,0,21
1510,0,21
5702,0,21
605,0,21
2660,0,21
2617,0,21
3289,0,21
4913,0,21
6147,0,21
6497,0,21
1875,0,21
2733,0,21
133,0,21
5443,0,21
1489,0,21
7995,0,21
4763,0,21
4029,0,21
7602,0,21
1122,0,21
7695,0,21
4201,0,21
7318,0,21
7791,0,21
3528,0,21
3503,1,21
5983,1,21
7709,0,21
636,1,21
7230,1,21
1059,1,21
2498,1,21
2368,1,21
529,1,21
4826,0,21
3150,1,21
7682,1,21
6484,1,21
4980,1,21
4487,1,21
793,1,21
7257,1,21
3969,1,21
7565,1,21
2595,1,21
5525,1,21
4217,1,21
2793,1,21
1757,1,21
1047,1,21
6281,1,21
4613,1,21
2202,0,21
5843,1,21
1024,1,21
6942,1,21
7239,0,21
3654,1,21
210,1,21
3199,1,21
1579,1,21
5910,1,21
6067,1,21
812,1,21
7684,0,21
2386,1,21
6590,1,21
6491,1,21
7374,0,21
2873,0,21
6113,1,21
2977,1,21
5313,1,21
3746,1,21
4307,1,21
4282,1,21
1373,1,21
4035,1,21
4808,1,21
524,1,21
5740,1,21
5330,0,22
2622,0,22
164,0,22
4188,0,22
593,0,22
3178,0,22
3674,0,22
1547,0,22
5837,0,22
4536,0,22
4173,0,22
3708,0,22
964,0,22
791,0,22
6907,0,22
2517,0,22
3171,0,22
2185,0,22
4238,0,22
5873,0,22
7515,0,22
486,0,22
7222,0,22
7336,0,22
5761,0,22
2008,0,22
6190,0,22
2275,0,22
5544,0,22
7079,0,22
2495,0,22
4068,0,22
5952,0,22
1153,0,22
4015,0,22
7389,0,22
5817,0,22
469,0,22
3103,0,22
7469,0,22
5550,1,22
1411,0,22
3617,0,22
4712,0,22
7685,0,22
7038,0,22
7298,0,22
5514,0,22
622,0,22
2905,0,22
337,0,22
3628,0,22
6890,0,22
5712,0,22
5730,0,22
2758,0,22
2142,0,22
143,1,22
3238,1,22
1326,1,22
7604,1,22
5261,1,22
5798,1,22
6591,1,22
4102,1,22
1073,1,22
7487,1,22
6537,1,22
5438,1,22
2052,1,22
5370,1,22
3063,1,22
7988,1,22
4664,1,22
1513,1,22
3157,1,22
975,1,22
7581,1,22
824,1,22
3223,1,22
352,1,22
3920,1,22
4370,1,22
2852,1,22
7869,1,22
5980,1,22
6595,1,22
2255,1,22
2431,1,22
408,1,22
6079,1,22
274,1,22
2635,1,22
2928,1,22
722,1,22
2860,1,22
5079,1,22
5231,1,22
1959,1,22
923,1,22
873,1,22
6328,1,22
735,1,22
2859,1,22
7150,1,22
4567,1,22
3260,1,22
1015,1,22
6454,1,22
1457,1,22
1416,1,22
1064,1,22
329,1,22
780,1,22
4534,1,22
5863,1,22
6201,1,22
5828,1,22
6154,1,22
5284,1,22
4564,1,22
7498,1,22
2471,1,22
4161,1,22
3906,1,22
1289,1,22
499,10,23
3031,1,23
1358,0,23
3107,0,23
5434,0,23
3623,0,23
533,0,23
5998,0,23
6833,0,23
497,0,23
7597,0,23
4790,0,23
189,0,23
1714,0,23
7042,1,23
3391,0,23
6029,0,23
3207,0,23
7854,0,23
7927,0,23
1109,0,23
2811,0,23
3044,0,23
7504,0,23
711,0,23
1292,0,23
1002,0,23
3222,0,23
4050,0,23
5466,0,23
5287,1,23
3620,0,23
1308,0,23
2324,0,23
3985,0,23
5320,0,23
424,0,23
7660,0,23
6269,1,23
794,0,23
553,0,23
7072,1,23
3398,0,23
6600,0,23
2476,0,23
2412,0,23
956,0,23
3102,0,23
2489,0,23
7317,0,23
4138,0,23
4771,1,23
3427,1,23
4535,0,23
3937,0,23
4245,0,23
2211,0,23
5523,0,23
7924,0,23
7575,0,23
7722,0,23
7215,1,23
1642,1,23
4335,1,23
7511,1,23
2797,1,23
5811,1,23
2547,1,23
1446,1,23
4722,1,23
7768,1,23
7908,1,23
367,1,23
5125,1,23
3451,1,23
1195,1,23
7439,1,23
4010,1,23
6118,1,23
7176,1,23
4136,1,23
1691,1,23
1364,1,23
4297,1,23
7071,1,23
6944,1,23
715,1,23
2501,1,23
1110,1,23
1451,1,23
7434,1,23
1104,1,23
3796,1,23
4258,1,23
2888,1,23
6450,1,23
6373,1,23
6227,1,23
5081,1,23
5158,1,23
6085,1,23
7952,1,23
5398,1,23
4856,1,23
7958,1,23
5810,1,23
4691,1,23
14,8,24
6030,8,24
3426,8,24
5701,8,24
5985,8,24
6798,0,24
4837,0,24
7564,0,24
6196,0,24
4515,0,24
185,0,24
1587,0,24
5833,0,24
2337,0,24
2294,0,24
6809,0,24
5982,0,24
1819,0,24
4548,0,24
1357,0,24
5114,0,24
5840,0,24
7243,0,24
92,0,24
4821,0,24
3965,0,24
6354,0,24
4714,0,24
251,0,24
4094,0,24
5304,0,24
4287,0,24
6499,0,24
4496,0,24
5892,0,24
3475,0,24
7329,0,24
7385,0,24
3134,0,24
3153,0,24
3629,0,24
2744,0,24
7431,0,24
1772,0,24
5494,0,24
5497,0,24
4832,0,24
3257,0,24
2425,0,24
1955,0,24
3804,0,24
528,0,24
4459,0,24
6984,0,24
6200,0,24
5083,0,24
6803,0,24
4610,0,24
3316,0,24
7590,0,24
1001,0,24
5666,0,24
437,0,24
7481,0,24
1254,0,24
1544,0,24
4696,0,24
36,0,24
3281,0,24
4218,0,24
4880,0,24
4562,0,24
5388,0,24
2478,0,24
7103,0,24
6920,0,24
1735,0,24
3034,0,24
6262,0,24
6589,1,24
1374,1,24
71,0,24
3430,1,24
3913,1,24
1526,1,24
4371,0,24
6784,1,24
2484,1,24
5347,1,24
7863,1,24
6546,1,24
4434,1,24
5562,1,24
712,1,24
2488,1,24
2465,1,24
6353,1,24
6362,1,24
4512,1,24
6680,1,24
3518,1,24
3078,1,24
2571,1,24
2849,1,24
621,1,24
5090,1,24
3339,1,24
5426,1,24
1834,1,24
1826,1,24
3017,1,24
3884,1,24
3292,1,24
660,1,24
7985,1,24
484,1,24
2200,1,24
1649,1,24
6261,1,24
3160,1,24
5745,1,24
4738,1,24
4122,1,24
1912,1,24
5189,1,24
1949,1,24
1493,1,24
5943,1,24
532,1,24
3976,1,24
5948,1,24
7167,0,24
6149,1,24
1394,1,24
578,0,24
7180,1,24
3523,1,24
5653,1,24
3603,1,24
6334,11,25
7388,11,25
4519,12,25
5788,12,25
7364,7,25
3552,13,25
3327,12,25
2663,11,25
7578,0,25
3111,0,25
852,0,25
5728,0,25
4907,0,25
4124,0,25
2043,0,25
5048,0,25
5713,0,25
1359,0,25
1071,0,25
1590,0,25
5591,0,25
4968,0,25
3311,0,25
4241,0,25
1046,0,25
7120,0,25
5959,0,25
6252,0,25
753,0,25
1676,0,25
7253,0,25
1056,0,25
7051,0,25
6551,0,25
2741,0,25
2475,0,25
4897,0,25
3896,0,25
7401,0,25
3543,0,25
263,0,25
4663,0,25
6665,0,25
5844,0,25
6399,0,25
1960,0,25
2795,0,25
6379,0,25
1991,0,25
2335,0,25
7658,1,25
412,1,25
3723,1,25
5644,0,25
2620,1,25
220,1,25
6776,1,25
772,1,25
6078,1,25
3356,1,25
6517,1,25
5017,1,25
5893,1,25
3373,1,25
5656,1,25
1936,1,25
3355,1,25
1205,1,25
2246,1,25
5229,1,25
7024,1,25
212,1,25
6830,1,25
7114,1,25
1487,1,25
7294,1,25
3588,1,25
991,1,25
2934,1,25
2520,1,25
5406,1,25
4726,1,25
5580,0,25
343,1,25
6489,1,25
3774,1,25
4012,1,25
2188,1,25
2432,1,25
749,0,25
2672,1,25
5845,1,25
6570,1,25
561,1,25
4910,1,25
2633,1,25
5896,1,25
6645,1,25
2193,1,25
3830,1,25
410,1,25
6954,1,25
3624,1,25
2034,1,25
5407,1,25
1528,8,26
3418,10,26
6192,10,26
5278,0,26
1400,0,26
554,0,26
936,0,26
4479,0,26
3799,0,26
762,0,26
7503,0,26
4446,0,26
535,0,26
4520,0,26
2267,0,26
1630,0,26
7032,0,26
4994,0,26
4298,0,26
2950,0,26
7027,0,26
1311,0,26
5027,0,26
3288,0,26
1712,0,26
3024,0,26
5809,0,26
3407,0,26
3230,0,26
655,0,26
7937,0,26
5597,0,26
2610,0,26
3533,0,26
539,0,26
3328,0,26
1910,0,26
2545,0,26
2079,0,26
4095,0,26
2468,0,26
7229,0,26
2221,0,26
3732,0,26
6516,0,26
2648,0,26
4158,0,26
684,0,26
3335,0,26
3325,0,26
4824,0,26
2745,0,26
5954,0,26
5144,0,26
40,0,26
2205,0,26
6961,0,26
3492,1,26
2988,1,26
359,1,26
4382,1,26
5236,1,26
3175,1,26
5776,1,26
1893,1,26
585,1,26
1641,1,26
5694,1,26
32,1,26
6310,1,26
4878,1,26
1025,0,26
930,1,26
6507,1,26
7187,0,26
382,1,26
5053,1,26
3975,1,26
7571,1,26
3001,0,26
7073,1,26
1227,1,26
7702,1,26
4734,1,26
3242,1,26
3065,1,26
4521,1,26
2969,1,26
3821,1,26
6180,1,26
7288,1,26
4203,1,26
6576,1,26
2883,1,26
6627,1,26
2218,1,26
2831,1,26
7992,1,26
345,1,26
5651,1,26
6378,1,26
4909,1,26
957,1,26
1061,1,26
7976,1,26
7793,1,26
1481,1,26
5428,1,26
315,1,26
603,1,26
1668,5,27
3337,4,27
1248,4,27
631,12,27
5106,13,27
1178,11,27
2736,4,27
6502,5,27
112,0,27
4869,0,27
7714,0,27
2349,0,27
6559,0,27
3308,0,27
2490,0,27
4711,0,27
6239,0,27
696,0,27
7461,0,27
7892,0,27
3709,0,27
2604,0,27
3899,0,27
4581,0,27
4594,0,27
3640,0,27
1453,0,27
2808,0,27
6167,0,27
1049,0,27
1380,0,27
446,0,27
4254,0,27
6607,0,27
7185,0,27
1082,1,27
4645,0,27
932,0,27
1479,0,27
2865,0,27
3014,0,27
2794,0,27
1368,1,27
1392,0,27
1700,0,27
7522,0,27
1554,0,27
5808,0,27
2582,1,27
2643,0,27
5408,0,27
2866,0,27
3221,0,27
7706,0,27
6014,0,27
952,0,27
5177,0,27
5488,0,27
1138,0,27
5432,0,27
5423,0,27
3022,1,27
1708,1,27
7486,1,27
5614,1,27
5866,1,27
1391,1,27
6712,1,27
5622,1,27
2940,1,27
5928,1,27
1631,1,27
1657,1,27
6037,1,27
6501,1,27
7636,1,27
6089,1,27
6001,1,27
5901,1,27
4048,1,27
6688,1,27
3256,1,27
5902,1,27
1541,1,27
5429,1,27
1464,1,27
4944,1,27
3376,1,27
53,1,27
7424,1,27
6312,1,27
392,1,27
1263,1,27
1290,1,27
1636,1,27
940,1,27
4507,1,27
2680,1,27
2417,1,27
5336,1,27
7281,1,27
7036,1,27
2587,1,27
7310,1,27
6016,1,27
2150,1,27
1396,1,27
4905,1,27
2961,1,27
2330,1,27
2393,1,27
5753,11,28
4592,3,28
3846,4,28
175,10,28
1137,10,28
6796,0,28
1158,0,28
5187,0,28
1269,0,28
1287,0,28
5635,0,28
311,0,28
3350,0,28
1202,0,28
2586,0,28
2654,0,28
69,0,28
6069,0,28
4523,0,28
6233,0,28
7824,0,28
1907,0,28
1778,0,28
2384,0,28
1413,0,28
4573,0,28
2249,0,28
6296,0,28
4411,0,28
3287,0,28
4051,0,28
3358,0,28
5281,0,28
1632,0,28
2609,0,28
4392,0,28
5066,0,28
2614,0,28
649,0,28
2133,0,28
4268,0,28
3979,0,28
5558,0,28
889,0,28
2023,0,28
416,0,28
1393,1,28
5643,0,28
6186,0,28
3549,0,28
3023,0,28
7698,0,28
4007,0,28
5548,0,28
673,1,28
4667,0,28
7802,0,28
2472,0,28
5162,1,28
4064,1,28
1007,1,28
3864,1,28
1533,1,28
5251,1,28
6405,1,28
7746,1,28
7567,1,28
2763,1,28
5042,1,28
2871,1,28
2577,1,28
5689,1,28
6272,1,28
6565,1,28
4608,1,28
4966,1,28
642,1,28
5316,1,28
3130,1,28
7771,1,28
7157,1,28
7821,1,28
4494,1,28
5710,1,28
2636,1,28
4603,1,28
1728,1,28
3115,1,28
2136,1,28
5927,1,28
694,1,28
2726,1,28
5572,1,28
504,1,28
2184,1,28
4831,1,28
231,1,28
658,1,28
5123,1,28
6743,1,28
5906,1,28
4003,1,28
7392,1,28
916,1,28
6152,1,28
5196,1,28
6959,1,28
592,1,28
5024,1,28
1532,1,28
4882,1,28
3862,1,28
3883,1,28
7730,1,28
1340,1,28
487,1,28
6060,1,28
2509,1,28
973,1,28
6033,1,28
2555,1,28
1560,1,28
7542,1,28
5515,4,29
2134,4,29
4073,4,29
3109,0,29
5613,0,29
6601,0,29
6974,0,29
1627,1,29
6957,0,29
405,0,29
5934,0,29
4661,0,29
2083,0,29
1314,0,29
2280,0,29
5014,0,29
3779,0,29
682,0,29
7940,0,29
7244,0,29
3165,0,29
6571,0,29
1548,0,29
4103,0,29
6401,0,29
872,0,29
4384,0,29
656,0,29
5891,0,29
909,0,29
6996,0,29
3972,0,29
1031,0,29
7539,0,29
5382,0,29
7040,0,29
2664,0,29
4842,0,29
4059,0,29
507,0,29
3854,0,29
7517,0,29
7994,0,29
3434,0,29
4319,0,29
3085,0,29
1779,0,29
4330,0,29
4754,0,29
4114,0,29
2590,0,29
4930,0,29
4693,0,29
616,0,29
4793,0,29
363,0,29
1664,1,29
7236,1,29
3917,1,29
1634,1,29
3332,1,29
303,1,29
2433,1,29
3499,1,29
5976,1,29
982,1,29
2270,1,29
2263,1,29
7206,1,29
1208,0,29
6451,1,29
2657,1,29
479,1,29
2474,1,29
2024,1,29
1264,1,29
3185,1,29
7905,1,29
3668,1,29
4495,1,29
6393,1,29
2284,0,29
1812,0,29
3847,1,29
4511,1,29
6110,1,29
2584,1,29
420,0,29
7048,1,29
2700,1,29
2861,1,29
3548,1,29
4950,1,29
6698,1,29
4415,1,29
4243,1,29
2923,1,29
2504,1,29
5755,1,29
2296,1,29
6622,1,29
4904,1,29
3501,1,29
4433,1,29
2774,1,29
7852,1,29
6764,1,29
3450,1,29
3072,1,29
5819,0,29
1824,1,29
4912,1,29
5886,1,29
1496,1,29
6314,1,29
2377,1,29
482,1,29
6178,1,29
3276,1,29
1573,1,29
880,1,29
3931,11,30
6434,11,30
6224,2,30
4233,9,30
2907,10,30
406,5,30
2544,11,30
7896,11,30
2258,11,30
4732,0,30
1888,0,30
5039,0,30
6844,0,30
1599,0,30
1206,0,30
5100,0,30
3464,0,30
7880,0,30
5009,0,30
6144,0,30
742,0,30
6605,0,30
4482,0,30
2196,0,30
77,0,30
1938,0,30
1720,0,30
6727,0,30
7984,0,30
4566,0,30
4322,0,30
1303,0,30
2975,0,30
5679,0,30
380,0,30
2404,0,30
7059,0,30
7462,0,30
1102,0,30
4514,0,30
7591,0,30
4165,0,30
1353,0,30
7058,0,30
4745,0,30
4373,0,30
3699,0,30
3496,0,30
1070,0,30
3905,0,30
5703,0,30
3099,0,30
4911,0,30
82,0,30
1164,0,30
4115,0,30
387,0,30
1972,0,30
3324,1,30
5346,1,30
670,1,30
7491,1,30
6288,1,30
5750,1,30
548,1,30
2717,1,30
4577,1,30
1492,1,30
3452,1,30
3710,1,30
7509,1,30
6924,1,30
3314,1,30
198,1,30
1410,1,30
7893,1,30
600,1,30
5012,1,30
7557,1,30
6894,1,30
3015,1,30
5121,0,30
6811,1,30
1843,1,30
1999,1,30
1519,1,30
4845,1,30
817,1,30
6035,1,30
2916,1,30
5248,1,30
6182,1,30
2069,1,30
6781,0,30
2634,1,30
6176,1,30
7484,1,30
1711,1,30
7828,0,30
2343,1,30
3527,1,30
2220,1,30
7475,1,30
5506,1,30
3953,1,30
6906,0,30
7697,1,30
5200,1,30
7112,1,30
2822,2,31
500,0,31
1650,0,31
4605,0,31
4256,0,31
1067,0,31
4295,0,31
6962,0,31
3036,0,31
1894,0,31
7035,0,31
5301,0,31
4,0,31
3377,0,31
7263,0,31
188,0,31
1805,0,31
4857,0,31
163,0,31
3942,0,31
4719,0,31
2204,0,31
606,0,31
5245,0,31
3232,0,31
6382,0,31
954,0,31
214,0,31
4538,0,31
7445,0,31
2560,0,31
3112,0,31
6495,1,31
1145,0,31
3176,0,31
611,0,31
6610,0,31
7380,0,31
1943,0,31
4955,0,31
4401,0,31
7287,0,31
4247,0,31
6041,0,31
4332,0,31
3642,0,31
6687,0,31
2209,0,31
1123,0,31
7,0,31
2231,0,31
349,1,31
4764,1,31
3296,1,31
1501,1,31
2502,1,31
5026,1,31
1376,1,31
1068,1,31
6107,1,31
7111,1,31
3712,1,31
874,1,31
1154,1,31
6043,1,31
3000,1,31
619,1,31
2114,1,31
4891,1,31
1360,1,31
7516,1,31
2752,1,31
3752,1,31
3120,1,31
6142,1,31
2525,1,31
1286,1,31
5186,1,31
6156,1,31
3006,1,31
7138,1,31
4563,1,31
7562,1,31
5453,1,31
955,1,31
7246,1,31
4088,1,31
6370,1,31
1230,1,31
7205,1,31
6763,1,31
7561,1,31
1670,1,31
1332,1,31
4228,1,31
5568,1,31
3797,1,31
3374,1,31
4202,1,31
3122,1,31
4090,1,31
7520,1,31
7967,1,31
3205,1,31
5582,1,31
1796,1,31
6782,1,31
917,1,31
1655,1,31
6593,1,31
2706,1,31
1247,1,31
5446,1,31
861,1,31
4225,1,31
3403,1,31
4166,11,32
3835,1,32
6086,1,32
5274,4,32
5253,10,32
1511,11,32
881,1,32
5458,3,32
167,3,32
3494,0,32
3424,0,32
2529,0,32
452,0,32
563,0,32
3837,0,32
5311,0,32
447,0,32
724,0,32
942,0,32
3877,0,32
1086,0,32
1434,0,32
1948,0,32
6731,0,32
3907,0,32
2572,0,32
7105,0,32
7444,0,32
2001,0,32
4761,0,32
1742,0,32
860,0,32
1681,0,32
7274,0,32
5946,0,32
3759,0,32
2102,0,32
277,0,32
6356,0,32
7703,0,32
7193,0,32
5989,0,32
4799,0,32
4662,0,32
1337,0,32
4470,0,32
4983,0,32
4080,0,32
2670,0,32
7901,0,32
7720,0,32
797,0,32
5040,0,32
2785,0,32
1869,0,32
1827,0,32
1768,0,32
2985,0,32
7353,0,32
7254,1,32
3,0,32
6542,0,32
3196,0,32
4713,1,32
3075,0,32
3045,0,32
3259,1,32
1619,1,32
3079,1,32
2930,1,32
206,1,32
6330,1,32
7129,1,32
4358,1,32
3056,1,32
5451,1,32
7576,1,32
3013,1,32
7189,1,32
2398,1,32
5950,1,32
7707,1,32
1696,1,32
1213,1,32
4213,1,32
1220,1,32
5051,1,32
6791,1,32
5195,1,32
6686,1,32
5554,1,32
639,1,32
1799,1,32
2966,1,32
7519,1,32
6366,1,32
1130,1,32
1620,1,32
865,1,32
3524,1,32
2485,1,32
5375,1,32
5142,1,32
6515,1,32
6912,1,32
989,1,32
2414,1,32
6878,1,32
2725,1,32
3233,1,32
6928,1,32
1365,1,32
1281,1,32
229,1,32
5493,1,32
4181,1,32
5777,1,32
576,1,32
7407,1,32
7527,1,32
2810,1,32
7903,1,32
5492,1,32
295,1,32
7299,1,32
4680,1,32
2579,1,32
4311,1,32
5267,1,32
3070,1,32
7013,1,32
1677,1,32
596,1,32
7452,1,32
4668,1,32
757,1,32
3592,1,32
4244,3,33
5064,1,33
882,0,33
7849,0,33
1277,0,33
1331,1,33
756,0,33
1546,0,33
2581,0,33
268,1,33
5916,0,33
1951,0,33
6097,1,33
3455,0,33
6648,0,33
3687,0,33
5937,0,33
2341,0,33
1795,0,33
767,0,33
5944,0,33
5955,0,33
1348,0,33
1467,0,33
5156,0,33
3461,0,33
495,1,33
6682,0,33
7245,0,33
1132,0,33
1100,0,33
335,0,33
5634,0,33
1500,0,33
2104,0,33
3720,0,33
1422,0,33
1861,0,33
3180,0,33
5541,0,33
7379,0,33
3585,0,33
7149,0,33
7657,0,33
2214,0,33
7886,0,33
5825,0,33
7836,0,33
5517,0,33
4526,0,33
829,0,33
5754,0,33
3938,0,33
136,0,33
6650,0,33
6883,0,33
689,0,33
7928,0,33
3845,0,33
2106,1,33
3283,1,33
2603,1,33
6893,1,33
6787,1,33
1421,1,33
4717,1,33
6867,1,33
7909,1,33
795,1,33
62,1,33
3210,1,33
1892,1,33
7061,1,33
6966,1,33
7443,1,33
2418,1,33
5317,1,33
463,1,33
2357,1,33
3030,1,33
1754,1,33
4277,1,33
4263,1,33
5073,1,33
2548,1,33
2777,1,33
832,1,33
147,1,33
4937,1,33
913,1,33
4506,1,33
360,1,33
4372,1,33
2749,1,33
2696,1,33
1685,1,33
5904,1,33
5801,1,33
2068,1,33
5241,1,33
1335,1,33
202,1,33
1423,1,33
565,1,33
4006,1,33
6111,1,33
4229,1,33
6358,1,33
3002,1,33
7410,1,33
4657,1,33
6005,1,33
7304,1,33
5169,1,33
6339,1,33
7493,1,33
5823,1,33
6500,1,33
1734,1,33
5942,1,33
2298,1,33
750,0,33
2045,1,33
3020,1,33
5787,2,34
6575,2,34
6108,13,34
3916,4,34
844,3,34
3638,0,34
1891,5,34
7128,1,34
3251,2,34
6257,13,34
370,0,34
4997,0,34
2532,0,34
7970,0,34
3051,0,34
389,0,34
2011,0,34
2259,0,34
4355,0,34
5059,0,34
433,0,34
6022,0,34
33,0,34
946,0,34
3009,0,34
1927,0,34
5565,0,34
6752,0,34
2208,0,34
644,0,34
6327,0,34
275,0,34
5856,0,34
4758,0,34
119,0,34
3459,0,34
3908,0,34
5021,0,34
442,0,34
1389,0,34
6291,0,34
2402,0,34
1302,0,34
2434,0,34
4099,0,34
6742,0,34
4646,0,34
1918,0,34
1210,0,34
1409,0,34
3182,0,34
78,0,34
7422,0,34
5803,0,34
6958,0,34
6346,0,34
3021,0,34
1445,0,34
3323,0,34
467,0,34
1008,0,34
1692,0,34
2505,0,34
7264,0,34
6139,0,34
1931,0,34
5999,0,34
1572,1,34
2564,1,34
4326,0,34
5272,1,34
4391,1,34
4770,1,34
103,1,34
7145,1,34
3636,1,34
3599,0,34
888,1,34
254,1,34
1186,1,34
4700,1,34
7201,1,34
3775,1,34
1588,1,34
7868,1,34
6979,1,34
3922,1,34
7359,1,34
3671,1,34
7620,1,34
2013,1,34
6950,1,34
16,1,34
364,1,34
1483,1,34
7454,1,34
7743,1,34
3962,1,34
5233,1,34
333,1,34
6699,1,34
10,1,34
3959,1,34
46,1,34
3137,1,34
998,1,34
7330,1,34
2012,1,34
4013,1,34
6407,1,34
1426,1,34
4186,1,34
1044,1,34
3372,1,34
4278,10,35
3280,4,35
2164,12,35
6181,0,35
1521,0,35
5994,0,35
2713,0,35
3004,0,35
3145,0,35
2002,0,35
1010,0,35
407,0,35
4643,0,35
659,0,35
7210,0,35
5553,0,35
6316,0,35
4746,0,35
2997,0,35
1037,0,35
7319,0,35
7944,0,35
1811,0,35
5326,0,35
6161,0,35
1166,0,35
7202,0,35
4317,0,35
911,0,35
3792,0,35
6695,0,35
1072,0,35
4481,0,35
4921,0,35
5197,0,35
5793,0,35
1879,0,35
3688,0,35
588,0,35
2668,0,35
3268,0,35
1990,0,35
6702,0,35
7492,0,35
3164,0,35
7787,0,35
2457,0,35
3172,0,35
5870,0,35
502,0,35
4462,0,35
562,0,35
3253,0,35
2839,0,35
95,0,35
1185,0,35
5325,0,35
7247,0,35
3955,0,35
6168,0,35
5617,0,35
1994,0,35
1253,0,35
1271,0,35
81,0,35
7991,0,35
5148,1,35
3322,1,35
276,1,35
1739,1,35
1143,1,35
2364,1,35
1370,1,35
3971,1,35
5302,1,35
6214,1,35
4602,1,35
141,1,35
7737,1,35
13,1,35
6524,1,35
2261,0,35
3035,1,35
4318,1,35
661,1,35
1975,0,35
97,1,35
876,1,35
6816,1,35
1129,1,35
4725,1,35
3534,0,35
65,1,35
5146,1,35
560,1,35
153,1,35
4344,1,35
5552,1,35
7117,1,35
2824,1,35
213,1,35
1637,1,35
6458,1,35
221,1,35
3734,1,35
5152,1,35
894,1,35
4750,1,35
2321,1,35
2243,1,35
378,1,35
5483,1,35
6475,1,35
3161,1,35
6762,1,35
6225,1,35
262,1,35
6756,1,35
2591,1,35
1026,11,36
2481,2,36
5799,13,36
6133,11,36
1810,0,36
7207,0,36
3964,0,36
7496,0,36
1408,0,36
3305,0,36
4960,0,36
4903,0,36
7300,0,36
6226,0,36
1507,0,36
4356,0,36
5019,0,36
7047,0,36
6946,0,36
3707,0,36
5335,0,36
2171,0,36
1069,0,36
5935,0,36
3237,0,36
3147,0,36
4141,0,36
1449,0,36
5691,0,36
5522,0,36
7080,0,36
6825,0,36
840,0,36
650,0,36
2698,0,36
5020,0,36
3415,0,36
5171,0,36
6705,0,36
1624,0,36
7261,0,36
2288,0,36
7211,0,36
7026,0,36
746,0,36
6460,0,36
5480,0,36
6636,1,36
7212,0,36
1638,0,36
4782,0,36
1463,0,36
2078,0,36
4259,1,36
222,1,36
3806,1,36
5441,1,36
4833,1,36
595,1,36
7666,1,36
6243,1,36
3247,1,36
7906,1,36
2156,1,36
1719,1,36
3088,1,36
6726,1,36
6661,1,36
2379,1,36
3511,1,36
5657,1,36
1773,1,36
3778,1,36
2719,1,36
2224,1,36
4920,1,36
7451,1,36
2305,1,36
6832,1,36
6094,1,36
641,1,36
7400,1,36
369,1,36
5135,1,36
4651,1,36
5161,1,36
4092,1,36
5032,1,36
6964,1,36
4149,1,36
1231,1,36
2887,1,36
3672,1,36
2878,1,36
1916,1,36
6290,1,36
6375,1,36
2451,1,36
3768,1,36
2458,1,36
5661,1,36
4914,1,36
612,1,36
2037,1,36
7370,1,36
3080,1,36
4780,1,36
3275,1,36
266,1,36
6245,1,36
1135,10,37
4022,2,37
5915,0,37
7925,0,37
285,0,37
6101,0,37
3697,0,37
4807,0,37
3270,0,37
647,0,37
1884,0,37
2499,0,37
2163,0,37
6885,0,37
6823,0,37
2050,0,37
415,0,37
6599,0,37
4334,0,37
2568,0,37
5126,0,37
3124,1,37
7844,0,37
2807,0,37
6476,0,37
7041,0,37
897,0,37
2187,0,37
6270,0,37
6597,1,37
6520,1,37
2847,0,37
6039,0,37
680,0,37
5086,0,37
7258,0,37
2737,0,37
5963,0,37
3812,0,37
4242,0,37
2837,1,37
4477,0,37
6364,0,37
7601,0,37
5368,0,37
1151,1,37
6972,1,37
7191,1,37
1150,1,37
657,1,37
7328,1,37
5696,1,37
6271,1,37
5172,1,37
1399,1,37
5038,1,37
6472,1,37
7897,1,37
671,1,37
736,1,37
4958,1,37
3927,1,37
4001,1,37
115,1,37
324,1,37
2874,1,37
3966,1,37
6145,1,37
4617,1,37
1844,1,37
662,1,37
5005,1,37
2395,1,37
101,1,37
6483,1,37
2503,1,37
4972,1,37
701,1,37
7412,1,37
7107,1,37
4339,1,37
3067,1,37
1828,1,37
2906,1,37
5714,1,37
5877,1,37
1232,1,37
5276,1,37
6066,1,37
2647,1,37
6901,1,37
4557,1,37
4855,1,37
5119,1,37
900,1,37
5065,1,37
5626,1,37
1330,1,37
6694,1,37
4417,1,37
7882,1,37
5674,1,37
1842,1,37
690,1,38
6059,2,38
1659,3,38
2909,3,38
929,3,38
6788,0,38
1237,0,38
7975,0,38
5214,0,38
2531,0,38
1279,0,38
2105,0,38
2121,0,38
3817,1,38
7109,0,38
7831,0,38
6021,0,38
1896,0,38
3131,0,38
6461,0,38
6092,0,38
6289,0,38
2429,0,38
4621,0,38
3875,0,38
771,0,38
745,0,38
5913,0,38
5404,0,38
1760,0,38
4270,0,38
4300,0,38
5061,0,38
5093,0,38
1476,0,38
6046,0,38
2118,0,38
5791,0,38
6945,0,38
2917,0,38
76,0,38
2232,0,38
4044,0,38
7321,0,38
1535,0,38
4435,0,38
6184,0,38
6990,0,38
267,1,38
6301,1,38
1989,1,38
4894,1,38
2342,1,38
2642,1,38
4453,1,38
1300,1,38
4995,1,38
5352,1,38
3202,1,38
4285,1,38
1988,1,38
5792,1,38
4190,1,38
2039,1,38
1225,1,38
3946,1,38
1745,1,38
7745,1,38
2715,1,38
5960,1,38
1806,1,38
435,1,38
4971,1,38
2004,1,38
2152,1,38
6397,1,38
7384,1,38
6553,1,38
837,1,38
5354,1,38
7390,1,38
2058,1,38
4306,1,38
1516,1,38
1494,1,38
6157,1,38
1196,1,38
2845,1,38
823,1,38
6419,1,38
1821,1,38
4498,1,38
3685,1,38
2784,1,38
7651,1,38
6529,1,38
4192,1,38
2991,1,38
7921,1,38
4389,1,38
1608,1,38
5377,1,38
362,1,38
5239,11,39
2494,7,39
6988,3,39
1607,3,39
2854,12,39
7275,12,39
4707,12,39
7980,4,39
3187,4,39
3929,0,39
5538,0,39
239,0,39
884,1,39
6744,1,39
3509,0,39
7599,0,39
1468,0,39
1801,0,39
3365,0,39
6948,1,39
2958,0,39
7585,0,39
7428,0,39
4559,0,39
564,0,39
7580,0,39
5759,0,39
1043,0,39
3961,0,39
6470,0,39
332,0,39
4593,0,39
5183,0,39
5499,0,39
5393,0,39
7883,0,39
3738,0,39
6851,0,39
7718,0,39
7084,0,39
3988,0,39
2987,0,39
7848,0,39
1793,0,39
1846,0,39
6174,0,39
6806,0,39
1440,1,39
5925,0,39
6919,0,39
5054,0,39
5057,0,39
2137,0,39
7993,0,39
5184,0,39
2510,0,39
7816,0,39
5967,0,39
34,0,39
3939,0,39
6935,0,39
2181,0,39
2841,1,39
1402,1,39
6264,1,39
6824,1,39
261,1,39
4757,1,39
7741,1,39
2206,1,39
6583,1,39
6449,0,39
931,1,39
1054,1,39
2159,1,39
4540,1,39
1802,1,39
2583,1,39
7526,1,39
1055,1,39
4729,1,39
89,1,39
5684,1,39
1325,1,39
7842,1,39
4375,1,39
1084,1,39
4634,1,39
314,1,39
2910,1,39
2125,1,39
5795,1,39
5560,1,39
2022,1,39
7629,1,39
3416,1,39
2764,1,39
1305,1,39
148,1,39
7307,1,39
1099,1,39
5733,1,39
7777,1,39
180,1,39
4628,1,39
3212,0,39
111,1,39
6779,1,39
1028,1,39
3293,1,39
5638,1,39
6843,1,39
6899,0,39
474,12,40
3852,0,40
331,0,40
5130,0,40
1113,0,40
2326,0,40
7320,0,40
1438,0,40
7018,0,40
847,0,40
4834,0,40
2225,0,40
3610,0,40
3567,0,40
806,0,40
3211,0,40
5636,0,40
3303,0,40
3872,0,40
7341,0,40
454,0,40
2816,0,40
7510,0,40
3425,0,40
2307,0,40
1167,0,40
2455,0,40
7273,0,40
373,0,40
2217,0,40
523,0,40
3007,0,40
5228,0,40
1273,0,40
2497,0,40
2191,0,40
7637,0,40
7530,0,40
7506,0,40
7577,0,40
5882,0,40
4120,0,40
566,0,40
537,0,40
1868,0,40
6103,0,40
5227,0,40
4110,0,40
3614,0,40
3507,0,40
3204,0,40
2435,0,40
4032,0,40
2071,0,40
2145,0,40
1189,0,40
4204,0,40
257,0,40
1299,0,40
3750,0,40
2291,0,40
150,0,40
6051,0,40
4024,0,40
5767,1,40
5234,1,40
1312,1,40
4768,1,40
2589,1,40
646,1,40
7859,1,40
2301,1,40
918,1,40
974,1,40
747,1,40
4357,1,40
7334,1,40
845,1,40
6767,1,40
6792,1,40
6345,1,40
4998,1,40
7857,1,40
5456,1,40
1939,1,40
7754,1,40
6117,1,40
4134,1,40
7142,1,40
1921,1,40
969,1,40
5230,0,40
5025,1,40
259,1,40
5333,1,40
5978,1,40
4737,1,40
6624,1,40
1680,1,40
2823,1,40
7800,1,40
4517,1,40
3889,1,40
1840,1,40
1974,1,40
2290,1,40
1214,1,40
4164,1,40
3446,1,40
5439,1,40
3657,0,40
4619,1,40
3993,1,40
3572,1,40
2759,1,40
6219,1,40
6923,1,40
6939,1,40
3183,1,40
4220,1,40
3646,1,40
1660,1,40
2897,1,40
1963,1,40
1013,1,40
4786,1,40
216,10,41
2127,12,41
5995,0,41
7724,0,41
2132,0,41
2990,0,41
5003,0,41
7345,0,41
5215,0,41
414,0,41
5521,0,41
3353,0,41
3396,0,41
7393,0,41
2534,0,41
2103,0,41
5361,0,41
6115,0,41
6997,0,41
1351,0,41
738,0,41
7425,0,41
2949,0,41
3285,0,41
1537,0,41
2329,0,41
1278,0,41
2799,0,41
958,0,41
5821,0,41
7700,0,41
2826,0,41
1584,0,41
2791,0,41
3081,0,41
264,0,41
485,0,41
346,0,41
1852,0,41
2528,0,41
1743,0,41
6937,0,41
4715,0,41
3385,0,41
7435,0,41
1177,0,41
3950,0,41
6887,0,41
110,0,41
7240,0,41
7622,0,41
4901,0,41
7719,0,41
7164,0,41
5905,0,41
3716,0,41
3343,0,41
705,0,41
941,0,41
2463,0,41
7804,0,41
2201,0,41
5188,0,41
4476,0,41
2720,0,41
3048,0,41
7216,1,41
6911,1,41
4321,1,41
4928,1,41
5475,1,41
7378,1,41
128,1,41
3893,1,41
4397,1,41
7398,1,41
122,1,41
1752,1,41
6978,1,41
7681,1,41
3333,1,41
7270,1,41
786,1,41
6820,1,41
492,1,41
2686,1,41
4117,1,41
1591,0,41
2955,1,41
6508,1,41
4288,0,41
4588,1,41
4600,1,41
6136,1,41
1765,1,41
5067,1,41
2311,1,41
348,1,41
769,1,41
2855,1,41
4123,1,41
3536,1,41
6690,1,41
6090,1,41
4018,1,41
1905,1,41
79,1,41
1459,1,41
4513,1,41
3547,1,41
2656,1,41
4230,1,41
5668,1,41
5166,1,41
3546,1,41
7113,1,41
7929,1,41
613,1,41
3411,1,41
2131,1,41
4132,1,41
94,1,41
2226,1,41
5299,1,41
7064,1,41
1246,1,41
4802,1,41
1441,1,41
922,1,41
5127,1,41
3436,1,41
4838,1,41
7416,6,42
5163,6,42
4598,2,42
7056,0,42
4620,6,42
3186,6,42
5786,0,42
2596,0,42
172,0,42
1506,0,42
2016,0,42
313,0,42
933,0,42
7005,0,42
351,0,42
5275,0,42
3092,0,42
5578,0,42
6640,0,42
6869,0,42
1157,0,42
7344,0,42
6535,0,42
1140,0,42
4801,0,42
2182,0,42
3722,0,42
7701,0,42
1112,0,42
2331,0,42
4578,0,42
2442,0,42
1473,0,42
5711,0,42
6231,0,42
4207,0,42
7750,0,42
6639,0,42
3562,0,42
7196,0,42
2117,0,42
5088,0,42
4527,0,42
2054,0,42
7292,0,42
5760,0,42
4445,0,42
3541,0,42
3881,0,42
419,0,42
3167,0,42
5576,0,42
3855,0,42
7815,0,42
7278,0,42
5077,1,42
2800,1,42
7947,1,42
409,1,42
4106,1,42
6861,1,42
1722,0,42
4163,1,42
3721,1,42
7495,1,42
906,1,42
340,1,42
4041,1,42
1193,1,42
5129,1,42
1053,1,42
4571,1,42
2632,1,42
4751,1,42
630,1,42
7675,1,42
1401,0,42
4475,1,42
5219,0,42
7922,1,42
4098,1,42
2392,1,42
132,1,42
3005,1,42
5291,1,42
4895,1,42
4338,1,42
2853,1,42
2062,0,42
6011,1,42
3468,1,42
299,1,42
6534,1,42
2317,1,42
5046,1,42
2718,1,42
2602,0,42
7231,1,42
514,1,42
1079,1,42
7946,1,42
426,1,42
5835,0,42
1701,1,42
319,1,42
2872,1,42
6324,1,42
2563,1,42
1611,0,43
6263,5,43
6817,13,43
6724,6,43
2046,7,43
6173,7,43
5082,0,43
3521,0,43
3662,0,43
6474,0,43
7092,0,43
1913,0,43
1640,0,43
6804,0,43
2716,0,43
6572,0,43
6413,0,43
4359,0,43
1089,0,43
5058,0,43
6740,0,43
6965,0,43
4210,0,43
6859,0,43
4484,0,43
3832,0,43
6938,0,43
2389,0,43
4345,0,43
5203,0,43
3557,0,43
399,0,43
73,0,43
2947,0,43
6655,0,43
7839,0,43
7110,0,43
7544,0,43
2241,0,43
304,0,43
3753,0,43
7363,0,43
5401,0,43
6232,0,43
127,0,43
2036,0,43
4246,0,43
7238,0,43
7415,0,43
6273,0,43
5133,0,43
3539,0,43
1621,0,43
4665,0,43
5631,0,43
4444,0,43
6722,0,43
5875,0,43
6009,0,43
6736,1,43
6587,1,43
2862,1,43
3399,1,43
6963,1,43
2266,1,43
50,1,43
3261,1,43
1946,1,43
2352,1,43
6210,1,43
5838,1,43
7727,1,43
580,1,43
1924,1,43
859,1,43
3032,1,43
26,1,43
6506,1,43
4096,1,43
3545,1,43
5498,1,43
7532,1,43
574,1,43
5672,1,43
4019,1,43
3641,1,43
7313,1,43
1841,1,43
5641,1,43
123,1,43
7062,1,43
2244,1,43
2347,1,43
2514,1,43
242,1,43
2666,1,43
2857,1,43
3101,1,43
3449,1,43
2565,1,43
1574,1,43
5581,1,43
4249,1,43
4121,1,43
6975,1,43
3649,1,43
7887,1,43
35,1,43
5585,1,43
326,1,43
5029,1,43
6676,1,43
4692,7,44
7545,3,44
6949,0,44
1092,0,44
594,1,44
6558,0,44
1971,0,44
11,0,44
7770,0,44
4690,0,44
726,0,44
7819,0,44
5341,0,44
7485,0,44
4836,0,44
5555,0,44
5519,0,44
6473,0,44
6585,0,44
1678,1,44
5966,0,44
4407,0,44
5255,0,44
4765,0,44
3791,1,44
4991,0,44
2615,0,44
4650,0,44
2124,0,44
7015,0,44
7725,1,44
2120,0,44
6080,0,44
7488,0,44
2557,0,44
1136,0,44
6352,0,44
6602,0,44
2776,0,44
3605,0,44
725,1,44
2251,0,44
5784,0,44
3271,0,44
3684,0,44
1886,0,44
2040,0,44
7350,0,44
2473,0,44
5727,0,44
3240,1,44
3689,1,44
1558,1,44
6317,1,44
4440,1,44
6754,1,44
2272,1,44
6188,1,44
5650,1,44
3011,1,44
3772,1,44
3236,1,44
4884,1,44
3375,1,44
2123,1,44
6394,1,44
402,1,44
877,1,44
7769,1,44
5646,1,44
7643,1,44
4160,1,44
6909,1,44
3590,1,44
5321,1,44
5971,1,44
4057,1,44
3878,1,44
3578,1,44
4451,1,44
4137,1,44
1665,1,44
4649,1,44
5884,1,44
6868,1,44
3625,1,44
3992,1,44
2168,1,44
1853,1,44
3675,1,44
1245,1,44
1997,1,44
7784,1,44
4558,1,44
4803,1,44
3737,1,44
7740,1,44
920,1,44
3266,1,44
7184,1,44
1957,1,44
3569,1,44
4004,1,44
6437,1,44
2789,1,44
7512,1,44
6077,1,44
7464,0,45
7959,0,45
3497,0,45
5698,0,45
5783,0,45
5414,0,45
7889,1,45
3749,0,45
243,0,45
6160,0,45
5772,0,45
7200,0,45
1212,0,45
4580,0,45
2089,0,45
4366,0,45
2077,0,45
384,0,45
4145,0,45
3819,1,45
6054,0,45
2809,0,45
2818,0,45
1093,0,45
168,0,45
3813,0,45
5022,0,45
5667,0,45
3925,0,45
5216,0,45
1252,0,45
5665,0,45
3262,0,45
7885,0,45
6494,0,45
2018,0,45
3560,0,45
4325,0,45
1849,0,45
5211,0,45
672,1,45
987,0,45
511,0,45
6777,0,45
4054,0,45
296,0,45
1702,0,45
6773,0,45
1556,1,45
4418,0,45
7242,0,45
5035,0,45
5074,0,45
739,0,45
228,1,45
2019,0,45
7617,0,45
1045,0,45
7277,0,45
3921,0,45
2327,0,45
886,0,45
866,0,45
7217,0,45
462,0,45
6774,0,45
3217,0,45
6769,0,45
6146,0,45
5206,1,45
7814,0,45
1144,0,45
5830,0,45
5890,0,45
3371,1,45
1555,1,45
3299,1,45
697,1,45
2383,1,45
5575,1,45
5563,1,45
2771,1,45
1317,1,45
7417,1,45
6829,1,45
6319,1,45
5981,1,45
6738,1,45
6662,1,45
2918,1,45
1667,1,45
3611,1,45
6340,1,45
204,1,45
4636,1,45
6240,1,45
4349,1,45
5735,1,45
2038,1,45
6793,1,45
3405,1,45
6917,1,45
7060,1,45
7640,1,45
6415,1,45
7865,1,45
6711,1,45
7126,1,45
5091,1,45
6759,1,45
2608,7,46
5413,7,46
1598,0,46
2461,4,46
3244,4,46
3306,12,46
1522,12,46
821,13,46
2761,10,46
385,7,46
5743,0,46
6309,0,46
4320,0,46
2493,0,46
3443,0,46
7786,0,46
3123,0,46
1016,0,46
2166,0,46
748,0,46
2111,0,46
2477,0,46
3540,0,46
1111,0,46
1265,0,46
5238,0,46
3604,0,46
5628,0,46
996,0,46
5450,0,46
4491,0,46
6100,0,46
7499,0,46
2524,0,46
3586,0,46
4313,0,46
7953,0,46
1732,0,46
7007,0,46
6287,0,46
3563,0,46
2072,0,46
1161,0,46
4182,0,46
7098,0,46
7715,0,46
2641,0,46
4783,0,46
444,0,46
7067,0,46
5594,0,46
75,0,46
5676,0,46
6647,1,46
3042,1,46
1942,1,46
2070,1,46
3786,1,46
2551,1,46
3383,1,46
7418,1,46
857,0,46
2460,1,46
643,1,46
6404,1,46
7049,0,46
7286,1,46
2380,1,46
6485,1,46
3369,1,46
7551,1,46
7888,1,46
1763,1,46
2956,1,46
3442,1,46
6881,1,46
3055,1,46
5001,1,46
7441,1,46
6998,1,46
2354,1,46
814,1,46
1090,1,46
1148,1,46
1737,1,46
6165,1,46
1956,1,46
2896,1,46
2278,1,46
4236,1,46
7879,0,46
2569,1,46
2007,1,46
7611,1,46
1822,1,46
4178,1,46
3433,1,46
3495,1,46
1984,1,46
653,1,46
5993,1,46
2707,1,46
7001,1,46
5652,1,46
3128,1,46
4590,1,46
4686,1,46
7628,0,46
890,0,46
3904,1,46
5263,1,46
3386,1,46
4815,1,46
7986,1,46
2730,1,46
5627,1,46
2638,1,46
7593,2,47
6355,3,47
2128,12,47
754,10,47
4963,10,47
6540,10,47
1925,0,47
5781,0,47
6490,0,47
7529,0,47
3192,0,47
781,0,47
6448,0,47
2965,0,47
358,0,47
7168,1,47
2574,0,47
5858,0,47
6940,0,47
5624,0,47
1684,0,47
7846,0,47
527,0,47
1274,0,47
6933,1,47
1926,0,47
5160,0,47
5977,0,47
4721,0,47
2728,0,47
3544,0,47
5193,0,47
4413,0,47
1790,0,47
1431,0,47
2994,0,47
4264,0,47
1562,0,47
5490,0,47
2830,0,47
2540,0,47
751,0,47
1239,0,47
4091,0,47
2814,0,47
3457,0,47
38,0,47
2673,0,47
625,0,47
7362,0,47
7612,0,47
1609,0,47
5619,0,47
4870,0,47
3483,0,47
279,1,47
5419,0,47
5342,0,47
5296,0,47
2981,0,47
7186,0,47
5524,0,47
6880,0,47
6654,1,47
6282,1,47
1815,1,47
1490,1,47
4624,1,47
2631,1,47
6172,1,47
357,1,47
256,1,47
7582,1,47
7547,1,47
2982,1,47
5289,1,47
3661,1,47
1798,1,47
2017,1,47
4078,1,47
5305,1,47
6106,1,47
6853,1,47
1683,1,47
2467,1,47
4785,1,47
4104,1,47
494,1,47
7333,1,47
1979,1,47
5881,1,47
6834,1,47
2496,1,47
5374,1,47
4985,1,47
5535,1,47
2394,1,47
1000,1,47
6093,1,47
6116,1,47
813,1,47
1425,1,47
4704,1,47
6417,1,47
800,1,47
5836,1,47
5933,1,47
7011,1,47
5729,1,47
7608,1,47
5931,1,47
4976,1,47
7670,1,47
3249,1,47
851,1,47
2779,1,47
3309,1,47
2902,1,47
825,1,47
5926,1,47
7810,1,47
5716,1,47
5383,1,47
5312,1,47
1307,1,47
1228,1,47
3265,1,47
3857,13,48
6218,11,48
7188,3,48
7455,0,48
3277,10,48
1786,0,48
5773,0,48
3218,0,48
7466,0,48
7140,0,48
5850,0,48
6466,0,48
3983,0,48
3686,0,48
5924,0,48
5249,0,48
2592,0,48
623,0,48
6428,1,48
219,0,48
2369,0,48
2750,0,48
6973,0,48
113,0,48
4232,0,48
2025,0,48
3849,0,48
423,0,48
3928,0,48
5623,0,48
4853,0,48
6525,0,48
7647,0,48
3363,0,48
1081,0,48
5988,0,48
5192,0,48
4493,0,48
1706,0,48
2487,0,48
1266,0,48
763,0,48
7625,0,48
718,0,48
3673,0,48
2900,0,48
2242,0,48
4804,0,48
4887,1,48
4292,1,48
1187,0,48
2792,0,48
1703,0,48
5539,0,48
3510,0,48
4809,0,48
5173,1,48
4859,1,48
2334,1,48
1091,1,48
7683,1,48
4931,1,48
6952,1,48
2984,1,48
4360,1,48
4616,1,48
1973,1,48
4759,1,48
5737,1,48
5362,1,48
1727,1,48
1690,1,48
6253,1,48
3833,1,48
3679,1,48
2802,1,48
6814,1,48
6511,1,48
2328,1,48
3963,1,48
4697,1,48
7237,1,48
1159,1,48
4849,1,48
3500,1,48
4429,1,48
3482,1,48
7669,1,48
7135,1,48
7453,1,48
3653,1,48
3850,1,48
7688,1,48
2542,1,48
4861,1,48
7739,1,48
2437,1,48
4545,1,48
7066,1,48
4171,1,48
3091,1,48
1345,1,48
3700,1,48
6109,1,48
3766,1,48
5390,1,48
7224,1,48
5686,1,48
1530,1,48
1687,1,48
3041,1,48
3587,1,48
3194,1,48
6275,1,48
1895,1,48
3225,1,48
4851,1,49
4689,1,49
2427,4,49
3947,1,49
4269,1,49
2055,12,49
1320,12,49
6400,0,49
217,0,49
6002,0,49
320,0,49
3728,0,49
7081,0,49
3435,0,49
341,0,49
1042,0,49
5611,0,49
2973,0,49
7843,0,49
1175,0,49
3704,0,49
1504,0,49
7674,0,49
1550,0,49
6000,0,49
2710,0,49
2144,0,49
2782,0,49
6856,0,49
7587,0,49
5732,0,49
6076,0,49
3561,0,49
3441,0,49
2147,0,49
7508,0,49
4248,0,49
1814,0,49
6846,0,49
645,0,49
2216,0,49
5502,0,49
536,0,49
4890,0,49
4652,0,49
6315,0,49
1362,0,49
2945,0,49
1387,1,49
247,1,49
6541,1,49
5869,1,49
7315,1,49
4718,1,49
6427,1,49
7006,1,49
114,1,49
1152,1,49
7162,1,49
174,1,49
7960,1,49
3445,1,49
5338,1,49
2834,0,49
7875,1,49
828,1,49
5416,1,49
3493,1,49
4952,1,49
7175,1,49
3643,1,49
2236,1,49
4471,1,49
4699,1,49
347,1,49
255,1,49
1163,1,49
4075,1,49
755,1,49
5764,1,49
5872,1,49
519,1,49
2135,1,49
4379,1,49
6025,1,49
743,1,49
1444,1,49
6479,1,49
4340,1,49
2060,1,49
7360,1,49
2167,1,49
7644,1,49
4305,1,49
5780,1,49
1917,1,49
4072,1,49
4262,1,49
5319,1,49
248,1,49
2480,1,49
2521,1,49
1652,1,49
6884,1,49
4323,1,49
2890,1,49
3647,1,49
5410,1,49
3658,1,49
1101,1,49
1709,1,49
2129,6,50
4872,12,50
3771,1,50
3400,10,50
6298,7,50
4169,7,50
6302,6,50
3767,6,50
4005,0,50
6592,0,50
1182,0,50
1226,0,50
2877,0,50
3142,0,50
5442,0,50
5920,0,50
37,0,50
3851,0,50
3135,0,50
2287,0,50
1180,0,50
270,0,50
4302,0,50
5690,0,50
1919,0,50
2697,0,50
6527,0,50
7284,0,50
245,0,50
6122,0,50
4888,0,50
1940,0,50
7559,0,50
7260,0,50
7693,0,50
4982,0,50
1766,0,50
6241,0,50
3692,0,50
5344,0,50
1319,0,50
6968,0,50
6910,0,50
589,0,50
3583,0,50
2100,0,50
1871,0,50
7971,0,50
2014,0,50
233,0,50
165,0,50
759,0,50
3370,0,50
7198,0,50
2986,0,50
6365,1,50
2722,1,50
1318,1,50
2239,1,50
7871,1,50
5462,1,50
6518,1,50
4892,1,50
3351,1,50
2316,1,50
891,1,50
7009,1,50
7895,1,50
2413,1,50
7713,1,50
2314,1,50
4659,1,50
1174,1,50
7338,1,50
7449,1,50
7002,1,50
1276,1,50
903,1,50
7729,1,50
2056,1,50
2438,1,50
7805,1,50
3410,1,50
1283,1,50
3043,1,50
3098,1,50
5903,1,50
2169,1,50
7969,1,50
1477,1,50
181,1,50
4967,1,50
3519,1,50
6238,1,50
1602,1,50
5097,1,50
28,1,50
404,1,50
1967,1,50
7935,1,50
5529,1,50
7652,1,50
3291,1,50
2281,1,50
1707,1,50
1315,1,50
2282,1,50
2968,1,50
4454,1,50
7856,1,50
3382,1,50
5131,1,50
1505,1,50
2293,1,50
29,1,50
3973,1,50
5159,1,50
1835,1,50
6026,1,50
6707,0,50
915,1,50
691,1,50
1536,1,50
3874,1,50
2178,1,50
3248,1,50
6902,4,51
6700,0,51
4299,12,51
2740,10,51
3748,4,51
7668,11,51
4293,0,51
7933,0,51
3994,0,51
2030,0,51
5543,0,51
6205,0,51
4675,0,51
4820,0,51
3390,0,51
456,0,51
7809,0,51
7297,0,51
6017,0,51
1168,0,51
5170,0,51
3437,0,51
5566,0,51
4924,0,51
1622,0,51
4795,0,51
2746,0,51
3074,0,51
6616,0,51
1124,0,51
5307,0,51
1570,0,51
237,0,51
1662,0,51
1004,0,51
5179,0,51
4000,0,51
4812,0,51
5510,0,51
2926,0,51
4425,0,51
7460,0,51
3241,0,51
3633,0,51
6701,0,51
5719,0,51
2908,0,51
2076,0,51
2227,1,51
1005,1,51
6293,1,51
4027,1,51
4706,1,51
5818,1,51
4350,1,51
3667,1,51
5930,1,51
7099,1,51
2881,1,51
4641,1,51
458,1,51
3267,1,51
3879,1,51
5936,1,51
6783,1,51
4081,1,51
5224,1,51
7588,1,51
3054,1,51
4875,1,51
1654,1,51
7820,1,51
875,1,51
6215,1,51
3669,1,51
1200,0,51
6635,1,51
3659,1,51
3696,1,51
1222,1,51
1149,1,51
6323,1,51
3809,1,51
3888,0,51
7876,1,51
47,1,51
4703,1,51
3532,1,51
4774,1,51
238,1,51
2084,1,51
2107,1,51
5002,1,51
3866,1,51
1356,1,51
2323,1,51
2361,1,51
2140,1,51
6004,1,51
1549,1,51
5292,1,51
4400,0,51
176,1,51
7369,7,52
6760,9,52
774,0,52
1998,6,52
3718,6,52
4874,0,52
2276,0,52
3733,0,52
6337,0,52
4290,0,52
1901,0,52
842,0,52
5965,0,52
7782,0,52
5540,0,52
3714,0,52
6538,0,52
6790,0,52
4866,0,52
9,0,52
2423,0,52
5968,0,52
7773,0,52
4532,0,52
6179,0,52
7850,0,52
3589,0,52
758,0,52
4333,0,52
1922,0,52
3554,0,52
4522,0,52
4969,0,52
3428,0,52
7146,0,52
6462,0,52
1199,0,52
6913,0,52
3235,0,52
5085,0,52
2578,0,52
425,0,52
1781,0,52
2230,0,52
1191,0,52
1698,0,52
7817,0,52
939,0,52
4760,0,52
170,0,52
7957,0,52
4028,0,52
512,0,52
4575,0,52
2616,0,52
6150,0,52
6251,1,52
3935,1,52
6212,1,52
7614,1,52
3095,1,52
3117,1,52
966,1,52
4369,1,52
6725,1,52
5964,1,52
948,1,52
3758,1,52
339,1,52
1443,1,52
5363,1,52
1982,1,52
4310,1,52
521,1,52
7386,1,52
3652,1,52
2527,1,52
2780,1,52
4716,1,52
648,1,52
6387,1,52
7717,1,52
7078,0,52
2322,1,52
7306,1,52
3555,1,52
5778,1,52
1115,1,52
3703,1,52
5463,1,52
4026,1,52
3601,1,52
3321,1,52
6531,1,52
2727,1,52
3869,1,52
413,1,52
6992,1,52
3198,1,52
2350,1,52
5692,1,52
5709,1,52
5351,1,52
44,1,52
1188,1,52
6207,1,52
666,1,52
488,4,53
6024,1,53
7752,3,53
1040,0,53
3901,0,53
1673,0,53
6735,0,53
4569,0,53
7942,0,53
184,0,53
620,0,53
5616,0,53
20,0,53
6993,0,53
7457,0,53
4965,0,53
7861,0,53
5556,0,53
3312,0,53
6872,0,53
6685,0,53
2444,0,53
869,0,53
205,0,53
6892,0,53
4303,0,53
2562,0,53
3086,0,53
3488,0,53
6477,0,53
6081,0,53
2162,0,53
6903,0,53
5744,0,53
7342,0,53
7394,0,53
3880,0,53
1958,0,53
1540,0,53
4011,0,53
531,0,53
3997,0,53
4767,0,53
5260,0,53
7097,0,53
1344,0,53
5425,0,53
2979,0,53
124,0,53
6807,0,53
2279,0,53
6658,0,53
3069,0,53
6391,0,53
2850,0,53
503,0,53
6431,0,53
2806,0,53
2901,0,53
3498,0,53
5588,0,53
2734,0,53
3121,0,53
2772,1,53
211,1,53
3052,0,53
853,1,53
1794,0,53
2732,1,53
7566,1,53
6121,1,53
1077,1,53
5109,1,53
986,1,53
3166,1,53
5403,1,53
5298,0,53
965,1,53
2265,1,53
6562,1,53
4128,1,53
6854,0,53
2183,1,53
4789,1,53
6372,1,53
914,1,53
559,1,53
2803,1,53
2597,1,53
5457,1,53
935,1,53
2756,1,53
4779,1,53
235,1,53
7633,1,53
2222,1,53
5961,1,53
6285,1,53
2511,1,53
3839,1,53
6717,1,53
4505,1,53
5482,1,53
6780,1,53
1761,1,53
4142,1,53
1497,1,53
6795,1,53
4618,1,53
1251,1,53
3783,1,53
7977,1,53
3911,1,53
1593,1,53
810,1,53
4049,1,53
7156,1,53
4368,1,53
5649,0,53
1578,6,54
0,2,54
4510,2,54
2400,12,54
3952,6,54
6338,0,54
398,0,54
7050,0,54
4835,0,54
3177,0,54
7225,0,54
5583,0,54
418,0,54
5151,0,54
4033,0,54
7174,0,54
7673,0,54
7269,0,54
7872,0,54
3094,0,54
6138,0,54
5380,0,54
1644,0,54
1651,0,54
3989,0,54
1183,0,54
4865,0,54
3559,0,54
921,0,54
2253,0,54
1909,0,54
5501,0,54
5461,0,54
6042,0,54
6612,0,54
6967,0,54
7324,0,54
4439,0,54
572,0,54
162,0,54
4016,0,54
4942,0,54
4986,0,54
7088,0,54
508,0,54
7087,0,54
6566,0,54
6333,0,54
7858,0,54
2536,0,54
5075,0,54
191,0,54
5496,0,54
3448,0,54
5016,0,54
3357,0,54
1038,0,54
5101,0,54
5448,0,54
2825,0,54
2695,0,54
7104,0,54
3444,0,54
7796,0,54
1830,0,54
3785,0,54
390,0,54
4056,0,54
4508,1,54
2313,1,54
4817,1,54
1900,1,54
2714,1,54
1518,1,54
2422,1,54
5789,1,54
4787,1,54
3834,1,54
3463,1,54
2370,1,54
1669,1,54
7166,1,54
3254,1,54
6930,1,54
3119,1,54
3970,0,54
2537,1,54
4226,1,54
1983,1,54
3520,1,54
5834,1,54
4464,1,54
778,1,54
4902,1,54
218,1,54
4854,1,54
7208,1,54
863,1,54
4687,1,54
3535,1,54
1382,1,54
4284,1,54
7603,0,54
5140,1,54
1029,1,54
6536,1,54
3860,1,54
4031,1,54
7748,1,54
1452,1,54
1295,1,54
7432,1,54
7433,1,54
3909,1,54
1804,1,54
4052,1,54
7134,1,54
312,1,54
4399,1,54
394,1,54
7552,1,54
293,0,54
6422,1,54
6729,1,54
5367,1,54
4961,1,54
3706,1,54
943,1,54
6114,1,54
6818,3,55
3378,8,55
7296,1,55
7864,12,55
5929,5,55
4472,0,55
5648,0,55
2790,0,55
6091,0,55
685,0,55
2882,0,55
1980,0,55
5034,0,55
4327,0,55
6292,0,55
885,0,55
2838,0,55
498,0,55
6008,0,55
5071,0,55
855,0,55
2976,0,55
3914,0,55
125,0,55
6674,0,55
5871,0,55
1800,0,55
5527,0,55
6741,0,55
5150,0,55
3188,0,55
802,0,55
5471,0,55
7132,0,55
3691,0,55
2513,0,55
5359,0,55
3525,0,55
2588,0,55
4730,0,55
5378,0,55
7371,0,55
1880,0,55
5360,0,55
6634,0,55
5911,0,55
5940,0,55
3902,0,55
1981,0,55
2912,0,55
5841,0,55
4043,0,55
1653,0,55
7735,0,55
4058,0,55
156,1,55
7030,1,55
7878,0,55
6715,1,55
1746,1,55
7756,1,55
7218,1,55
3246,1,55
4351,1,55
472,1,55
3982,1,55
4388,1,55
323,1,55
4175,1,55
6388,1,55
4455,1,55
187,1,55
5030,1,55
2580,1,55
6706,1,55
7147,1,55
2063,1,55
2273,1,55
995,1,55
826,1,55
5829,1,55
5868,1,55
3863,1,55
944,1,55
6228,1,55
7586,1,55
7137,1,55
912,1,55
1850,1,55
959,1,55
5449,1,55
1870,1,55
5880,1,55
7825,1,55
6915,1,55
86,1,55
5859,1,55
7598,1,55
3064,1,55
1386,1,55
6418,1,55
951,1,55
1080,1,55
4919,1,55
2936,1,55
624,1,55
7131,1,55
2122,1,55
1120,1,55
5751,1,55
1887,1,55
4775,1,55
2348,1,55
106,1,55
4147,1,55
1052,1,55
3822,1,56
5816,11,56
950,10,56
4034,0,56
1372,0,56
2576,0,56
63,0,56
5715,0,56
5103,0,56
4862,0,56
4695,0,56
2315,0,56
2939,0,56
4363,0,56
1741,0,56
538,0,56
4612,0,56
6303,0,56
6801,0,56
1147,0,56
4291,0,56
4416,0,56
5969,0,56
5782,0,56
6336,0,56
4572,0,56
2199,0,56
7130,0,56
1224,0,56
5294,0,56
2998,0,56
2832,0,56
3612,0,56
2889,0,56
7524,0,56
3419,0,56
7899,0,56
7613,0,56
5334,0,56
7834,0,56
3139,0,56
7999,0,56
7046,0,56
5365,0,56
3487,0,56
1873,0,56
4504,0,56
803,1,56
374,1,56
1829,1,56
441,1,56
5670,1,56
4956,1,56
6628,0,56
2252,1,56
395,1,56
6488,1,56
7838,1,56
5660,1,56
1656,1,56
2639,1,56
6891,1,56
2443,1,56
3576,0,56
2095,1,56
5932,1,56
627,1,56
6810,1,56
6096,1,56
3996,1,56
2268,1,56
6286,1,56
2256,0,56
1750,1,56
7917,1,56
551,1,56
5322,1,56
4623,1,56
2868,1,56
7376,1,56
4739,1,56
7525,1,56
2751,1,56
669,1,56
2653,1,56
6148,1,56
7426,1,56
1012,1,56
4814,1,56
4486,1,56
6486,0,56
6132,1,56
6794,1,56
4723,1,56
1755,1,56
543,1,56
2500,1,56
938,1,56
2915,1,56
7192,1,56
4473,13,57
4189,2,57
7420,12,57
7835,0,57
1529,0,57
6845,0,57
2765,0,57
120,0,57
5392,0,57
1610,0,57
1645,0,57
2388,0,57
3542,0,57
3727,0,57
568,0,57
883,0,57
4125,0,57
2009,0,57
4544,0,57
6410,0,57
5102,0,57
83,0,57
4947,0,57
8,0,57
6034,0,57
6860,0,57
6749,0,57
674,0,57
7354,0,57
988,0,57
4452,0,57
5285,0,57
7573,0,57
550,0,57
4294,0,57
1323,0,57
4380,0,57
300,0,57
1553,0,57
2420,0,57
4352,0,57
2594,0,57
3591,0,57
7595,0,57
6445,0,57
3577,0,57
4067,0,57
5561,0,57
5468,0,57
3462,1,57
5586,1,57
5593,1,57
4421,0,57
546,1,57
4347,1,57
6848,1,57
2519,1,57
6349,1,57
6865,1,57
3114,1,57
5956,1,57
6335,1,57
3814,1,57
5723,1,57
4076,1,57
7884,1,57
4819,1,57
1342,1,57
7807,0,57
1693,1,57
2408,1,57
306,1,57
6586,1,57
6691,1,57
146,1,57
7987,1,57
2931,1,57
1626,1,57
614,1,57
4676,1,57
6234,1,57
3958,1,57
6960,1,57
1586,1,57
7584,1,57
85,1,57
7279,1,57
1833,1,57
1777,1,57
491,1,57
4045,1,57
7916,1,57
5115,1,57
7100,1,57
2075,1,57
7021,1,57
2283,1,57
7500,1,57
7881,1,57
3644,1,57
6733,1,57
2143,1,57
3651,0,57
7262,1,57
5476,1,57
7521,1,57
6237,1,57
2447,2,58
230,5,58
3155,5,58
7438,6,58
5047,10,58
1280,3,58
6584,0,58
846,0,58
3349,0,58
6416,0,58
5914,0,58
6220,0,58
5663,0,58
5722,0,58
6028,0,58
2042,0,58
5909,0,58
429,0,58
439,0,58
5000,0,58
3059,0,58
1241,0,58
477,0,58
7642,0,58
5207,0,58
6249,0,58
4926,0,58
4107,0,58
4353,0,58
7645,0,58
2081,0,58
3158,0,58
994,0,58
7152,0,58
3255,0,58
7183,0,58
1491,0,58
182,0,58
3711,0,58
6980,0,58
676,0,58
1469,0,58
5848,0,58
4478,0,58
858,0,58
5409,0,58
2245,0,58
4289,1,58
6128,1,58
427,0,58
2223,1,58
4753,1,58
1215,1,58
6255,1,58
2556,1,58
4211,1,58
5748,1,58
901,1,58
4427,1,58
5418,1,58
178,1,58
5974,1,58
7860,1,58
448,1,58
2015,1,58
6444,1,58
2607,1,58
3803,1,58
5567,1,58
6185,1,58
5165,1,58
555,1,58
7866,0,58
7349,1,58
3705,1,58
583,1,58
710,1,58
84,0,58
5774,1,58
2197,1,58
2938,1,58
273,1,58
734,1,58
2553,1,58
1173,1,58
4131,1,58
4426,1,58
2820,0,58
5996,1,58
7259,1,58
5198,1,58
5290,1,58
1661,1,58
4105,1,58
5708,1,58
7797,1,58
3784,1,58
2371,1,58
5113,1,58
3742,1,58
729,1,58
17,1,58
5536,1,58
7618,1,58
651,0,59
6206,6,59
6528,3,59
7790,5,59
2770,11,59
2269,0,59
7136,0,59
421,0,59
5094,0,59
7956,0,59
1442,0,59
5790,1,59
7223,0,59
945,0,59
7033,0,59
3127,0,59
4885,0,59
6666,0,59
4945,0,59
6873,0,59
4501,0,59
2567,0,59
6183,0,59
3932,0,59
788,0,59
5143,0,59
5741,0,59
1643,0,59
6994,0,59
2074,0,59
7343,0,59
7911,0,59
154,0,59
3984,0,59
1367,0,59
100,0,59
1412,0,59
6374,0,59
6442,0,59
1625,0,59
7065,0,59
5807,0,59
336,0,59
2738,0,59
7874,0,59
1098,1,59
1836,0,59
1882,0,59
4946,0,59
7789,0,59
6866,0,59
240,0,59
5286,1,59
289,0,59
4671,0,59
1418,0,59
3269,1,59
6053,1,59
5699,1,59
6714,1,59
505,1,59
1762,1,59
893,1,59
7531,1,59
3152,1,59
5050,1,59
4979,1,59
6036,1,59
5280,1,59
2927,1,59
679,1,59
322,1,59
4014,1,59
2655,1,59
704,1,59
7405,1,59
6596,1,59
5454,1,59
4386,1,59
7421,1,59
1597,1,59
6934,1,59
1430,1,59
5220,1,59
7171,1,59
3431,1,59
3149,1,59
5028,1,59
2840,1,59
7596,1,59
7406,1,59
5606,1,59
7209,1,59
4925,1,59
1818,1,59
7744,1,59
1837,1,59
6504,1,59
2067,1,59
6874,1,59
6006,1,59
4953,1,59
1635,1,59
4328,1,59
4747,1,59
5945,1,59
4039,1,59
5832,1,59
3151,1,59
12,1,59
186,6,60
7798,5,60
282,1,60
3639,1,60
2566,12,60
3886,2,60
6,6,60
910,0,60
4030,0,60
5889,0,60
752,0,60
4929,0,60
6414,0,60
5883,0,60
6371,0,60
6692,0,60
6664,0,60
5478,0,60
4431,0,60
2833,0,60
5731,0,60
7855,0,60
4879,0,60
5235,0,60
4063,0,60
5337,0,60
7123,0,60
5300,0,60
1352,0,60
2755,0,60
7774,0,60
2661,0,60
4813,0,60
5895,0,60
386,1,60
232,0,60
1583,0,60
5615,0,60
1435,0,60
7594,0,60
702,0,60
2640,0,60
3550,0,60
5213,0,60
1976,0,60
7761,0,60
5802,0,60
7981,0,60
6770,1,60
2456,1,60
3294,1,60
3858,1,60
2233,1,60
5584,1,60
3362,1,60
5532,1,60
160,1,60
4552,1,60
5639,1,60
2842,1,60
1945,1,60
6007,1,60
6057,1,60
5084,1,60
7939,1,60
7765,1,60
2606,1,60
4100,1,60
5849,1,60
7913,1,60
3300,1,60
372,1,60
898,1,60
3892,1,60
3278,1,60
3143,1,60
6098,1,60
3631,1,60
5864,1,60
3898,1,60
4975,1,60
2452,1,60
1851,1,60
7153,1,60
1011,1,60
2999,1,60
6730,1,60
4154,1,60
3760,1,60
833,1,60
4791,1,60
2085,1,60
5270,1,60
5202,1,60
4273,1,60
3329,1,60
1825,1,60
3793,1,60
3224,1,60
3345,1,60
4565,1,60
5658,1,60
6141,1,60
7757,1,60
5164,1,60
811,6,61
2637,3,61
5268,0,61
4062,0,61
1050,0,61
2082,0,61
6493,0,61
1334,0,61
6766,0,61
4152,0,61
6580,0,61
4408,0,61
4336,0,61
422,0,61
2677,0,61
1075,0,61
3609,0,61
4570,0,61
2066,0,61
5440,0,61
7736,0,61
6619,0,61
3903,0,61
388,0,61
5599,0,61
7606,0,61
6012,0,61
7733,0,61
7626,0,61
3512,0,61
7083,0,61
3097,0,61
3747,0,61
2953,0,61
6213,0,61
6463,0,61
7068,0,61
2299,0,61
4362,0,61
43,0,61
6609,0,61
775,0,61
131,0,61
5734,0,61
7395,0,61
2051,0,61
2769,0,61
1911,0,61
5004,0,61
6943,0,61
3439,0,61
376,0,61
1116,1,61
7837,0,61
3802,0,61
3245,1,61
5495,1,61
5725,1,61
6459,1,61
7710,1,61
1131,1,61
1460,1,61
2880,1,61
3741,1,61
2099,1,61
2333,1,61
2302,1,61
2360,1,61
6385,1,61
4828,1,61
3776,1,61
7762,1,61
183,1,61
1767,1,61
7316,1,61
4087,1,61
4769,1,61
5771,1,61
2257,1,61
1534,1,61
993,1,61
1764,1,61
5625,1,61
7950,1,61
3295,1,61
4591,1,61
3414,1,61
3413,1,61
4065,1,61
1272,1,61
640,1,61
3840,1,61
3829,1,61
7154,1,61
449,1,61
7467,1,61
1797,1,61
350,1,61
1234,1,61
836,1,61
5685,1,61
1872,1,61
3184,1,61
3789,1,61
5345,1,61
5147,1,61
3133,5,62
371,1,62
3818,7,62
4677,8,62
7308,2,62
6617,12,62
199,12,62
1970,0,62
6047,0,62
4800,0,62
5348,0,62
7397,0,62
344,0,62
7534,0,62
5602,0,62
6203,0,62
3790,0,62
4251,0,62
4852,0,62
5433,0,62
7437,0,62
6357,0,62
7870,0,62
7311,0,62
4970,0,62
1679,0,62
5070,0,62
3949,0,62
51,0,62
7303,0,62
4037,0,62
5970,0,62
6831,0,62
4055,0,62
3513,0,62
5444,0,62
6718,0,62
6543,0,62
2176,0,62
7028,0,62
2449,0,62
6321,0,62
601,0,62
1304,0,62
6758,0,62
5879,0,62
2459,0,62
1242,0,62
6668,0,62
2600,0,62
5607,0,62
6765,0,62
6732,0,62
6826,0,62
2309,0,62
6134,0,62
4497,0,62
1461,0,62
2424,1,62
5041,1,62
968,1,62
59,1,62
3090,1,62
4923,1,62
1523,1,62
7010,1,62
7891,1,62
7295,1,62
3505,1,62
3113,1,62
7772,1,62
5813,1,62
7331,1,62
7978,1,62
5997,1,62
3234,1,62
7676,1,62
3897,1,62
2691,1,62
2177,1,62
1257,1,62
4376,1,62
5108,1,62
4420,1,62
2428,1,62
2391,1,62
2974,1,62
1339,1,62
6162,1,62
7250,1,62
6099,1,62
15,1,62
3582,1,62
7853,1,62
820,1,62
1097,1,62
5986,1,62
1890,1,62
1462,1,62
3663,1,62
7148,1,62
1628,1,62
830,1,62
21,1,62
7941,1,62
223,1,62
5399,1,62
1294,1,62
2277,1,62
98,1,62
3138,1,62
2325,1,62
27,1,62
6710,1,62
2858,1,62
3384,1,63
7528,12,63
2300,0,63
7616,0,63
1233,0,63
2559,0,63
692,0,63
1617,0,63
6244,0,63
5080,0,63
6969,0,63
6929,0,63
7055,0,63
4949,0,63
597,0,63
7862,0,63
798,0,63
6985,0,63
281,0,63
5797,0,63
4312,0,63
3050,0,63
3456,0,63
7440,0,63
5244,0,63
6514,0,63
2894,0,63
6898,0,63
6999,0,63
5874,0,63
5472,0,63
839,0,63
2141,0,63
6849,0,63
6561,0,63
4009,0,63
5062,0,63
2848,0,63
4638,0,63
7931,0,63
5770,0,63
1256,0,63
1366,0,63
5078,0,63
3729,0,63
3298,0,63
7143,0,63
2212,0,63
3060,0,63
6836,0,63
5122,0,63
7691,0,63
5293,1,63
6598,1,63
815,1,63
4660,1,63
556,1,63
737,1,63
4377,1,63
7172,1,63
4183,1,63
6351,1,63
7923,1,63
6259,1,63
2844,1,63
7054,1,63
134,1,63
6052,1,63
4162,1,63
5318,1,63
7635,1,63
1906,1,63
3346,1,63
5486,1,63
6447,1,63
730,1,63
1585,1,63
6914,1,63
4940,1,63
5992,1,63
5900,1,63
1094,1,63
5265,1,63
7832,1,63
6642,1,63
3326,1,63
3331,1,63
1721,1,63
7972,1,63
2250,1,63
3364,1,63
2247,1,63
3999,1,63
5571,1,63
7610,1,63
3313,1,63
2812,1,63
2057,1,63
2415,1,63
4959,1,63
2870,1,63
6284,1,63
530,1,63
7477,1,63
5037,1,63
2170,1,63
2446,1,63
6579,1,63
3755,1,63
5087,1,63
1616,1,63
7759,1,63
470,1,63
1121,1,63
3871,1,63
3228,1,63
2207,1,63
6481,1,63
443,1,63
4116,1,63
3200,1,63
6332,4,64
6876,11,64
1580,11,64
4286,8,64
2151,9,64
4008,12,64
3735,0,64
6753,0,64
2262,1,64
4560,0,64
7106,0,64
7641,0,64
2819,0,64
4908,0,64
3596,0,64
733,0,64
7764,0,64
2098,0,64
6632,0,64
96,0,64
5547,0,64
6696,0,64
4766,0,64
7190,0,64
4539,0,64
7760,0,64
201,0,64
506,0,64
6318,0,64
4542,0,64
4509,0,64
2240,0,64
7659,0,64
2946,0,64
5355,0,64
1589,0,64
2491,0,64
7592,0,64
3974,0,64
5559,0,64
1282,0,64
7540,0,64
4079,1,64
4257,0,64
5592,0,64
6409,0,64
1066,0,64
6870,0,64
1103,0,64
1542,0,64
2110,0,64
6970,0,64
4237,0,64
3126,1,64
1937,0,64
354,0,64
3209,1,64
6280,1,64
1847,1,64
2365,1,64
6248,1,64
1612,1,64
6423,1,64
3826,1,64
3615,1,64
1787,1,64
6772,1,64
4089,1,64
4492,1,64
3422,1,64
4533,1,64
4101,1,64
3506,1,64
2922,1,64
4637,1,64
2138,1,64
7280,1,64
1456,1,64
6175,1,64
7919,1,64
3476,1,64
5987,1,64
3068,1,64
4611,1,64
2892,1,64
1605,1,64
3141,1,64
728,1,64
4414,1,64
5424,1,64
5324,1,64
2573,1,64
7823,1,64
7653,1,64
526,1,64
1156,1,64
2319,1,64
445,1,64
5384,1,64
1623,1,64
7182,1,64
48,1,64
6862,1,64
1904,1,64
3159,1,64
1658,1,64
3593,1,64
6916,1,64
4996,1,64
3820,1,64
3454,1,64
7474,1,64
4364,1,64
23,1,64
1514,1,64
4627,10,65
652,1,65
4155,9,65
569,6,65
5036,0,65
3660,1,65
1647,0,65
7476,0,65
1285,0,65
2773,0,65
2174,0,65
2096,0,65
789,0,65
3887,0,65
4899,0,65
4825,0,65
1249,0,65
7537,0,65
471,0,65
4596,0,65
4111,0,65
411,0,65
6408,0,65
1347,0,65
5947,0,65
1297,0,65
7479,0,65
4584,0,65
6125,0,65
2944,0,65
7019,0,65
7355,0,65
7963,0,65
1259,0,65
7194,0,65
5477,0,65
3701,0,65
3825,0,65
7951,0,65
1962,0,65
5820,0,65
6452,0,65
3861,0,65
5136,0,65
7161,0,65
7763,0,65
542,0,65
5687,0,65
4002,0,65
7465,0,65
2154,0,65
723,0,65
6512,0,65
7309,0,65
934,0,65
6070,0,65
158,0,65
2543,0,65
2766,0,65
5331,1,65
6815,1,65
6789,1,65
2757,1,65
5766,1,65
6376,1,65
2891,1,65
1165,1,65
4547,1,65
1704,1,65
5223,1,65
4441,1,65
4773,1,65
1284,1,65
575,1,65
686,1,65
4390,1,65
2464,1,65
1475,1,65
4119,1,65
1629,1,65
7430,1,65
5427,1,65
5376,1,65
2867,1,65
5800,1,65
7057,1,65
4084,1,65
7615,1,65
3367,1,65
6126,1,65
5447,1,65
7459,1,65
5720,1,65
121,1,65
1474,1,65
1076,1,65
3627,1,65
6027,1,65
7646,1,65
52,1,65
7894,1,65
2344,1,65
6778,1,65
577,1,65
45,1,65
4046,1,65
1713,1,65
7346,1,65
5854,1,65
6889,1,65
5953,1,65
1817,1,65
5343,1,65
2652,1,65
7621,1,65
5182,1,65
5258,1,65
2248,1,65
6821,1,65
179,1,65
1036,1,65
166,1,65
2345,1,65
2492,1,65
6667,1,65
6523,1,65
856,1,65
6320,3,66
3392,5,66
6223,3,66
1267,7,66
7900,12,66
3626,10,66
1211,13,66
6842,6,66
5232,8,66
2869,5,66
7409,0,66
5256,0,66
6440,0,66
7368,0,66
6325,0,66
6858,0,66
6802,0,66
3026,0,66
4827,0,66
4597,0,66
6003,0,66
280,0,66
5706,0,66
3537,0,66
3676,0,66
3934,0,66
5371,0,66
2704,0,66
87,0,66
432,0,66
3393,0,66
7093,0,66
5460,0,66
2399,0,66
1171,0,66
5473,0,66
5865,0,66
4405,0,66
4630,0,66
4681,0,66
1867,0,66
105,0,66
5642,1,66
7450,1,66
7788,1,66
436,1,66
629,1,66
1604,1,66
3465,1,66
6955,0,66
5508,0,66
6613,1,66
7351,1,66
1260,1,66
1952,1,66
1346,1,66
1953,1,66
5225,1,66
6380,1,66
4626,1,66
4585,1,66
1551,1,66
4450,1,66
246,1,66
3195,1,66
3083,1,66
7795,1,66
3423,1,66
6457,1,66
4530,1,66
2238,1,66
3012,1,66
7014,1,66
481,1,66
7276,1,66
4784,1,66
3170,1,66
1106,1,66
7226,1,66
6521,1,66
140,1,66
290,1,66
2385,1,66
7731,1,66
4343,1,66
6268,1,66
2356,1,66
4146,1,66
7806,1,66
2390,1,66
2189,1,66
796,1,66
907,1,66
5055,1,66
5577,1,66
1270,1,66
2624,4,67
6307,2,67
5269,13,67
2705,5,67
5609,8,67
2092,1,67
5328,0,67
4070,0,67
1288,1,67
4036,0,67
7677,0,67
3140,0,67
1379,0,67
2523,0,67
5417,0,67
5484,0,67
3146,0,67
7289,0,67
2748,0,67
7408,0,67
5096,0,67
1915,0,67
4898,0,67
2080,0,67
706,0,67
177,0,67
2644,0,67
2003,0,67
6922,0,67
6630,0,67
3980,0,67
2149,0,67
1838,0,67
3401,0,67
7016,0,67
6158,0,67
1552,0,67
4469,0,67
6424,0,67
1856,0,67
3162,0,67
2320,0,67
286,0,67
6671,0,67
1831,0,67
3049,0,67
5240,0,67
6568,0,67
510,0,67
1415,0,67
3214,0,67
1845,0,67
544,0,67
6130,0,67
3025,0,67
7402,0,67
6084,0,67
5717,0,67
2667,0,67
41,0,67
2904,0,67
3568,1,67
7766,1,67
4488,1,67
5391,1,67
1740,1,67
3219,1,67
5579,1,67
2689,1,67
7199,1,67
2405,1,67
4688,1,67
4206,1,67
6055,1,67
196,1,67
6430,1,67
688,1,67
6746,1,67
1568,1,67
3868,1,67
2662,1,67
3490,1,67
4283,1,67
709,1,67
928,1,67
6119,1,67
3302,1,67
4196,1,67
3206,1,67
2254,1,67
1192,1,67
5546,1,67
1614,1,67
476,1,67
7785,1,67
4654,1,67
2768,1,67
7340,1,67
7482,1,67
5681,1,67
3794,1,67
7473,1,67
1724,1,67
7436,1,67
236,1,67
6578,1,67
1748,1,67
6124,1,67
983,1,67
3395,1,67
1686,1,67
4948,1,67
4250,1,67
1968,1,67
3522,1,67
3719,1,67
6299,1,67
7904,1,67
7632,9,68
151,1,68
5598,7,68
5855,13,68
4546,5,68
610,6,68
972,2,68
6550,9,68
5907,9,68
4990,0,68
3514,0,68
7812,0,68
3516,0,68
1450,1,68
42,0,68
4143,0,68
5436,0,68
4607,0,68
2963,1,68
3479,0,68
6496,0,68
1889,1,68
4393,0,68
3489,0,68
455,0,68
4265,0,68
3227,0,68
2683,0,68
7505,0,68
2353,0,68
4194,0,68
468,0,68
6621,0,68
4304,0,68
7605,0,68
7623,0,68
6618,0,68
6608,0,68
1017,0,68
2363,0,68
253,0,68
1310,0,68
6283,0,68
2846,0,68
1488,0,68
5043,0,68
6305,0,68
6204,0,68
7753,0,68
3460,0,68
2439,0,68
4252,0,68
3843,0,68
919,0,68
5112,0,68
4423,0,68
5435,0,68
1914,0,68
7077,0,68
6677,0,68
3777,0,68
3795,0,68
5181,0,68
3062,1,68
2903,1,68
5174,1,68
3201,1,68
473,1,68
6638,1,68
7403,1,68
4733,1,68
1699,1,68
3556,1,68
7579,1,68
5452,1,68
269,1,68
1336,1,68
1470,1,68
6065,1,68
5145,1,68
6260,1,68
7732,1,68
6675,1,68
3252,1,68
6331,1,68
4184,1,68
1316,1,68
7563,1,68
5721,1,68
7708,1,68
7558,1,68
4447,1,68
6679,1,68
779,1,68
664,1,68
139,1,68
4876,1,68
1783,1,68
3348,1,68
4988,1,68
5839,1,68
2213,1,68
6197,1,68
6329,1,68
4239,1,68
7694,1,68
4860,1,68
478,1,68
3402,1,68
2000,7,70
979,8,72
5141,12,73
7705,13,75
1170,8,76
2295,1,76
4148,8,79
3420,8,82
3856,1,82
4409,11,83
318,12,84
3058,4,88
7003,12,88
3594,8,90
6482,8,91
117,11,91
2338,4,92
417,11,93
7553,4,93
6411,5,93
91,1,95
2980,11,98
5516,1,99
7841,13,99
7560,6,109
4085,0,111
440,7,112
4846,4,114
2355,6,116
193,1,117
7391,0,119
1128,12,120
308,6,123
7792,5,135
6822,7,136
5310,12,139
801,8,142
7348,1,150
5991,11,150
1114,8,150
962,4,155
7678,12,156
522,8,158
4516,4,159
194,11,161
2798,11,164
5979,1,165
5327,4,181
5862,6,182
3087,1,184
5683,12,187
234,6,191
1403,8,210
2619,1,217
396,8,218
2960,12,223
792,8,224
6015,11,228
5632,4,229
3379,11,232
4301,1,233
5107,4,247
4810,6,250
768,12,255
330,6,257
6987,1,285
1378,8,286
3502,12,290
157,8,290
3352,4,295
3948,11,295
2530,11,298
7116,1,301
2678,4,315
976,6,318
438,12,322
334,6,323
6216,1,352
3782,8,354
2593,8,356
3940,12,358
7671,4,361
2234,11,361
6468,11,365
1262,1,368
6615,4,383
2924,12,389
6606,1,419
66,8,421
1369,12,424
3977,8,424
3978,11,428
1808,1,435
137,1,487
6361,8,488
4916,8,492
2801,1,503
5669,1,554
3838,8,554
6140,8,558
6038,1,571
6195,1,620
864,8,621
5768,1,639
4811,6,991
2372,6,1058
6604,4,1064
4639,6,1126
252,4,1130
4871,12,1136
2112,11,1142
4625,8,1168
6441,6,1194
5210,4,1198
7227,12,1203
7283,11,1210
2828,1,1235
5259,8,1235
5530,6,1260
3918,4,1264
1718,12,1271
4951,11,1276
3029,8,1301
5049,1,1303
7783,6,1328
1313,4,1331
3584,12,1338
3226,11,1342
7372,8,1367
2044,1,1369
6256,6,1396
6879,4,1397
57,12,1405
1565,11,1408
2621,8,1434
7115,1,1437
2554,6,1462
2073,4,1464
7962,12,1472
5218,11,1474
4316,8,1501
375,1,1504
6581,6,1530
727,4,1532
3310,12,1538
1388,11,1540
4341,8,1568
6062,1,1572
5201,6,1598
4935,4,1600
4235,12,1605
3798,11,1606
5500,8,1634
7025,1,1639
7235,6,1666
6799,4,1668
1390,11,1672
4061,12,1672
249,8,1701
5194,1,1705
2674,6,1733
5564,4,1736
3037,12,1738
457,11,1738
316,8,1768
2967,1,1771
7822,6,1799
2047,4,1804
3815,11,1805
953,12,1805
4543,8,1834
3061,1,1839
3190,6,1866
552,4,1871
4060,11,1872
107,12,1873
7293,8,1900
6897,1,1906
6471,6,1932
3229,12,1939
6678,11,1939
6837,4,1939
4197,8,1967
4541,1,1973
2090,6,2000
3360,12,2005
4720,11,2007
6989,4,2007
4993,8,2033
4964,1,2039
49,6,2067
2612,12,2073
2286,11,2073
2065,4,2074
5394,8,2099
7125,1,2105
1950,6,2135
5824,12,2139
3480,11,2139
1169,4,2142
7365,8,2166
6044,1,2173
1758,6,2203
6258,11,2207
819,12,2207
2088,4,2208
4606,8,2232
5007,1,2241
3163,6,2270
2541,12,2274
760,4,2275
6921,11,2275
4261,8,2299
6049,1,2309
5246,6,2337
927,12,2341
4709,11,2343
4127,4,2343
3073,8,2366
827,1,2377
7102,12,2408
7282,11,2410
4670,4,2411
7052,8,2433
3824,1,2443
6439,12,2475
1774,11,2476
3027,4,2478
1508,8,2500
3250,1,2511
1117,11,2542
4797,12,2543
7686,4,2544
3344,8,2568
6800,1,2579
7470,11,2610
7096,12,2610
628,4,2612
4550,8,2633
3381,1,2644
5013,11,2675
591,4,2677
4402,12,2678
6931,8,2700
1682,1,2711
241,11,2741
1448,4,2745
6995,12,2746
6871,8,2768
1993,1,2779
3816,8,2834
2659,1,2844
1338,8,2899
5704,1,2910
4503,8,2967
55,1,2977
4309,8,3032
665,1,3043
3765,8,3099
3968,1,3109
3564,8,3167
2703,1,3175
3890,8,3233
5612,1,3242
7639,8,3298
2,1,3310
6713,8,3366
1298,1,3377
3354,8,3431
144,1,3443
5397,8,3499
67,1,3508
5117,8,3566
7979,1,3573
1324,8,3632
2948,1,3639
5282,8,3698
5534,1,3706
3397,8,3765
5180,1,3774
