0,3,30
1,3,30
2,3,47
3,3,47
4,3,47
5,3,47
6,3,47
7,5,47
8,5,47
9,3,47
10,5,47
11,3,47
12,5,47
13,5,47
14,5,48
15,5,48
16,7,48
17,7,48
18,7,48
19,7,48
20,5,48
21,7,48
22,7,48
23,7,48
24,7,48
25,7,48
26,7,48
27,7,48
28,0,48
29,0,48
30,0,48
31,3,48
32,7,48
33,0,48
34,0,48
35,7,48
36,0,48
37,0,48
38,0,48
39,0,48
40,0,48
41,0,48
42,0,48
43,1,48
44,1,48
45,1,48
46,1,48
47,5,50
48,3,50
49,5,50
50,0,50
51,1,50
52,1,50
53,1,50
54,3,50
55,1,50
56,1,50
57,1,50
58,1,50
59,1,50
60,6,50
61,6,50
62,6,50
63,6,50
64,6,50
65,6,50
66,6,50
67,6,50
68,6,50
69,7,50
70,6,50
71,6,50
72,6,50
73,6,50
74,6,50
75,2,50
76,6,50
77,2,50
78,6,50
79,2,50
80,2,50
81,2,50
82,2,50
83,2,50
84,2,50
85,2,50
86,2,50
87,2,50
88,2,50
89,2,50
90,2,50
91,5,50
92,2,50
93,2,50
94,2,50
95,4,50
96,4,50
97,4,50
98,4,50
99,4,50
100,4,50
101,4,50
102,4,50
103,4,50
104,4,50
105,4,50
106,4,50
107,4,50
108,4,50
109,4,50
110,4,51
111,1,53
112,3,53
113,4,53
114,6,55
115,1,56
116,3,56
117,4,56
118,4,56
119,4,56
120,3,56
121,5,56
122,5,56
123,4,57
124,3,57
125,5,57
126,3,57
127,7,57
128,6,57
129,3,59
130,2,59
131,2,60
132,6,60
133,0,60
134,4,61
135,6,61
136,4,62
137,7,62
138,0,63
139,5,63
140,2,63
141,2,63
142,4,64
143,7,64
144,7,64
145,4,65
146,0,65
147,1,65
148,0,66
149,1,67
150,0,67
151,0,68
152,2,68
153,2,68
154,0,68
155,2,68
156,0,69
157,6,70
158,4,70
159,1,71
160,3,71
161,4,71
162,4,71
163,2,71
164,5,71
165,7,71
166,0,71
167,1,72
168,6,72
169,2,72
170,1,72
171,7,72
172,4,72
173,0,74
174,0,74
175,0,74
176,0,74
177,4,74
178,7,75
179,5,75
180,4,75
181,2,78
182,3,78
183,2,79
184,3,79
185,4,79
186,5,79
187,1,79
188,6,79
189,6,80
190,5,80
191,2,80
192,3,80
193,2,81
194,6,81
195,3,81
196,7,81
197,2,81
198,1,82
199,5,82
200,1,82
201,6,83
202,3,83
203,2,83
204,4,83
205,6,84
206,0,84
207,4,85
208,7,85
209,4,85
210,6,85
211,1,87
212,0,87
213,0,87
214,7,87
215,4,87
216,3,87
217,6,87
218,1,87
219,2,87
220,2,87
221,6,87
222,1,88
223,4,89
224,5,89
225,7,89
226,4,89
227,6,90
228,4,90
229,4,90
230,2,90
231,3,90
232,6,90
233,3,90
234,2,90
235,3,90
236,7,90
237,1,90
238,1,90
239,1,90
240,6,90
241,6,90
242,0,90
243,0,90
244,1,91
245,2,91
246,4,92
247,2,92
248,0,92
249,4,92
250,2,93
251,2,93
252,5,93
253,2,93
254,4,93
255,7,94
256,4,94
257,7,94
258,3,94
259,1,94
260,3,95
261,3,95
262,7,95
263,2,95
264,5,95
265,2,95
266,1,95
267,4,95
268,4,96
269,6,97
270,6,97
271,2,97
272,5,97
273,3,97
274,1,97
275,0,97
276,2,97
277,7,97
278,2,98
279,2,98
280,1,98
281,0,98
282,7,98
283,5,98
284,6,100
285,5,101
286,6,101
287,1,101
288,2,101
289,6,101
290,2,101
291,3,101
292,2,101
293,7,102
294,6,102
295,4,102
296,0,102
297,2,102
298,7,102
299,3,102
300,5,102
301,1,102
302,6,102
303,2,103
304,6,103
305,1,103
306,2,103
307,2,103
308,1,103
309,2,104
310,6,104
311,0,104
312,5,104
313,4,104
314,1,104
315,1,104
316,3,104
317,5,104
318,1,105
319,4,105
320,7,105
321,6,106
322,0,106
323,0,106
324,2,106
325,5,106
326,0,106
327,2,106
328,4,108
329,0,108
330,6,108
331,2,108
332,5,108
333,7,108
334,7,108
335,4,108
336,4,108
337,3,108
338,4,109
339,1,109
340,0,109
341,6,109
342,2,109
343,7,109
344,4,109
345,7,109
346,0,110
347,3,111
348,0,111
349,5,111
350,7,111
351,4,113
352,7,113
353,0,114
354,1,115
355,4,115
356,7,115
357,0,115
358,0,115
359,6,115
360,2,115
361,1,115
362,1,115
363,5,115
364,4,115
365,4,116
366,5,116
367,2,116
368,3,116
369,6,116
370,6,116
371,0,116
372,4,116
373,0,116
374,6,118
375,4,118
376,4,118
377,6,119
378,4,119
379,6,119
380,5,119
381,4,120
382,4,120
383,4,121
384,7,121
385,6,121
386,7,121
387,7,123
388,3,123
389,2,124
390,2,124
391,4,124
392,2,125
393,7,125
394,1,126
395,0,126
396,4,127
397,0,127
398,6,127
399,0,127
400,4,128
401,5,128
402,4,128
403,1,128
404,5,128
405,6,129
406,4,129
407,0,130
408,2,130
409,3,130
410,5,130
411,7,130
412,1,131
413,5,131
414,6,131
415,0,131
416,7,131
417,0,132
418,2,132
419,5,132
420,6,132
421,7,132
422,3,133
423,4,133
424,4,133
425,2,134
426,5,134
427,4,134
428,5,134
429,3,134
430,7,135
431,4,135
432,6,135
433,2,135
434,7,136
435,4,136
436,1,136
437,0,136
438,1,136
439,7,136
440,4,136
441,4,136
442,2,137
443,0,137
444,6,138
445,1,138
446,6,138
447,2,138
448,1,138
449,6,139
450,6,139
451,6,139
452,2,139
453,2,139
454,4,140
455,4,140
456,2,140
457,1,140
458,7,141
459,2,141
460,7,141
461,4,141
462,2,143
463,4,143
464,6,143
465,4,143
466,3,143
467,4,143
468,3,143
469,4,144
470,1,144
471,0,145
472,7,146
473,0,146
474,4,146
475,3,147
476,2,147
477,2,147
478,3,147
479,2,147
480,3,147
481,7,147
482,1,149
483,7,149
484,0,149
485,6,149
486,0,149
487,6,151
488,2,151
489,1,151
490,3,151
491,1,152
492,3,153
493,0,153
494,6,153
495,0,153
496,3,153
497,1,153
498,4,154
499,6,154
500,0,154
501,0,154
502,2,154
503,4,154
504,0,154
505,7,155
506,7,155
507,5,155
508,0,155
509,6,155
510,4,155
511,3,155
512,1,155
513,1,155
514,6,155
515,1,156
516,6,156
517,1,156
518,0,156
519,5,156
520,0,158
521,5,158
522,5,158
523,4,158
524,3,158
525,0,158
526,1,158
527,1,159
528,6,159
529,6,160
530,6,160
531,6,160
532,1,160
533,2,160
534,2,160
535,0,160
536,5,160
537,7,161
538,1,161
539,1,161
540,1,161
541,6,163
542,7,163
543,2,163
544,4,163
545,4,164
546,5,164
547,4,164
548,5,164
549,5,164
550,5,164
551,6,165
552,1,166
553,1,166
554,0,166
555,1,166
556,0,166
557,6,166
558,7,166
559,5,166
560,4,166
561,7,166
562,4,166
563,4,166
564,4,166
565,2,167
566,7,167
567,2,167
568,1,168
569,3,168
570,1,168
571,2,169
572,5,169
573,7,169
574,2,169
575,2,169
576,2,169
577,1,169
578,2,169
579,6,169
580,4,171
581,2,171
582,1,171
583,6,171
584,2,171
585,0,172
586,5,172
587,4,173
588,4,174
589,4,174
590,2,174
591,5,174
592,0,174
593,4,174
594,4,175
595,2,175
596,2,177
597,4,177
598,2,177
599,3,177
600,0,177
601,2,177
602,0,177
603,5,177
604,6,177
605,2,178
606,3,178
607,4,178
608,1,178
609,2,179
610,6,179
611,7,179
612,6,179
613,4,181
614,0,181
615,5,181
616,1,181
617,6,181
618,4,181
619,7,181
620,2,181
621,5,181
622,4,181
623,0,182
624,5,182
625,0,182
626,3,182
627,2,182
628,2,182
629,7,182
630,7,182
631,4,183
632,4,183
633,1,183
634,6,183
635,5,183
636,2,183
637,7,183
638,2,184
639,0,185
640,7,185
641,3,186
642,3,186
643,6,186
644,3,186
645,0,186
646,1,186
647,4,186
648,5,187
649,4,188
650,7,188
651,7,188
652,0,188
653,0,188
654,2,188
655,4,188
656,4,189
657,3,189
658,1,190
659,2,191
660,0,191
661,1,192
662,7,192
663,4,192
664,2,192
665,5,192
666,0,192
667,1,192
668,6,192
669,0,192
670,1,192
671,0,193
672,1,193
673,1,193
674,6,193
675,6,193
676,2,194
677,1,194
678,7,194
679,2,194
680,4,194
681,4,194
682,4,195
683,4,195
684,4,195
685,7,195
686,1,195
687,6,195
688,4,195
689,0,195
690,7,195
691,1,196
692,1,196
693,6,196
694,0,197
695,1,199
696,2,199
697,1,199
698,5,199
699,4,199
700,1,199
701,3,199
702,3,199
703,0,199
704,2,199
705,4,199
706,6,199
707,2,199
708,5,199
709,6,199
710,7,200
711,1,201
712,0,201
713,5,201
714,7,201
715,3,201
716,2,201
717,7,203
718,4,203
719,0,203
720,5,203
721,2,203
722,2,203
723,1,203
724,6,203
725,6,203
726,6,203
727,0,203
728,1,206
729,3,206
730,6,206
731,4,206
732,5,206
733,7,206
734,0,206
735,1,206
736,4,207
737,4,207
738,1,207
739,3,207
740,5,207
741,2,207
742,0,207
743,2,207
744,5,207
745,7,207
746,1,207
747,6,207
748,2,208
749,0,208
750,0,210
751,0,210
752,5,210
753,0,210
754,4,212
755,5,212
756,0,212
757,7,212
758,7,212
759,1,212
760,2,212
761,3,212
762,2,212
763,3,212
764,6,213
765,1,213
766,4,213
767,2,214
768,5,214
769,0,214
770,4,214
771,7,215
772,7,215
773,2,215
774,4,215
775,4,216
776,2,217
777,7,217
778,5,217
779,0,217
780,6,217
781,2,218
782,4,220
783,2,220
784,0,220
785,3,220
786,6,220
787,0,220
788,7,220
789,5,220
790,1,220
791,4,220
792,3,221
793,4,221
794,7,221
795,6,221
796,4,222
797,4,222
798,7,222
799,4,222
800,4,222
801,4,223
802,0,223
803,4,223
804,1,223
805,0,223
806,1,223
807,4,223
808,7,224
809,4,224
810,2,224
811,6,224
812,2,224
813,7,224
814,7,224
815,1,225
816,0,225
817,6,226
818,5,226
819,1,226
820,1,226
821,6,226
822,6,226
823,3,226
824,4,227
825,6,227
826,5,227
827,4,227
828,3,227
829,2,227
830,4,227
831,6,227
832,0,228
833,3,228
834,4,228
835,0,228
836,1,229
837,2,229
838,0,229
839,4,229
840,1,229
841,2,231
842,6,231
843,3,231
844,5,231
845,5,231
846,2,233
847,3,233
848,4,233
849,7,233
850,1,233
851,1,234
852,0,234
853,0,234
854,4,235
855,7,235
856,5,235
857,1,235
858,1,235
859,6,235
860,2,235
861,1,235
862,0,236
863,6,236
864,4,236
865,4,236
866,1,237
867,6,237
868,3,237
869,7,237
870,6,237
871,1,238
872,0,239
873,3,239
874,7,239
875,6,239
876,4,239
877,7,239
878,6,239
879,0,239
880,4,241
881,4,241
882,3,241
883,5,241
884,7,242
885,7,242
886,7,242
887,7,242
888,6,243
889,6,243
890,1,244
891,6,244
892,1,244
893,0,244
894,5,244
895,4,244
896,7,244
897,2,244
898,3,244
899,0,244
900,2,244
901,7,245
902,2,245
903,2,246
904,2,246
905,4,246
906,1,246
907,7,246
908,4,246
909,0,246
910,4,246
911,6,247
912,1,247
913,3,247
914,6,247
915,2,249
916,5,249
917,6,249
918,2,249
919,0,249
920,4,249
921,2,249
922,3,249
923,0,250
924,0,250
925,0,250
926,4,250
927,6,250
928,2,250
929,2,250
930,5,251
931,0,251
932,5,251
933,1,251
934,3,251
935,2,251
936,6,251
937,4,252
938,0,253
939,5,253
940,4,253
941,1,253
942,1,253
943,4,253
944,2,253
945,3,253
946,3,253
947,1,253
948,0,254
949,7,255
950,4,255
951,6,257
952,4,257
953,7,257
954,5,257
955,0,258
956,0,258
957,0,258
958,3,258
959,2,258
960,1,259
961,6,259
962,4,259
963,4,259
964,6,260
965,2,260
966,2,260
967,4,260
968,1,261
969,6,261
970,6,261
971,4,262
972,4,262
973,3,263
974,2,263
975,7,263
976,2,263
977,6,263
978,3,263
979,6,263
980,7,264
981,3,264
982,4,264
983,2,264
984,2,264
985,0,265
986,2,265
987,4,265
988,7,265
989,6,265
990,3,265
991,5,265
992,2,266
993,1,267
994,4,267
995,1,267
996,0,267
997,2,267
998,2,270
999,5,270
1000,4,270
1001,3,270
1002,6,270
1003,7,270
1004,2,271
1005,4,271
1006,1,271
1007,5,271
1008,4,272
1009,2,272
1010,4,272
1011,7,272
1012,5,272
1013,6,272
1014,3,272
1015,5,273
1016,3,273
1017,2,273
1018,7,273
1019,5,273
1020,4,273
1021,1,273
1022,7,273
1023,4,274
1024,6,274
1025,6,274
1026,5,275
1027,1,275
1028,1,275
1029,1,275
1030,4,275
1031,4,275
1032,6,275
1033,4,276
1034,6,276
1035,7,277
1036,6,277
1037,3,277
1038,1,277
1039,1,277
1040,6,277
1041,6,277
1042,2,277
1043,4,277
1044,5,277
1045,1,277
1046,2,278
1047,3,279
1048,0,281
1049,6,281
1050,3,281
1051,2,281
1052,5,281
1053,3,281
1054,4,281
1055,7,281
1056,0,281
1057,3,282
1058,1,282
1059,6,283
1060,2,283
1061,4,283
1062,5,283
1063,4,283
1064,1,283
1065,6,283
1066,3,283
1067,6,283
1068,0,283
1069,5,283
1070,6,284
1071,5,284
1072,6,286
1073,3,286
1074,0,286
1075,2,286
1076,7,287
1077,2,287
1078,6,287
1079,7,287
1080,2,287
1081,2,287
1082,5,287
1083,0,287
1084,0,287
1085,4,287
1086,1,287
1087,1,287
1088,1,288
1089,4,288
1090,6,288
1091,1,288
1092,2,288
1093,0,288
1094,0,288
1095,7,289
1096,2,289
1097,4,289
1098,2,290
1099,5,290
1100,7,290
1101,7,290
1102,1,290
1103,2,291
1104,4,291
1105,0,292
1106,7,292
1107,1,292
1108,4,292
1109,0,292
1110,3,292
1111,1,292
1112,4,292
1113,2,292
1114,1,292
1115,5,292
1116,2,293
1117,2,293
1118,4,293
1119,2,293
1120,0,293
1121,5,293
1122,3,294
1123,3,294
1124,5,294
1125,1,294
1126,1,294
1127,4,295
1128,0,295
1129,4,295
1130,6,295
1131,0,295
1132,1,295
1133,7,295
1134,2,295
1135,1,295
1136,2,295
1137,2,295
1138,7,295
1139,4,296
1140,4,296
1141,1,297
1142,7,297
1143,4,298
1144,5,298
1145,4,298
1146,0,298
1147,7,298
1148,0,298
1149,6,298
1150,5,298
1151,4,298
1152,3,298
1153,7,299
1154,4,299
1155,1,299
1156,6,300
1157,7,300
1158,0,301
1159,3,301
1160,7,301
1161,5,302
1162,6,303
1163,4,303
1164,7,304
1165,3,304
1166,2,304
1167,6,304
1168,2,305
1169,5,305
1170,6,306
1171,1,306
1172,5,306
1173,6,306
1174,6,306
1175,4,307
1176,4,307
1177,0,308
1178,6,309
1179,2,309
1180,7,309
1181,3,309
1182,6,309
1183,1,309
1184,3,309
1185,0,309
1186,4,309
1187,5,309
1188,6,309
1189,2,310
1190,5,310
1191,1,310
1192,0,310
1193,1,310
1194,0,310
1195,1,310
1196,1,312
1197,3,312
1198,4,312
1199,1,314
1200,3,314
1201,4,314
1202,2,314
1203,4,314
1204,4,314
1205,6,314
1206,2,314
1207,1,314
1208,3,314
1209,2,314
1210,6,314
1211,4,314
1212,0,314
1213,7,314
1214,0,314
1215,6,315
1216,7,315
1217,4,317
1218,6,317
1219,5,317
1220,7,317
1221,4,317
1222,1,317
1223,4,317
1224,0,317
1225,3,317
1226,2,317
1227,3,317
1228,0,317
1229,3,318
1230,2,318
1231,1,318
1232,0,318
1233,3,318
1234,7,318
1235,4,318
1236,2,319
1237,2,319
1238,5,319
1239,5,319
1240,2,319
1241,3,319
1242,7,319
1243,4,319
1244,2,321
1245,0,321
1246,7,321
1247,2,321
1248,6,321
1249,4,321
1250,1,321
1251,7,321
1252,2,321
1253,6,321
1254,6,321
1255,0,322
1256,4,324
1257,4,324
1258,5,324
1259,4,325
1260,0,325
1261,2,326
1262,6,326
1263,1,326
1264,7,326
1265,3,326
1266,2,326
1267,5,326
1268,4,326
1269,2,326
1270,4,326
1271,4,327
1272,6,327
1273,5,327
1274,4,327
1275,4,328
1276,5,328
1277,1,328
1278,2,328
1279,6,328
1280,7,328
1281,1,328
1282,6,328
1283,4,329
1284,4,329
1285,4,330
1286,2,330
1287,0,330
1288,2,330
1289,0,330
1290,7,331
1291,2,332
1292,7,332
1293,4,333
1294,1,333
1295,0,334
1296,0,334
1297,1,334
1298,6,334
1299,1,334
1300,0,334
1301,2,335
1302,1,335
1303,2,336
1304,0,336
1305,4,336
1306,6,336
1307,3,336
1308,4,337
1309,6,338
1310,7,338
1311,4,338
1312,7,338
1313,1,338
1314,3,338
1315,4,339
1316,1,339
1317,0,339
1318,2,339
1319,5,339
1320,0,339
1321,0,339
1322,4,339
1323,6,339
1324,4,339
1325,5,341
1326,6,341
1327,7,341
1328,4,341
1329,6,341
1330,4,341
1331,5,341
1332,0,342
1333,2,342
1334,5,342
1335,0,342
1336,2,342
1337,7,342
1338,7,343
1339,7,343
1340,1,345
1341,7,345
1342,4,345
1343,3,345
1344,2,345
1345,4,345
1346,6,345
1347,1,346
1348,3,346
1349,2,346
1350,7,346
1351,6,346
1352,1,347
1353,4,347
1354,2,347
1355,4,347
1356,2,347
1357,1,347
1358,1,347
1359,6,348
1360,7,350
1361,2,350
1362,6,350
1363,7,350
1364,5,351
1365,1,352
1366,4,352
1367,3,352
1368,7,352
1369,6,352
1370,7,352
1371,0,352
1372,2,352
1373,1,352
1374,0,353
1375,0,353
1376,2,353
1377,3,353
1378,1,353
1379,3,353
1380,1,353
1381,4,353
1382,5,354
1383,3,354
1384,5,354
1385,1,354
1386,4,354
1387,0,354
1388,4,357
1389,6,357
1390,1,357
1391,0,357
1392,4,357
1393,4,358
1394,3,358
1395,5,358
1396,6,358
1397,4,358
1398,0,358
1399,2,358
1400,2,358
1401,2,358
1402,6,359
1403,4,359
1404,0,359
1405,1,359
1406,2,359
1407,7,359
1408,6,359
1409,5,359
1410,1,359
1411,2,360
1412,0,360
1413,7,360
1414,7,360
1415,1,361
1416,2,361
1417,1,361
1418,6,361
1419,3,361
1420,1,361
1421,6,361
1422,7,361
1423,6,361
1424,7,361
1425,7,361
1426,2,361
1427,7,361
1428,5,363
1429,7,363
1430,5,363
1431,1,363
1432,0,363
1433,2,363
1434,7,364
1435,6,364
1436,5,364
1437,1,364
1438,1,364
1439,7,364
1440,0,365
1441,1,365
1442,0,365
1443,2,365
1444,0,365
1445,6,366
1446,1,366
1447,3,366
1448,2,366
1449,4,366
1450,7,366
1451,6,366
1452,0,368
1453,2,368
1454,7,368
1455,2,369
1456,7,369
1457,1,369
1458,0,369
1459,0,369
1460,4,369
1461,6,370
1462,2,370
1463,1,370
1464,6,370
1465,3,370
1466,4,370
1467,5,370
1468,7,370
1469,4,371
1470,4,371
1471,3,371
1472,2,371
1473,4,371
1474,5,371
1475,1,373
1476,5,373
1477,4,373
1478,1,373
1479,4,373
1480,0,373
1481,3,373
1482,1,375
1483,7,375
1484,5,376
1485,2,377
1486,6,377
1487,3,377
1488,1,377
1489,6,377
1490,1,377
1491,7,377
1492,0,378
1493,7,378
1494,2,378
1495,4,378
1496,7,378
1497,5,378
1498,2,378
1499,4,378
1500,3,378
1501,3,378
1502,0,379
1503,3,379
1504,2,379
1505,4,379
1506,4,379
1507,2,379
1508,0,379
1509,5,379
1510,4,379
1511,4,380
1512,5,380
1513,2,380
1514,2,381
1515,2,381
1516,4,381
1517,1,382
1518,6,382
1519,1,382
1520,2,383
1521,6,383
1522,5,383
1523,7,383
1524,4,384
1525,1,384
1526,6,384
1527,0,384
1528,0,384
1529,4,385
1530,0,385
1531,1,385
1532,2,385
1533,5,385
1534,2,385
1535,6,385
1536,7,386
1537,1,386
1538,4,386
1539,1,386
1540,3,386
1541,4,386
1542,6,387
1543,6,387
1544,2,388
1545,5,388
1546,4,388
1547,4,388
1548,2,388
1549,3,388
1550,3,388
1551,0,388
1552,6,388
1553,6,388
1554,0,389
1555,7,389
1556,4,389
1557,2,389
1558,0,389
1559,2,389
1560,6,390
1561,6,390
1562,2,390
1563,1,392
1564,4,392
1565,1,392
1566,4,392
1567,0,392
1568,7,392
1569,3,392
1570,6,392
1571,2,393
1572,4,393
1573,6,393
1574,6,393
1575,0,393
1576,0,393
1577,1,394
1578,1,394
1579,0,395
1580,2,395
1581,6,395
1582,2,395
1583,7,395
1584,1,396
1585,2,396
1586,3,396
1587,1,396
1588,1,396
1589,1,398
1590,6,398
1591,0,398
1592,0,398
1593,2,399
1594,6,399
1595,2,399
1596,6,399
1597,6,399
1598,1,399
1599,3,399
1600,7,399
1601,2,399
1602,4,399
1603,4,399
1604,6,400
1605,5,400
1606,0,401
1607,2,401
1608,0,401
1609,4,401
1610,0,401
1611,0,401
1612,1,401
1613,6,401
1614,0,402
1615,7,402
1616,5,402
1617,0,402
1618,0,402
1619,1,402
1620,7,403
1621,2,403
1622,5,403
1623,7,403
1624,4,404
1625,3,404
1626,5,404
1627,1,406
1628,6,406
1629,4,407
1630,5,407
1631,6,407
1632,1,408
1633,6,408
1634,7,408
1635,3,408
1636,4,408
1637,0,408
1638,2,408
1639,2,409
1640,1,410
1641,5,410
1642,4,411
1643,4,411
1644,7,411
1645,0,412
1646,3,412
1647,4,412
1648,1,413
1649,2,413
1650,7,413
1651,2,413
1652,3,414
1653,2,415
1654,4,415
1655,1,416
1656,1,416
1657,7,416
1658,6,416
1659,6,416
1660,0,416
1661,6,417
1662,0,417
1663,5,417
1664,3,417
1665,5,417
1666,2,418
1667,6,418
1668,2,418
1669,5,418
1670,4,418
1671,7,418
1672,1,418
1673,2,418
1674,2,418
1675,2,419
1676,2,419
1677,5,419
1678,3,419
1679,5,419
1680,4,419
1681,1,420
1682,2,420
1683,0,421
1684,2,421
1685,4,421
1686,0,421
1687,6,421
1688,7,421
1689,2,421
1690,4,421
1691,4,422
1692,4,422
1693,0,422
1694,3,422
1695,6,423
1696,2,423
1697,4,423
1698,2,423
1699,3,423
1700,0,423
1701,4,423
1702,6,423
1703,6,424
1704,6,424
1705,6,424
1706,6,425
1707,6,425
1708,7,425
1709,3,425
1710,4,425
1711,0,425
1712,1,425
1713,5,425
1714,0,425
1715,2,426
1716,0,426
1717,4,427
1718,5,427
1719,6,427
1720,4,427
1721,6,427
1722,0,427
1723,3,427
1724,4,427
1725,7,429
1726,6,430
1727,5,430
1728,4,430
1729,4,430
1730,6,430
1731,2,430
1732,0,430
1733,1,430
1734,7,430
1735,0,430
1736,2,430
1737,4,432
1738,0,432
1739,1,432
1740,6,432
1741,7,432
1742,5,432
1743,6,432
1744,6,432
1745,1,432
1746,7,432
1747,1,432
1748,2,433
1749,1,433
1750,6,433
1751,7,433
1752,7,433
1753,4,434
1754,5,434
1755,2,434
1756,3,434
1757,6,434
1758,4,434
1759,2,434
1760,3,434
1761,2,435
1762,4,435
1763,0,435
1764,2,436
1765,6,437
1766,7,437
1767,0,437
1768,2,437
1769,2,437
1770,2,440
1771,5,440
1772,3,440
1773,1,440
1774,6,441
1775,5,441
1776,1,442
1777,2,443
1778,2,444
1779,7,444
1780,0,444
1781,6,444
1782,6,444
1783,4,445
1784,4,446
1785,4,446
1786,6,446
1787,1,446
1788,1,446
1789,4,446
1790,3,446
1791,3,446
1792,4,446
1793,7,446
1794,0,446
1795,2,447
1796,4,447
1797,1,447
1798,4,448
1799,3,448
1800,0,448
1801,1,449
1802,2,449
1803,7,449
1804,1,450
1805,6,450
1806,3,450
1807,0,450
1808,6,450
1809,4,451
1810,5,451
1811,0,451
1812,4,453
1813,0,453
1814,7,453
1815,6,453
1816,7,453
1817,3,454
1818,2,454
1819,0,454
1820,7,454
1821,7,454
1822,1,455
1823,0,455
1824,2,455
1825,4,456
1826,0,456
1827,5,456
1828,6,456
1829,7,456
1830,4,457
1831,4,457
1832,2,457
1833,3,457
1834,6,458
1835,4,458
1836,0,458
1837,0,458
1838,3,459
1839,7,459
1840,5,459
1841,6,459
1842,6,460
1843,3,460
1844,1,460
1845,2,460
1846,6,460
1847,7,460
1848,7,460
1849,0,460
1850,7,460
1851,0,461
1852,1,461
1853,2,461
1854,4,461
1855,1,461
1856,2,462
1857,7,462
1858,3,462
1859,0,462
1860,5,462
1861,5,462
1862,4,463
1863,4,463
1864,2,463
1865,1,463
1866,6,463
1867,3,463
1868,7,463
1869,4,463
1870,5,464
1871,4,464
1872,3,465
1873,6,465
1874,5,465
1875,1,465
1876,2,466
1877,5,466
1878,4,466
1879,1,466
1880,1,466
1881,0,466
1882,2,466
1883,3,466
1884,1,466
1885,7,466
1886,1,466
1887,2,467
1888,3,467
1889,4,469
1890,5,469
1891,7,469
1892,2,469
1893,6,469
1894,4,469
1895,2,470
1896,1,470
1897,7,470
1898,2,470
1899,2,471
1900,3,471
1901,1,471
1902,3,471
1903,0,471
1904,6,471
1905,3,472
1906,7,472
1907,0,472
1908,7,472
1909,6,472
1910,3,472
1911,1,473
1912,0,473
1913,1,473
1914,6,473
1915,5,473
1916,4,473
1917,4,473
1918,2,475
1919,5,475
1920,3,475
1921,4,475
1922,5,475
1923,0,475
1924,5,478
1925,5,478
1926,1,478
1927,7,478
1928,5,478
1929,2,478
1930,6,478
1931,4,478
1932,1,478
1933,1,478
1934,0,478
1935,6,478
1936,6,478
1937,1,480
1938,3,480
1939,2,481
1940,2,481
1941,2,482
1942,6,482
1943,0,482
1944,1,482
1945,0,483
1946,3,483
1947,0,483
1948,6,484
1949,1,484
1950,4,484
1951,1,485
1952,2,485
1953,7,485
1954,6,485
1955,1,485
1956,4,485
1957,4,486
1958,4,486
1959,4,487
1960,6,487
1961,1,487
1962,4,487
1963,2,487
1964,4,487
1965,6,487
1966,5,487
1967,6,489
1968,6,490
1969,5,490
1970,3,490
1971,6,490
1972,1,490
1973,0,490
1974,2,490
1975,6,490
1976,2,491
1977,7,492
1978,4,492
1979,0,492
1980,1,492
1981,2,494
1982,2,494
1983,2,494
1984,3,494
1985,4,494
1986,2,494
1987,4,494
1988,5,494
1989,4,495
1990,5,495
1991,2,495
1992,0,495
1993,6,495
1994,7,495
1995,5,495
1996,0,495
1997,0,495
1998,0,496
1999,6,496
2000,7,497
2001,4,497
2002,4,497
2003,1,497
2004,0,497
2005,2,497
2006,7,497
2007,0,497
2008,0,498
2009,4,498
2010,6,498
2011,7,498
2012,7,498
2013,4,498
2014,7,498
2015,0,498
2016,6,498
2017,0,498
2018,7,499
2019,6,499
2020,1,499
2021,5,499
2022,1,499
2023,5,499
2024,3,499
2025,4,499
2026,4,499
2027,5,500
2028,2,500
2029,1,500
2030,4,501
2031,6,501
2032,1,501
2033,0,501
2034,2,502
2035,1,502
2036,3,502
2037,4,502
2038,2,502
2039,1,503
2040,4,503
2041,6,503
2042,0,504
2043,1,504
2044,5,504
2045,4,505
2046,4,505
2047,4,505
2048,4,505
2049,0,505
2050,0,505
2051,2,505
2052,4,505
2053,0,505
2054,7,505
2055,2,505
2056,4,506
2057,0,506
2058,4,506
2059,2,506
2060,5,506
2061,6,506
2062,4,507
2063,4,508
2064,6,508
2065,1,508
2066,2,509
2067,2,509
2068,2,509
2069,2,509
2070,5,509
2071,3,509
2072,0,509
2073,6,509
2074,7,509
2075,4,509
2076,2,510
2077,7,510
2078,3,511
2079,5,511
2080,6,511
2081,4,511
2082,2,511
2083,4,511
2084,3,512
2085,7,512
2086,0,513
2087,3,513
2088,3,513
2089,7,513
2090,6,515
2091,0,515
2092,1,515
2093,2,515
2094,5,515
2095,6,515
2096,4,516
2097,0,516
2098,6,516
2099,4,516
2100,0,516
2101,4,516
2102,1,516
2103,3,516
2104,2,516
2105,2,516
2106,7,516
2107,7,517
2108,3,517
2109,2,517
2110,3,517
2111,4,517
2112,3,518
2113,2,518
2114,7,518
2115,2,518
2116,0,518
2117,4,518
2118,2,518
2119,0,518
2120,6,520
2121,7,520
2122,6,520
2123,6,520
2124,0,521
2125,7,521
2126,0,521
2127,7,522
2128,2,522
2129,4,522
2130,6,522
2131,5,522
2132,5,522
2133,3,523
2134,3,523
2135,6,523
2136,6,524
2137,0,524
2138,3,524
2139,6,524
2140,6,524
2141,4,524
2142,2,524
2143,0,525
2144,5,525
2145,2,525
2146,5,525
2147,1,526
2148,1,526
2149,0,526
2150,6,526
2151,7,526
2152,2,526
2153,1,528
2154,0,530
2155,6,530
2156,2,531
2157,1,531
2158,6,532
2159,0,532
2160,5,532
2161,1,532
2162,4,532
2163,1,532
2164,2,532
2165,7,532
2166,6,532
2167,7,532
2168,5,532
2169,6,533
2170,1,533
2171,6,534
2172,4,535
2173,1,535
2174,4,535
2175,7,535
2176,1,535
2177,0,535
2178,1,535
2179,0,536
2180,2,536
2181,7,536
2182,4,536
2183,2,537
2184,6,537
2185,5,537
2186,0,537
2187,0,537
2188,1,537
2189,0,537
2190,2,537
2191,6,538
2192,0,538
2193,3,538
2194,1,539
2195,1,539
2196,1,539
2197,4,539
2198,4,540
2199,1,540
2200,4,540
2201,0,540
2202,6,540
2203,0,540
2204,1,540
2205,5,541
2206,0,541
2207,3,541
2208,6,542
2209,6,542
2210,4,543
2211,7,543
2212,0,543
2213,4,543
2214,0,543
2215,3,543
2216,4,546
2217,6,546
2218,2,546
2219,3,546
2220,5,546
2221,4,546
2222,0,546
2223,2,546
2224,2,546
2225,0,546
2226,0,546
2227,4,546
2228,1,546
2229,4,547
2230,2,547
2231,0,547
2232,3,547
2233,7,547
2234,1,547
2235,2,547
2236,3,547
2237,7,548
2238,7,548
2239,1,548
2240,6,548
2241,7,548
2242,0,548
2243,4,548
2244,5,548
2245,2,549
2246,0,549
2247,5,549
2248,6,549
2249,3,549
2250,5,549
2251,4,549
2252,2,549
2253,2,549
2254,5,549
2255,7,550
2256,7,550
2257,6,550
2258,0,550
2259,7,550
2260,2,550
2261,4,551
2262,6,551
2263,5,551
2264,4,551
2265,6,551
2266,0,551
2267,6,552
2268,5,552
2269,6,552
2270,2,552
2271,2,552
2272,3,552
2273,7,553
2274,6,553
2275,2,553
2276,1,553
2277,7,553
2278,2,553
2279,0,553
2280,6,553
2281,6,553
2282,7,555
2283,3,555
2284,4,555
2285,2,555
2286,1,556
2287,4,556
2288,2,556
2289,6,556
2290,3,556
2291,4,556
2292,0,557
2293,6,558
2294,7,558
2295,7,558
2296,0,558
2297,4,558
2298,0,558
2299,4,559
2300,3,559
2301,2,559
2302,1,559
2303,1,559
2304,2,560
2305,4,560
2306,5,560
2307,2,561
2308,1,561
2309,4,561
2310,5,561
2311,7,561
2312,4,562
2313,3,562
2314,2,562
2315,6,563
2316,7,563
2317,4,563
2318,6,563
2319,0,563
2320,2,563
2321,4,563
2322,0,563
2323,4,563
2324,6,563
2325,7,565
2326,2,565
2327,7,565
2328,1,565
2329,4,565
2330,4,566
2331,7,567
2332,1,568
2333,7,568
2334,2,568
2335,5,568
2336,4,568
2337,1,568
2338,0,568
2339,6,569
2340,6,569
2341,0,569
2342,3,569
2343,1,569
2344,0,571
2345,1,571
2346,0,571
2347,6,571
2348,2,572
2349,0,572
2350,1,572
2351,5,573
2352,5,573
2353,0,574
2354,0,574
2355,5,574
2356,1,574
2357,2,574
2358,4,574
2359,1,575
2360,0,575
2361,4,575
2362,1,575
2363,1,575
2364,6,576
2365,6,576
2366,5,576
2367,3,576
2368,0,576
2369,5,576
2370,0,576
2371,6,577
2372,4,577
2373,6,577
2374,4,577
2375,4,577
2376,4,578
2377,7,578
2378,7,578
2379,6,578
2380,4,578
2381,1,578
2382,3,578
2383,2,579
2384,6,579
2385,4,579
2386,2,579
2387,2,579
2388,6,579
2389,7,580
2390,6,581
2391,4,581
2392,6,581
2393,0,581
2394,0,581
2395,0,581
2396,0,582
2397,7,582
2398,0,582
2399,4,582
2400,6,583
2401,1,583
2402,0,583
2403,5,583
2404,4,583
2405,7,583
2406,5,583
2407,4,583
2408,4,583
2409,0,583
2410,0,583
2411,6,584
2412,1,584
2413,1,584
2414,7,584
2415,3,584
2416,0,584
2417,3,586
2418,5,586
2419,7,586
2420,1,586
2421,5,586
2422,4,586
2423,3,586
2424,2,586
2425,3,587
2426,6,587
2427,0,587
2428,1,588
2429,1,588
2430,5,588
2431,5,588
2432,2,589
2433,1,590
2434,5,590
2435,6,590
2436,0,590
2437,1,590
2438,4,591
2439,4,592
2440,2,592
2441,5,592
2442,4,593
2443,5,593
2444,7,593
2445,6,595
2446,6,595
2447,1,595
2448,3,595
2449,2,595
2450,1,595
2451,5,595
2452,3,595
2453,4,595
2454,0,595
2455,1,595
2456,2,595
2457,6,595
2458,1,595
2459,3,595
2460,5,595
2461,2,595
2462,4,596
2463,2,596
2464,3,596
2465,1,597
2466,1,597
2467,2,597
2468,7,597
2469,6,598
2470,0,598
2471,3,598
2472,4,598
2473,1,598
2474,1,598
2475,7,598
2476,6,600
2477,3,600
2478,2,600
2479,4,600
2480,4,601
2481,3,601
2482,0,601
2483,4,601
2484,2,601
2485,6,601
2486,6,601
2487,2,601
2488,6,601
2489,2,602
2490,7,602
2491,5,603
2492,3,603
2493,7,604
2494,0,604
2495,2,604
2496,6,605
2497,5,605
2498,6,605
2499,1,605
2500,3,605
2501,4,605
2502,4,605
2503,6,605
2504,7,605
2505,4,605
2506,7,606
2507,1,606
2508,3,606
2509,7,606
2510,4,606
2511,6,606
2512,2,606
2513,7,606
2514,7,606
2515,3,607
2516,6,607
2517,2,607
2518,4,607
2519,5,607
2520,6,607
2521,0,607
2522,1,607
2523,0,608
2524,6,608
2525,4,609
2526,6,609
2527,0,609
2528,3,609
2529,2,609
2530,2,609
2531,5,609
2532,3,609
2533,2,610
2534,2,610
2535,1,610
2536,5,610
2537,1,610
2538,4,610
2539,2,610
2540,2,610
2541,2,610
2542,1,612
2543,3,612
2544,7,613
2545,3,613
2546,1,613
2547,2,614
2548,2,614
2549,0,614
2550,6,614
2551,6,615
2552,2,615
2553,0,615
2554,2,615
2555,6,615
2556,4,615
2557,4,615
2558,4,616
2559,0,616
2560,1,616
2561,1,617
2562,2,617
2563,2,618
2564,4,618
2565,2,618
2566,7,618
2567,0,618
2568,4,619
2569,2,619
2570,7,620
2571,5,620
2572,1,620
2573,0,620
2574,3,621
2575,4,621
2576,2,621
2577,7,621
2578,3,621
2579,5,621
2580,2,621
2581,7,621
2582,0,622
2583,0,622
2584,6,623
2585,1,623
2586,7,623
2587,2,623
2588,4,624
2589,0,624
2590,4,626
2591,1,626
2592,3,626
2593,1,626
2594,6,626
2595,4,627
2596,4,627
2597,1,627
2598,0,627
2599,7,627
2600,5,628
2601,0,628
2602,7,628
2603,4,630
2604,1,630
2605,1,631
2606,7,631
2607,0,631
2608,5,631
2609,4,631
2610,2,631
2611,4,631
2612,1,631
2613,0,631
2614,0,632
2615,3,632
2616,4,632
2617,6,632
2618,2,632
2619,2,632
2620,2,632
2621,6,632
2622,0,632
2623,5,633
2624,2,633
2625,0,633
2626,5,633
2627,4,634
2628,3,634
2629,0,634
2630,1,634
2631,4,634
2632,5,634
2633,6,635
2634,0,635
2635,6,635
2636,5,635
2637,3,635
2638,6,635
2639,7,635
2640,2,635
2641,4,635
2642,6,635
2643,4,636
2644,6,636
2645,2,637
2646,0,637
2647,7,637
2648,1,637
2649,7,637
2650,2,637
2651,5,637
2652,6,637
2653,7,637
2654,7,638
2655,3,638
2656,4,638
2657,4,638
2658,4,640
2659,1,640
2660,0,640
2661,6,640
2662,2,640
2663,5,640
2664,0,640
2665,6,641
2666,0,641
2667,4,641
2668,2,641
2669,4,642
2670,6,642
2671,2,642
2672,2,642
2673,2,642
2674,5,642
2675,2,642
2676,5,642
2677,1,643
2678,4,644
2679,1,644
2680,7,644
2681,6,645
2682,7,645
2683,0,645
2684,3,645
2685,1,645
2686,1,645
2687,5,645
2688,4,646
2689,7,647
2690,4,647
2691,3,647
2692,4,647
2693,0,647
2694,6,647
2695,2,648
2696,6,649
2697,5,649
2698,4,649
2699,3,649
2700,2,649
2701,7,649
2702,3,649
2703,2,649
2704,3,651
2705,0,651
2706,6,651
2707,7,651
2708,2,651
2709,6,651
2710,4,651
2711,0,651
2712,6,651
2713,1,651
2714,6,651
2715,6,654
2716,3,654
2717,5,654
2718,5,654
2719,1,654
2720,7,655
2721,4,655
2722,0,655
2723,0,656
2724,7,656
2725,0,657
2726,1,657
2727,4,657
2728,6,657
2729,3,658
2730,1,658
2731,1,659
2732,2,659
2733,5,659
2734,4,659
2735,0,659
2736,0,659
2737,4,659
2738,4,659
2739,6,659
2740,4,659
2741,0,661
2742,0,661
2743,7,661
2744,4,661
2745,0,661
2746,4,661
2747,2,662
2748,4,662
2749,0,662
2750,2,662
2751,4,662
2752,0,662
2753,3,662
2754,5,663
2755,4,664
2756,5,664
2757,7,664
2758,0,664
2759,2,664
2760,0,664
2761,6,664
2762,3,664
2763,4,664
2764,2,664
2765,1,664
2766,6,665
2767,4,666
2768,2,666
2769,0,666
2770,6,666
2771,5,666
2772,3,666
2773,6,666
2774,5,667
2775,0,667
2776,3,668
2777,2,668
2778,0,668
2779,1,668
2780,2,669
2781,0,669
2782,6,670
2783,6,670
2784,0,670
2785,4,671
2786,6,671
2787,0,671
2788,0,672
2789,4,672
2790,3,672
2791,2,672
2792,7,672
2793,1,672
2794,6,672
2795,2,673
2796,4,674
2797,1,674
2798,2,674
2799,3,674
2800,4,674
2801,4,674
2802,0,674
2803,1,674
2804,5,676
2805,7,676
2806,0,676
2807,2,676
2808,3,676
2809,4,676
2810,1,676
2811,7,676
2812,1,676
2813,0,677
2814,7,677
2815,3,677
2816,1,677
2817,7,677
2818,1,678
2819,7,678
2820,0,678
2821,3,678
2822,4,679
2823,2,680
2824,1,680
2825,0,680
2826,5,681
2827,4,681
2828,2,681
2829,0,681
2830,2,682
2831,0,682
2832,1,682
2833,1,682
2834,6,683
2835,2,683
2836,0,683
2837,7,684
2838,6,684
2839,2,685
2840,0,685
2841,4,685
2842,7,685
2843,3,685
2844,2,685
2845,7,686
2846,5,686
2847,7,686
2848,4,686
2849,5,686
2850,2,686
2851,3,686
2852,1,686
2853,0,686
2854,7,687
2855,3,687
2856,6,687
2857,0,687
2858,3,687
2859,1,687
2860,6,688
2861,6,688
2862,3,689
2863,6,689
2864,0,690
2865,7,690
2866,4,690
2867,1,690
2868,2,691
2869,0,691
2870,3,691
2871,1,691
2872,0,691
2873,4,691
2874,2,692
2875,4,692
2876,2,692
2877,0,692
2878,6,692
2879,3,692
2880,7,692
2881,0,692
2882,5,692
2883,4,693
2884,0,693
2885,7,694
2886,4,694
2887,3,694
2888,6,695
2889,7,695
2890,0,695
2891,0,695
2892,5,695
2893,0,695
2894,2,695
2895,0,695
2896,6,695
2897,7,696
2898,2,696
2899,1,697
2900,6,697
2901,3,697
2902,5,698
2903,5,698
2904,3,698
2905,4,698
2906,5,698
2907,4,698
2908,1,698
2909,4,700
2910,1,700
2911,4,700
2912,1,700
2913,6,700
2914,6,701
2915,4,701
2916,4,702
2917,4,703
2918,4,703
2919,6,703
2920,6,703
2921,4,703
2922,6,704
2923,7,705
2924,3,705
2925,7,705
2926,1,706
2927,6,706
2928,0,706
2929,4,707
2930,2,707
2931,0,707
2932,7,707
2933,2,708
2934,2,708
2935,1,708
2936,4,709
2937,7,709
2938,0,709
2939,7,709
2940,1,711
2941,1,711
2942,1,711
2943,7,711
2944,6,711
2945,7,712
2946,7,712
2947,3,712
2948,7,712
2949,4,713
2950,1,713
2951,1,713
2952,0,713
2953,6,714
2954,6,714
2955,4,714
2956,0,715
2957,7,715
2958,2,715
2959,3,715
2960,3,715
2961,2,715
2962,2,715
2963,3,716
2964,2,716
2965,4,716
2966,4,717
2967,3,717
2968,2,717
2969,0,718
2970,0,718
2971,4,718
2972,5,718
2973,0,718
2974,6,718
2975,0,718
2976,3,718
2977,4,719
2978,5,719
2979,7,719
2980,6,719
2981,0,719
2982,2,720
2983,5,720
2984,2,720
2985,2,721
2986,6,721
2987,5,721
2988,7,721
2989,6,721
2990,3,721
2991,1,721
2992,6,721
2993,0,723
2994,3,723
2995,4,723
2996,1,723
2997,2,723
2998,4,724
2999,0,724
3000,5,724
3001,7,724
3002,4,724
3003,1,724
3004,7,724
3005,0,725
3006,5,725
3007,0,725
3008,0,725
3009,4,725
3010,4,725
3011,5,726
3012,6,726
3013,2,727
3014,4,727
3015,0,727
3016,4,727
3017,0,727
3018,5,727
3019,7,727
3020,6,727
3021,2,728
3022,0,728
3023,7,728
3024,4,728
3025,4,728
3026,2,728
3027,1,728
3028,2,729
3029,6,729
3030,1,729
3031,0,730
3032,7,730
3033,0,730
3034,2,732
3035,6,732
3036,1,732
3037,3,732
3038,0,732
3039,0,732
3040,1,732
3041,5,732
3042,4,732
3043,1,732
3044,0,732
3045,3,732
3046,6,733
3047,1,733
3048,4,733
3049,0,733
3050,2,733
3051,2,733
3052,6,733
3053,7,733
3054,3,733
3055,1,734
3056,0,734
3057,3,734
3058,1,735
3059,6,735
3060,0,736
3061,2,736
3062,1,737
3063,3,737
3064,4,737
3065,1,737
3066,7,737
3067,6,737
3068,6,737
3069,0,738
3070,4,738
3071,3,738
3072,7,740
3073,7,741
3074,2,741
3075,4,741
3076,4,741
3077,4,741
3078,6,741
3079,6,741
3080,0,741
3081,5,741
3082,4,741
3083,5,741
3084,2,742
3085,5,742
3086,2,742
3087,7,742
3088,0,742
3089,3,742
3090,4,742
3091,1,742
3092,4,742
3093,1,742
3094,4,742
3095,6,743
3096,6,743
3097,3,743
3098,4,743
3099,0,745
3100,0,745
3101,2,745
3102,2,745
3103,6,746
3104,7,746
3105,4,747
3106,4,747
3107,2,748
3108,3,748
3109,7,748
3110,3,748
3111,7,748
3112,4,749
3113,0,749
3114,5,749
3115,0,749
3116,7,749
3117,5,749
3118,6,749
3119,4,749
3120,1,750
3121,7,750
3122,0,750
3123,7,750
3124,7,751
3125,6,752
3126,2,752
3127,1,752
3128,4,752
3129,4,753
3130,3,753
3131,7,753
3132,4,753
3133,2,753
3134,1,753
3135,0,755
3136,3,755
3137,4,755
3138,7,755
3139,1,755
3140,6,755
3141,6,756
3142,5,756
3143,0,756
3144,5,756
3145,2,757
3146,6,758
3147,2,758
3148,2,758
3149,1,758
3150,0,758
3151,1,758
3152,6,759
3153,0,759
3154,7,759
3155,4,759
3156,2,759
3157,1,759
3158,1,759
3159,5,760
3160,4,760
3161,0,760
3162,6,761
3163,4,761
3164,7,761
3165,5,761
3166,3,761
3167,5,761
3168,4,762
3169,7,762
3170,2,762
3171,4,763
3172,4,763
3173,6,763
3174,3,763
3175,3,763
3176,6,764
3177,6,764
3178,3,764
3179,6,764
3180,2,764
3181,0,764
3182,1,764
3183,4,764
3184,1,764
3185,4,764
3186,0,764
3187,7,764
3188,5,764
3189,0,766
3190,5,766
3191,7,766
3192,6,766
3193,1,766
3194,0,766
3195,2,767
3196,2,767
3197,2,767
3198,4,768
3199,6,768
3200,1,768
3201,0,768
3202,5,769
3203,4,770
3204,0,770
3205,6,770
3206,6,770
3207,4,770
3208,7,770
3209,1,770
3210,4,770
3211,0,770
3212,6,770
3213,7,771
3214,1,772
3215,2,772
3216,6,772
3217,1,772
3218,3,772
3219,6,773
3220,7,773
3221,0,773
3222,1,773
3223,2,773
3224,6,773
3225,3,773
3226,2,773
3227,5,773
3228,6,773
3229,0,773
3230,0,773
3231,1,773
3232,5,773
3233,5,773
3234,7,774
3235,6,774
3236,4,774
3237,2,774
3238,1,775
3239,1,776
3240,4,776
3241,5,777
3242,4,777
3243,5,777
3244,7,777
3245,4,777
3246,6,777
3247,3,777
3248,0,777
3249,1,777
3250,2,777
3251,6,777
3252,3,777
3253,4,777
3254,1,778
3255,0,778
3256,1,778
3257,3,778
3258,2,779
3259,4,779
3260,6,779
3261,3,779
3262,2,779
3263,2,779
3264,7,779
3265,6,780
3266,0,780
3267,0,780
3268,7,780
3269,6,780
3270,0,780
3271,0,780
3272,3,780
3273,6,781
3274,5,781
3275,1,781
3276,0,782
3277,4,782
3278,2,782
3279,0,782
3280,1,783
3281,5,783
3282,6,783
3283,1,783
3284,0,783
3285,0,783
3286,4,783
3287,7,783
3288,4,784
3289,3,784
3290,0,784
3291,7,784
3292,4,787
3293,0,787
3294,2,787
3295,2,787
3296,6,789
3297,5,789
3298,0,789
3299,1,789
3300,2,789
3301,4,789
3302,7,789
3303,4,789
3304,7,789
3305,6,789
3306,1,791
3307,3,791
3308,2,793
3309,0,793
3310,4,794
3311,6,794
3312,4,794
3313,0,794
3314,0,794
3315,7,794
3316,6,794
3317,1,794
3318,7,794
3319,6,794
3320,1,794
3321,3,794
3322,6,794
3323,2,794
3324,4,796
3325,7,796
3326,0,796
3327,5,796
3328,4,796
3329,4,796
3330,0,796
3331,0,796
3332,0,796
3333,7,796
3334,7,797
3335,1,797
3336,4,797
3337,1,797
3338,5,797
3339,0,797
3340,1,797
3341,2,797
3342,3,799
3343,2,799
3344,4,799
3345,7,799
3346,0,799
3347,2,799
3348,3,799
3349,4,799
3350,6,799
3351,2,799
3352,5,799
3353,5,800
3354,1,802
3355,2,802
3356,1,802
3357,5,802
3358,4,802
3359,6,802
3360,6,802
3361,0,802
3362,5,802
3363,2,803
3364,1,803
3365,2,803
3366,2,803
3367,4,803
3368,7,803
3369,2,803
3370,4,805
3371,1,805
3372,0,807
3373,7,807
3374,5,807
3375,4,807
3376,5,807
3377,1,807
3378,1,807
3379,6,807
3380,5,807
3381,2,807
3382,7,807
3383,4,807
3384,1,807
3385,3,807
3386,2,807
3387,4,809
3388,5,809
3389,0,810
3390,2,810
3391,6,810
3392,0,812
3393,1,812
3394,1,812
3395,4,813
3396,5,813
3397,4,813
3398,4,813
3399,4,813
3400,0,813
3401,6,813
3402,6,813
3403,2,813
3404,5,813
3405,7,813
3406,3,813
3407,6,814
3408,6,814
3409,1,814
3410,4,814
3411,2,816
3412,2,816
3413,0,816
3414,6,816
3415,4,816
3416,3,816
3417,4,817
3418,3,817
3419,6,818
3420,6,819
3421,2,819
3422,4,819
3423,0,819
3424,6,820
3425,5,820
3426,3,820
3427,1,820
3428,5,820
3429,3,820
3430,2,820
3431,4,820
3432,7,820
3433,0,821
3434,7,821
3435,4,821
3436,1,821
3437,1,821
3438,2,822
3439,2,822
3440,4,822
3441,2,823
3442,4,823
3443,6,823
3444,0,823
3445,7,823
3446,1,823
3447,1,824
3448,1,824
3449,7,825
3450,4,825
3451,1,825
3452,2,825
3453,0,825
3454,3,825
3455,7,825
3456,2,826
3457,0,826
3458,2,826
3459,1,826
3460,1,826
3461,5,826
3462,4,826
3463,1,826
3464,0,826
3465,3,826
3466,7,826
3467,6,826
3468,6,826
3469,6,827
3470,3,827
3471,7,827
3472,6,828
3473,5,828
3474,2,828
3475,6,828
3476,0,828
3477,4,829
3478,1,830
3479,4,830
3480,6,830
3481,2,832
3482,1,832
3483,7,832
3484,5,832
3485,0,832
3486,2,832
3487,3,832
3488,2,833
3489,1,833
3490,6,833
3491,1,833
3492,4,835
3493,0,835
3494,6,835
3495,3,835
3496,7,835
3497,7,835
3498,0,835
3499,0,835
3500,1,836
3501,1,836
3502,5,836
3503,5,836
3504,6,836
3505,4,836
3506,0,837
3507,7,837
3508,6,838
3509,6,838
3510,4,838
3511,2,838
3512,3,838
3513,2,838
3514,6,838
3515,1,839
3516,4,839
3517,1,839
3518,1,839
3519,0,839
3520,6,839
3521,1,839
3522,1,839
3523,7,839
3524,7,839
3525,3,839
3526,4,839
3527,7,839
3528,6,840
3529,3,840
3530,2,840
3531,3,840
3532,6,840
3533,0,840
3534,1,840
3535,3,841
3536,0,841
3537,3,841
3538,4,841
3539,4,841
3540,4,841
3541,4,842
3542,6,842
3543,3,842
3544,2,842
3545,2,842
3546,4,842
3547,7,842
3548,0,842
3549,0,844
3550,1,846
3551,1,847
3552,5,847
3553,5,847
3554,4,849
3555,3,849
3556,2,849
3557,0,849
3558,4,849
3559,6,849
3560,4,849
3561,4,849
3562,0,850
3563,4,850
3564,6,850
3565,2,850
3566,5,850
3567,4,850
3568,7,850
3569,0,850
3570,5,850
3571,1,851
3572,2,851
3573,1,851
3574,1,851
3575,1,851
3576,3,851
3577,5,851
3578,5,852
3579,0,852
3580,6,853
3581,0,853
3582,4,853
3583,1,853
3584,6,853
3585,6,853
3586,6,853
3587,1,854
3588,7,855
3589,4,855
3590,0,856
3591,1,856
3592,1,856
3593,2,856
3594,4,857
3595,0,857
3596,6,857
3597,4,857
3598,7,857
3599,0,857
3600,5,857
3601,7,857
3602,0,857
3603,5,857
3604,0,857
3605,3,857
3606,6,860
3607,4,860
3608,6,860
3609,7,860
3610,5,860
3611,1,860
3612,2,860
3613,4,861
3614,6,861
3615,4,861
3616,6,861
3617,4,861
3618,1,861
3619,2,861
3620,4,862
3621,1,863
3622,0,863
3623,7,863
3624,0,863
3625,7,863
3626,0,863
3627,3,864
3628,1,864
3629,1,864
3630,2,864
3631,2,865
3632,2,865
3633,1,865
3634,7,866
3635,2,867
3636,2,867
3637,6,867
3638,4,867
3639,1,867
3640,2,868
3641,2,868
3642,7,868
3643,5,868
3644,3,868
3645,4,868
3646,3,868
3647,1,868
3648,6,868
3649,1,868
3650,0,869
3651,0,869
3652,6,869
3653,2,870
3654,4,871
3655,3,871
3656,1,871
3657,6,872
3658,7,872
3659,4,873
3660,1,873
3661,5,873
3662,2,873
3663,7,873
3664,6,873
3665,6,873
3666,4,874
3667,3,874
3668,5,874
3669,2,875
3670,0,875
3671,4,877
3672,6,877
3673,4,877
3674,1,877
3675,0,877
3676,5,877
3677,7,877
3678,0,878
3679,4,878
3680,6,878
3681,4,878
3682,4,878
3683,7,878
3684,7,878
3685,7,878
3686,7,878
3687,0,878
3688,0,878
3689,7,878
3690,4,879
3691,0,879
3692,4,879
3693,3,879
3694,6,879
3695,1,880
3696,1,880
3697,4,880
3698,6,880
3699,2,880
3700,4,880
3701,6,880
3702,4,881
3703,2,881
3704,2,881
3705,2,881
3706,6,881
3707,3,883
3708,3,884
3709,2,884
3710,1,884
3711,4,884
3712,0,884
3713,2,884
3714,2,884
3715,1,886
3716,6,886
3717,2,886
3718,7,886
3719,4,887
3720,3,887
3721,3,887
3722,4,887
3723,1,887
3724,0,887
3725,1,887
3726,3,888
3727,0,888
3728,7,888
3729,5,891
3730,3,891
3731,6,891
3732,0,891
3733,4,891
3734,2,891
3735,4,891
3736,1,892
3737,7,892
3738,6,892
3739,2,892
3740,0,892
3741,6,893
3742,5,893
3743,3,893
3744,6,893
3745,1,895
3746,7,895
3747,6,895
3748,5,895
3749,0,896
3750,6,896
3751,6,896
3752,2,896
3753,4,896
3754,0,896
3755,1,896
3756,2,896
3757,1,896
3758,6,897
3759,5,897
3760,6,897
3761,4,898
3762,5,898
3763,2,898
3764,4,899
3765,6,899
3766,5,901
3767,5,901
3768,4,901
3769,6,901
3770,1,901
3771,4,902
3772,0,902
3773,2,903
3774,6,903
3775,5,903
3776,7,903
3777,0,903
3778,3,903
3779,6,903
3780,2,903
3781,6,904
3782,4,904
3783,4,904
3784,1,904
3785,2,904
3786,2,904
3787,0,905
3788,1,905
3789,6,905
3790,4,905
3791,3,905
3792,7,905
3793,6,905
3794,4,905
3795,1,905
3796,2,905
3797,3,905
3798,1,906
3799,6,907
3800,3,907
3801,4,908
3802,0,909
3803,4,909
3804,3,909
3805,7,909
3806,2,909
3807,2,909
3808,7,909
3809,0,909
3810,3,909
3811,1,909
3812,2,910
3813,4,910
3814,7,910
3815,7,911
3816,7,911
3817,5,911
3818,0,911
3819,4,912
3820,0,912
3821,6,913
3822,4,913
3823,5,913
3824,6,914
3825,2,914
3826,2,915
3827,3,915
3828,5,915
3829,1,915
3830,2,915
3831,6,917
3832,4,917
3833,3,917
3834,1,917
3835,7,917
3836,1,918
3837,0,918
3838,7,918
3839,7,918
3840,6,919
3841,1,919
3842,2,919
3843,2,919
3844,2,919
3845,5,919
3846,4,919
3847,4,920
3848,3,920
3849,4,920
3850,0,920
3851,7,920
3852,1,920
3853,1,920
3854,4,921
3855,4,921
3856,4,922
3857,0,922
3858,7,922
3859,4,922
3860,6,924
3861,3,924
3862,6,924
3863,6,924
3864,4,925
3865,4,925
3866,1,925
3867,0,926
3868,7,926
3869,0,926
3870,6,926
3871,2,926
3872,7,927
3873,6,927
3874,6,927
3875,5,927
3876,1,927
3877,2,927
3878,5,927
3879,7,927
3880,4,927
3881,0,927
3882,3,927
3883,7,927
3884,1,927
3885,0,928
3886,3,928
3887,7,928
3888,3,928
3889,7,928
3890,7,929
3891,4,929
3892,4,929
3893,3,929
3894,5,929
3895,6,930
3896,4,930
3897,6,930
3898,6,930
3899,0,930
3900,0,931
3901,5,931
3902,3,931
3903,5,931
3904,1,931
3905,4,932
3906,4,933
3907,4,933
3908,3,933
3909,3,934
3910,5,935
3911,4,935
3912,1,935
3913,6,935
3914,0,935
3915,2,935
3916,1,935
3917,7,935
3918,4,935
3919,5,935
3920,4,936
3921,1,936
3922,1,937
3923,6,937
3924,4,937
3925,2,937
3926,2,937
3927,5,937
3928,1,937
3929,1,937
3930,6,937
3931,2,938
3932,6,938
3933,1,938
3934,6,938
3935,6,938
3936,6,938
3937,4,939
3938,0,939
3939,0,939
3940,7,939
3941,4,939
3942,1,940
3943,3,940
3944,7,940
3945,1,940
3946,4,940
3947,5,940
3948,1,941
3949,2,941
3950,2,941
3951,0,941
3952,2,941
3953,2,941
3954,6,941
3955,4,942
3956,0,942
3957,3,942
3958,1,942
3959,4,943
3960,0,943
3961,0,943
3962,1,943
3963,2,943
3964,6,943
3965,4,943
3966,1,944
3967,1,944
3968,6,944
3969,3,945
3970,6,946
3971,0,946
3972,2,946
3973,7,946
3974,6,946
3975,1,946
3976,5,946
3977,4,946
3978,4,946
3979,4,949
3980,5,949
3981,6,949
3982,3,949
3983,7,949
3984,7,949
3985,0,949
3986,2,949
3987,3,949
3988,1,949
3989,0,949
3990,0,949
3991,3,950
3992,0,950
3993,6,950
3994,6,950
3995,6,950
3996,7,951
3997,4,951
3998,7,951
3999,6,953
4000,4,953
4001,1,953
4002,6,953
4003,4,953
4004,2,954
4005,2,954
4006,2,954
4007,4,954
4008,2,955
4009,2,956
4010,1,956
4011,4,956
4012,2,956
4013,6,956
4014,4,957
4015,3,957
4016,7,957
4017,1,957
4018,5,957
4019,4,957
4020,7,957
4021,2,958
4022,0,958
4023,0,958
4024,7,958
4025,2,959
4026,6,959
4027,0,959
4028,4,959
4029,1,959
4030,6,959
4031,0,959
4032,5,959
4033,1,959
4034,2,960
4035,6,960
4036,6,960
4037,6,963
4038,0,963
4039,4,963
4040,0,963
4041,1,963
4042,6,963
4043,4,965
4044,2,965
4045,3,965
4046,0,965
4047,1,965
4048,6,965
4049,3,965
4050,5,965
4051,1,966
4052,2,966
4053,1,966
4054,7,966
4055,0,966
4056,4,966
4057,5,966
4058,1,967
4059,5,968
4060,4,968
4061,7,968
4062,7,968
4063,3,968
4064,1,968
4065,3,968
4066,6,968
4067,0,968
4068,6,968
4069,4,968
4070,2,970
4071,1,970
4072,7,970
4073,6,971
4074,4,971
4075,2,971
4076,6,971
4077,6,971
4078,7,972
4079,0,973
4080,0,973
4081,7,974
4082,4,974
4083,7,974
4084,5,974
4085,3,974
4086,6,974
4087,1,974
4088,4,975
4089,1,975
4090,4,975
4091,3,975
4092,2,975
4093,0,975
4094,0,975
4095,4,976
4096,5,976
4097,7,978
4098,2,978
4099,4,978
4100,0,978
4101,4,978
4102,4,978
4103,6,980
4104,5,980
4105,2,980
4106,6,982
4107,1,982
4108,0,982
4109,1,982
4110,2,982
4111,7,982
4112,5,982
4113,3,983
4114,7,983
4115,2,983
4116,1,983
4117,4,983
4118,6,983
4119,3,983
4120,0,983
4121,0,984
4122,4,984
4123,1,984
4124,1,984
4125,5,984
4126,0,984
4127,0,984
4128,3,984
4129,3,984
4130,3,984
4131,2,984
4132,4,985
4133,6,985
4134,1,986
4135,4,986
4136,0,986
4137,1,987
4138,4,987
4139,4,987
4140,6,987
4141,4,988
4142,1,988
4143,0,988
4144,5,988
4145,7,988
4146,0,989
4147,1,989
4148,3,989
4149,7,989
4150,5,989
4151,5,989
4152,2,990
4153,3,990
4154,0,990
4155,4,990
4156,4,990
4157,2,990
4158,6,991
4159,2,991
4160,2,991
4161,4,991
4162,1,991
4163,1,992
4164,4,993
4165,3,993
4166,7,993
4167,4,993
4168,2,993
4169,6,993
4170,2,993
4171,2,993
4172,2,993
4173,4,996
4174,2,997
4175,4,997
4176,7,997
4177,7,997
4178,1,997
4179,0,997
4180,1,997
4181,1,997
4182,7,997
4183,6,997
4184,6,997
4185,0,997
4186,4,997
4187,5,997
4188,3,997
4189,2,997
4190,2,997
4191,4,997
4192,4,998
4193,7,998
4194,7,998
4195,4,999
4196,0,999
4197,2,1000
4198,6,1000
4199,0,1000
4200,3,1000
4201,4,1000
4202,4,1000
4203,6,1000
4204,0,1001
4205,1,1001
4206,4,1001
4207,3,1001
4208,7,1002
4209,2,1002
4210,3,1002
4211,1,1002
4212,0,1003
4213,4,1003
4214,5,1003
4215,6,1003
4216,2,1003
4217,1,1003
4218,0,1003
4219,2,1004
4220,2,1004
4221,6,1005
4222,2,1005
4223,0,1005
4224,3,1005
4225,4,1006
4226,2,1006
4227,3,1006
4228,0,1006
4229,1,1006
4230,1,1007
4231,6,1007
4232,7,1007
4233,6,1008
4234,7,1008
4235,6,1008
4236,1,1008
4237,4,1008
4238,2,1008
4239,5,1008
4240,2,1008
4241,4,1008
4242,2,1008
4243,3,1010
4244,0,1010
4245,4,1010
4246,4,1010
4247,0,1010
4248,6,1010
4249,2,1012
4250,6,1012
4251,2,1012
4252,4,1012
4253,7,1012
4254,1,1012
4255,0,1012
4256,5,1012
4257,6,1012
4258,5,1012
4259,4,1012
4260,2,1012
4261,0,1012
4262,3,1012
4263,6,1012
4264,0,1013
4265,6,1014
4266,0,1015
4267,3,1015
4268,7,1015
4269,1,1016
4270,1,1016
4271,2,1017
4272,5,1017
4273,2,1018
4274,6,1018
4275,4,1018
4276,1,1018
4277,4,1018
4278,2,1018
4279,2,1018
4280,0,1018
4281,4,1018
4282,4,1020
4283,4,1020
4284,2,1020
4285,4,1020
4286,6,1020
4287,4,1020
4288,5,1020
4289,3,1020
4290,2,1021
4291,1,1021
4292,7,1021
4293,6,1021
4294,3,1021
4295,7,1021
4296,7,1021
4297,7,1021
4298,6,1022
4299,0,1022
4300,6,1022
4301,3,1022
4302,2,1023
4303,5,1023
4304,2,1023
4305,3,1023
4306,4,1023
4307,6,1023
4308,5,1024
4309,2,1024
4310,2,1024
4311,2,1024
4312,4,1024
4313,5,1024
4314,0,1024
4315,6,1024
4316,7,1024
4317,6,1024
4318,4,1024
4319,1,1024
4320,1,1025
4321,2,1025
4322,0,1025
4323,4,1025
4324,6,1026
4325,4,1026
4326,1,1026
4327,4,1026
4328,3,1026
4329,7,1026
4330,7,1028
4331,5,1028
4332,2,1029
4333,7,1029
4334,5,1029
4335,7,1029
4336,4,1029
4337,2,1029
4338,6,1029
4339,0,1029
4340,4,1030
4341,6,1031
4342,5,1031
4343,1,1031
4344,0,1031
4345,2,1031
4346,2,1031
4347,4,1032
4348,7,1032
4349,0,1032
4350,6,1032
4351,1,1032
4352,4,1032
4353,2,1032
4354,0,1032
4355,0,1033
4356,6,1033
4357,4,1033
4358,0,1033
4359,5,1033
4360,4,1033
4361,4,1034
4362,0,1034
4363,6,1035
4364,2,1035
4365,4,1035
4366,7,1035
4367,3,1035
4368,3,1035
4369,1,1036
4370,7,1036
4371,2,1036
4372,1,1036
4373,4,1036
4374,4,1037
4375,0,1037
4376,4,1037
4377,0,1037
4378,2,1038
4379,2,1038
4380,3,1038
4381,0,1038
4382,3,1038
4383,0,1038
4384,6,1039
4385,0,1039
4386,2,1039
4387,6,1039
4388,3,1039
4389,1,1039
4390,0,1040
4391,6,1040
4392,1,1041
4393,1,1041
4394,1,1041
4395,7,1042
4396,3,1042
4397,6,1042
4398,4,1042
4399,2,1043
4400,4,1043
4401,3,1043
4402,5,1044
4403,5,1044
4404,1,1045
4405,2,1045
4406,3,1046
4407,2,1046
4408,1,1046
4409,3,1046
4410,4,1046
4411,7,1049
4412,7,1049
4413,7,1049
4414,2,1049
4415,3,1049
4416,3,1049
4417,0,1049
4418,1,1049
4419,0,1049
4420,4,1049
4421,2,1049
4422,5,1049
4423,4,1049
4424,4,1049
4425,6,1050
4426,6,1050
4427,7,1050
4428,3,1050
4429,6,1050
4430,6,1050
4431,4,1050
4432,0,1050
4433,5,1051
4434,7,1053
4435,4,1053
4436,5,1053
4437,5,1053
4438,2,1053
4439,2,1053
4440,1,1053
4441,2,1053
4442,4,1053
4443,0,1054
4444,5,1054
4445,2,1054
4446,4,1054
4447,2,1054
4448,4,1054
4449,2,1054
4450,0,1054
4451,1,1054
4452,4,1054
4453,4,1054
4454,6,1055
4455,4,1055
4456,6,1055
4457,1,1055
4458,2,1055
4459,4,1055
4460,7,1056
4461,5,1056
4462,2,1056
4463,6,1056
4464,3,1056
4465,6,1056
4466,0,1056
4467,4,1056
4468,1,1056
4469,7,1056
4470,2,1056
4471,1,1056
4472,4,1056
4473,0,1056
4474,0,1056
4475,1,1056
4476,1,1056
4477,7,1056
4478,1,1057
4479,2,1057
4480,4,1057
4481,1,1057
4482,2,1057
4483,6,1058
4484,1,1058
4485,6,1060
4486,7,1060
4487,0,1060
4488,5,1060
4489,5,1060
4490,2,1060
4491,3,1061
4492,3,1061
4493,0,1061
4494,6,1061
4495,0,1062
4496,2,1062
4497,0,1062
4498,1,1062
4499,3,1062
4500,4,1062
4501,4,1062
4502,6,1063
4503,6,1063
4504,3,1063
4505,3,1063
4506,4,1063
4507,0,1063
4508,4,1063
4509,4,1065
4510,0,1065
4511,0,1065
4512,1,1065
4513,2,1066
4514,1,1066
4515,2,1066
4516,7,1067
4517,5,1067
4518,7,1067
4519,0,1067
4520,2,1067
4521,2,1069
4522,1,1069
4523,0,1069
4524,4,1069
4525,3,1069
4526,4,1070
4527,1,1071
4528,2,1071
4529,1,1071
4530,5,1071
4531,3,1071
4532,3,1071
4533,6,1071
4534,7,1071
4535,6,1071
4536,0,1071
4537,2,1071
4538,1,1073
4539,0,1073
4540,7,1073
4541,1,1073
4542,6,1073
4543,4,1073
4544,6,1073
4545,2,1073
4546,6,1073
4547,4,1073
4548,0,1074
4549,4,1075
4550,4,1076
4551,1,1076
4552,7,1076
4553,2,1076
4554,7,1076
4555,6,1076
4556,1,1077
4557,4,1077
4558,0,1077
4559,1,1078
4560,5,1078
4561,6,1080
4562,3,1080
4563,5,1080
4564,2,1080
4565,2,1080
4566,5,1080
4567,1,1080
4568,6,1080
4569,3,1080
4570,5,1080
4571,7,1080
4572,4,1081
4573,3,1081
4574,0,1081
4575,6,1082
4576,6,1082
4577,6,1082
4578,1,1083
4579,1,1084
4580,5,1084
4581,1,1084
4582,7,1084
4583,0,1084
4584,2,1084
4585,4,1084
4586,3,1085
4587,2,1085
4588,7,1085
4589,2,1085
4590,0,1085
4591,4,1085
4592,6,1085
4593,3,1085
4594,5,1085
4595,1,1087
4596,7,1088
4597,6,1088
4598,0,1088
4599,6,1089
4600,0,1089
4601,7,1089
4602,3,1089
4603,1,1090
4604,5,1090
4605,7,1090
4606,4,1090
4607,2,1093
4608,5,1093
4609,2,1093
4610,6,1093
4611,0,1093
4612,0,1093
4613,4,1093
4614,1,1093
4615,6,1094
4616,5,1094
4617,7,1094
4618,1,1095
4619,2,1096
4620,4,1096
4621,0,1096
4622,5,1096
4623,6,1096
4624,2,1096
4625,7,1096
4626,1,1096
4627,1,1096
4628,0,1096
4629,3,1096
4630,0,1096
4631,2,1097
4632,2,1097
4633,4,1097
4634,4,1097
4635,1,1097
4636,0,1097
4637,4,1097
4638,2,1097
4639,2,1097
4640,4,1098
4641,6,1098
4642,2,1099
4643,2,1099
4644,2,1099
4645,3,1099
4646,0,1099
4647,5,1099
4648,6,1099
4649,6,1099
4650,7,1099
4651,2,1100
4652,4,1100
4653,1,1100
4654,3,1100
4655,4,1100
4656,0,1100
4657,5,1102
4658,6,1102
4659,2,1102
4660,7,1102
4661,0,1102
4662,4,1102
4663,4,1102
4664,0,1102
4665,7,1103
4666,1,1103
4667,1,1103
4668,5,1103
4669,6,1103
4670,7,1103
4671,2,1103
4672,4,1103
4673,2,1103
4674,3,1103
4675,1,1105
4676,0,1105
4677,0,1105
4678,1,1106
4679,4,1106
4680,6,1107
4681,3,1108
4682,6,1108
4683,0,1108
4684,3,1108
4685,2,1108
4686,1,1108
4687,5,1108
4688,1,1108
4689,7,1109
4690,7,1109
4691,3,1109
4692,5,1109
4693,2,1109
4694,5,1109
4695,2,1109
4696,6,1109
4697,6,1109
4698,1,1109
4699,4,1109
4700,2,1109
4701,4,1110
4702,4,1110
4703,3,1111
4704,5,1111
4705,3,1111
4706,6,1111
4707,4,1111
4708,6,1111
4709,1,1111
4710,4,1112
4711,0,1112
4712,6,1112
4713,2,1112
4714,3,1112
4715,1,1112
4716,7,1112
4717,7,1112
4718,0,1112
4719,2,1113
4720,5,1113
4721,2,1114
4722,4,1114
4723,4,1115
4724,4,1115
4725,6,1115
4726,1,1116
4727,6,1116
4728,7,1118
4729,6,1118
4730,5,1118
4731,4,1118
4732,0,1118
4733,1,1118
4734,3,1118
4735,1,1119
4736,3,1119
4737,0,1119
4738,6,1119
4739,3,1119
4740,7,1119
4741,1,1119
4742,4,1119
4743,1,1119
4744,4,1119
4745,0,1120
4746,0,1120
4747,0,1120
4748,6,1121
4749,0,1121
4750,2,1121
4751,4,1121
4752,6,1121
4753,4,1121
4754,0,1121
4755,2,1122
4756,6,1122
4757,0,1122
4758,7,1122
4759,5,1122
4760,0,1122
4761,5,1122
4762,7,1123
4763,6,1123
4764,0,1123
4765,5,1123
4766,6,1123
4767,6,1124
4768,7,1124
4769,7,1125
4770,7,1125
4771,4,1126
4772,4,1126
4773,6,1126
4774,1,1127
4775,1,1127
4776,0,1127
4777,0,1127
4778,3,1127
4779,4,1127
4780,3,1127
4781,6,1127
4782,2,1127
4783,4,1127
4784,1,1128
4785,7,1128
4786,2,1129
4787,4,1129
4788,1,1129
4789,2,1130
4790,6,1130
4791,7,1130
4792,5,1130
4793,4,1130
4794,0,1130
4795,0,1130
4796,2,1131
4797,6,1132
4798,5,1132
4799,2,1132
4800,2,1132
4801,4,1132
4802,3,1133
4803,1,1133
4804,6,1133
4805,3,1133
4806,2,1133
4807,5,1133
4808,7,1133
4809,4,1133
4810,2,1134
4811,7,1134
4812,1,1134
4813,7,1134
4814,2,1134
4815,4,1134
4816,2,1134
4817,4,1134
4818,4,1134
4819,1,1135
4820,2,1135
4821,6,1135
4822,1,1135
4823,0,1136
4824,6,1137
4825,3,1137
4826,5,1138
4827,1,1138
4828,5,1138
4829,0,1138
4830,4,1138
4831,2,1138
4832,4,1138
4833,6,1138
4834,3,1139
4835,4,1139
4836,2,1139
4837,6,1139
4838,2,1139
4839,2,1139
4840,3,1139
4841,2,1139
4842,0,1139
4843,1,1139
4844,3,1139
4845,0,1140
4846,7,1141
4847,1,1141
4848,7,1141
4849,2,1142
4850,1,1142
4851,2,1142
4852,4,1142
4853,4,1142
4854,2,1142
4855,7,1142
4856,6,1142
4857,1,1142
4858,4,1142
4859,0,1142
4860,4,1142
4861,6,1142
4862,7,1142
4863,0,1143
4864,0,1143
4865,4,1143
4866,6,1143
4867,3,1143
4868,2,1144
4869,3,1144
4870,4,1144
4871,1,1144
4872,2,1144
4873,6,1144
4874,7,1144
4875,6,1145
4876,5,1145
4877,0,1145
4878,6,1146
4879,4,1146
4880,2,1146
4881,6,1146
4882,7,1147
4883,7,1147
4884,4,1147
4885,3,1147
4886,1,1147
4887,0,1148
4888,7,1148
4889,0,1148
4890,3,1150
4891,6,1150
4892,2,1151
4893,0,1151
4894,3,1152
4895,5,1152
4896,6,1152
4897,1,1152
4898,6,1152
4899,2,1152
4900,4,1152
4901,0,1152
4902,1,1152
4903,3,1153
4904,4,1153
4905,2,1153
4906,4,1153
4907,6,1153
4908,6,1154
4909,4,1155
4910,5,1155
4911,6,1155
4912,6,1155
4913,5,1156
4914,0,1156
4915,1,1156
4916,2,1157
4917,7,1157
4918,4,1157
4919,5,1157
4920,0,1157
4921,1,1157
4922,1,1157
4923,2,1157
4924,3,1157
4925,3,1157
4926,5,1158
4927,6,1158
4928,4,1158
4929,4,1158
4930,1,1158
4931,0,1158
4932,2,1159
4933,4,1159
4934,4,1159
4935,4,1159
4936,7,1161
4937,5,1161
4938,4,1161
4939,6,1161
4940,6,1161
4941,2,1161
4942,0,1161
4943,1,1161
4944,4,1163
4945,1,1163
4946,0,1165
4947,5,1165
4948,6,1165
4949,1,1165
4950,0,1165
4951,2,1166
4952,1,1166
4953,6,1166
4954,6,1166
4955,7,1167
4956,2,1167
4957,1,1167
4958,0,1167
4959,7,1167
4960,1,1167
4961,3,1167
4962,4,1167
4963,0,1167
4964,4,1167
4965,2,1167
4966,0,1167
4967,5,1167
4968,6,1168
4969,0,1168
4970,2,1168
4971,2,1168
4972,5,1168
4973,3,1168
4974,1,1168
4975,1,1169
4976,0,1169
4977,2,1169
4978,5,1169
4979,2,1170
4980,6,1170
4981,2,1170
4982,1,1170
4983,0,1170
4984,1,1170
4985,4,1171
4986,4,1171
4987,4,1171
4988,3,1172
4989,3,1172
4990,7,1172
4991,6,1172
4992,4,1172
4993,6,1173
4994,6,1173
4995,7,1173
4996,7,1173
4997,2,1173
4998,6,1173
4999,6,1174
