2042,4,0
6912,4,0
6893,4,0
1349,4,0
6177,4,0
3782,4,0
819,4,0
1906,4,0
3053,4,0
3801,4,0
4936,4,0
5603,4,0
3501,0,0
5947,0,0
3486,4,0
3869,4,0
5261,0,0
269,0,0
2832,0,0
6766,0,0
4049,0,0
6105,0,0
3387,0,0
3990,0,0
1371,0,0
3745,0,0
2252,0,0
2557,0,0
2619,0,0
6577,0,0
2610,0,0
6906,1,0
3943,0,0
5185,1,0
5518,1,0
3728,1,0
4127,1,0
5212,1,0
4913,1,0
1571,1,0
3234,1,0
1312,1,0
5149,1,0
6158,1,0
1405,1,0
4042,2,0
6260,2,0
834,2,0
1421,2,0
1621,2,0
2802,1,0
6908,2,0
1263,2,0
4657,2,0
5206,1,0
2034,2,0
865,2,0
945,2,0
5445,2,0
1926,2,0
6175,2,0
574,2,0
2574,2,0
6076,3,0
1480,3,0
1671,2,0
2148,3,0
5148,3,0
5197,3,0
5953,3,0
1139,3,0
3695,3,0
6182,3,0
3558,3,0
2070,3,0
2667,3,0
3332,3,0
3496,3,0
5301,3,0
6927,3,0
752,3,0
3515,1,0
5246,5,0
236,5,0
2029,5,0
1092,5,0
4399,5,0
5422,5,0
706,5,0
879,5,0
1956,5,0
4590,5,0
5199,2,0
1543,5,0
4438,5,0
25,5,0
1875,5,0
2041,5,0
6031,5,0
6229,5,0
2309,5,0
1499,5,0
615,5,0
465,5,0
5239,5,0
2819,5,0
259,5,0
1716,2,0
4099,4,1
2198,4,2
880,4,2
4087,4,2
1842,4,4
951,4,5
5077,4,5
5291,4,6
2186,4,6
2676,4,6
5924,4,6
157,4,6
881,0,7
922,0,7
2694,4,8
5505,0,8
6021,0,9
6485,0,10
2606,2,10
6941,0,10
4602,0,12
4916,0,13
6931,0,13
127,0,15
3842,5,15
4198,0,15
4555,1,18
594,3,18
785,4,18
2913,0,18
3012,1,19
4888,1,20
329,1,22
2485,1,23
3331,1,23
4630,1,23
6863,1,23
2318,1,24
5658,1,24
4463,1,24
47,1,25
1541,2,25
417,1,25
4142,1,25
3432,5,25
4639,1,25
884,2,26
3835,0,26
4409,1,26
948,2,26
6638,2,27
1175,2,27
6658,2,28
113,1,28
2257,2,28
815,2,29
4368,2,29
6392,1,29
6513,2,29
2840,2,30
4222,2,31
4989,2,31
1281,2,31
2703,1,31
6444,2,31
484,2,31
5324,2,33
4589,1,33
2836,2,33
4244,2,33
4700,2,34
131,2,34
2965,2,35
4475,2,35
2188,2,35
2623,0,35
5223,2,35
6994,3,35
3562,3,38
3926,2,38
2655,3,38
3531,2,38
5895,3,38
3317,3,39
5606,2,39
2248,1,39
4623,3,41
6791,3,41
2857,5,41
3462,3,41
4063,3,41
4472,2,42
1432,3,42
2697,3,43
2956,2,43
3774,3,43
3723,3,43
5402,3,43
6885,1,44
6916,3,44
6247,1,44
3726,3,44
3767,3,44
1140,3,45
214,2,46
2086,5,47
2331,2,48
4476,5,48
4539,5,49
5782,1,49
5817,3,49
992,5,49
3051,5,49
6622,5,50
1280,2,51
3061,2,51
6316,1,51
1566,1,51
2642,5,51
910,2,52
2393,5,53
2951,2,54
4403,5,54
5967,5,54
27,5,54
86,5,55
630,2,55
1591,5,55
5469,5,55
6310,5,58
6601,2,58
5623,1,58
6394,2,59
4721,2,59
5387,5,60
6964,5,61
495,5,62
3766,2,62
1731,5,62
954,5,62
6712,5,62
3956,3,62
3755,0,62
3985,2,62
5099,4,63
6340,4,65
578,4,66
2874,2,66
4731,4,66
5021,4,66
6474,3,66
4281,2,66
6939,3,67
490,3,69
2526,4,72
4141,4,72
1267,5,72
5579,4,73
746,1,73
1295,3,73
5833,2,73
6183,3,73
2544,3,73
1205,1,73
2253,4,73
1309,4,74
2939,4,74
6777,2,74
1160,3,74
2804,3,74
5758,5,74
2259,2,75
2176,3,75
559,0,75
893,1,75
2030,3,75
4638,0,75
5087,2,76
5832,0,77
460,0,77
668,4,77
2798,3,77
3724,3,78
5344,0,78
941,2,78
2463,4,80
5234,3,80
125,0,80
3517,0,80
6462,2,81
4955,4,82
2789,3,83
543,0,83
3527,0,83
1136,3,84
2228,0,84
3162,5,84
5391,0,84
6685,3,84
1673,1,84
5115,3,84
88,2,85
244,2,85
4659,1,86
1537,3,86
4072,0,86
4778,4,86
6778,3,86
923,0,86
1284,5,86
4470,0,87
3134,3,87
3841,1,87
3041,0,87
2897,3,88
905,0,88
2727,2,88
6059,1,89
1654,0,89
1552,3,89
6782,3,89
1047,0,91
1814,2,91
4152,2,91
6032,4,92
5653,5,92
2165,1,93
3516,3,93
3585,3,94
3791,1,94
4028,4,94
4314,0,94
1010,5,94
1633,4,94
2662,0,95
3471,5,95
1143,3,95
4333,2,95
1492,1,95
2303,1,97
3858,5,97
6612,3,98
4431,2,98
178,1,99
2940,4,99
6700,5,99
116,0,99
6609,3,99
3867,2,100
3976,2,100
5068,1,101
1221,1,102
566,5,102
705,1,102
6094,4,102
5751,2,102
700,1,102
1690,3,104
173,4,104
5685,4,104
761,5,104
6405,5,104
3003,2,105
2535,5,105
2936,5,105
4514,2,105
5156,0,106
1097,2,107
2811,1,107
6605,0,107
438,0,109
6839,5,112
1798,5,112
4208,3,112
5228,3,112
670,1,112
3195,2,112
4061,5,113
4332,3,113
632,3,114
3235,0,114
3849,2,115
5959,2,115
646,3,115
4818,5,115
6597,2,115
2589,1,115
1627,1,115
5552,1,115
5893,5,116
6491,3,118
6549,5,118
3181,1,118
4038,5,118
4156,2,118
437,3,121
4839,1,121
1156,4,121
5652,0,121
6827,3,121
6981,5,121
5119,2,121
6272,5,121
4122,4,121
3880,5,121
586,2,122
2111,0,124
4417,1,124
2488,0,124
2490,2,124
5357,3,124
3081,3,124
3979,5,125
4298,3,125
4606,2,125
5581,3,125
6054,2,126
2386,1,128
5943,5,128
1647,0,128
5990,5,129
2017,1,129
4917,5,130
6606,5,132
814,3,132
3658,5,132
4576,5,133
5104,5,133
384,3,133
3097,2,133
1796,0,133
1962,1,133
3286,1,133
6853,2,133
1180,1,133
2678,1,133
4610,1,133
607,2,133
4596,3,135
5999,3,137
4022,4,137
1800,0,138
6024,0,138
3395,4,138
6527,4,139
878,2,139
3480,3,140
4760,4,140
6099,2,141
2625,2,141
5530,0,141
2368,2,141
1307,3,142
1787,2,142
2737,3,142
3581,5,143
808,3,145
859,3,145
1545,2,146
2868,4,146
1872,1,146
3016,5,146
4532,5,147
1578,2,147
6687,4,149
433,2,149
5371,4,149
1691,2,149
698,2,149
1840,1,149
1941,5,149
4557,2,151
1697,0,153
1149,2,153
1870,1,153
2986,0,153
6565,3,153
1583,0,154
1152,2,155
1820,5,155
3950,5,155
968,2,157
2793,2,157
5069,1,157
1710,3,157
1785,3,157
4039,1,158
6226,5,158
1993,1,158
3089,1,158
3364,4,158
5965,5,158
6242,3,159
4725,3,160
28,3,160
4815,2,160
4246,3,160
5375,3,162
1760,0,162
4166,2,162
5412,3,162
5385,5,163
1568,1,163
4958,5,163
5316,4,163
5733,1,163
955,5,165
3409,3,167
6081,3,167
2064,2,167
5904,0,167
6250,2,167
2089,3,167
2452,0,167
2820,2,168
2437,0,168
4008,1,168
3,5,170
1821,3,170
1395,1,170
2234,5,172
397,4,172
5567,1,172
2976,1,172
2426,5,172
2465,5,172
5235,5,172
4953,4,172
5508,3,172
4724,1,173
3300,5,175
6876,1,175
121,3,175
23,1,175
1257,5,175
1151,3,175
292,0,175
1429,5,176
6141,2,176
2275,5,176
2375,3,176
1994,5,176
876,3,176
1425,2,177
5384,3,177
2843,3,178
5858,3,178
444,3,178
1843,4,178
54,5,178
1663,1,179
3000,2,179
6764,1,179
6968,0,180
1474,0,180
4064,2,180
2928,2,180
3393,2,180
617,2,182
2856,2,182
5982,3,182
1599,3,182
2731,0,183
1080,1,183
2101,3,184
6365,2,185
287,2,185
3824,5,187
3237,5,187
1844,2,187
257,5,187
672,3,187
4819,0,188
3932,3,188
2326,0,188
2746,4,188
5322,4,188
6371,1,188
1770,3,188
4183,0,188
4415,0,188
2300,0,188
5202,5,188
874,4,189
3827,5,190
4938,4,190
5231,4,191
2055,1,191
267,4,191
2307,5,191
2788,5,191
4479,2,191
3104,0,191
5082,4,192
4595,1,192
4450,2,192
5594,4,192
6525,3,192
6669,2,193
4586,5,193
4895,5,194
5687,1,198
690,0,198
716,3,198
3201,2,198
3288,4,198
4511,3,198
4077,5,198
3301,5,201
3982,4,201
1225,5,201
960,3,203
1701,5,203
5894,1,204
5728,3,205
6735,5,205
2171,5,207
6335,5,208
2685,1,208
3679,0,208
1346,4,208
316,5,209
5367,2,209
6112,5,209
123,3,209
193,3,209
649,4,209
3916,4,211
5857,5,211
65,3,211
1342,5,214
6003,2,214
5049,0,214
6002,5,214
4458,3,214
5287,4,214
59,2,214
166,3,216
950,0,216
1501,3,216
5238,2,218
727,4,218
631,2,218
1507,3,218
2444,3,218
4375,5,218
5562,1,218
5686,3,218
5827,4,219
681,3,220
4567,4,220
1579,5,220
1302,3,221
4301,0,221
5531,4,221
4210,3,221
628,5,221
1748,1,222
6814,3,222
2601,1,223
3543,4,223
6965,5,223
2193,0,223
3389,0,223
5695,2,224
200,3,224
5460,1,224
2686,5,224
529,2,224
949,0,224
5575,0,224
5773,2,224
2699,3,224
2958,5,224
436,3,224
2256,2,225
3054,0,225
6740,5,226
851,2,228
6198,2,228
237,0,228
2367,2,228
4219,2,228
844,3,229
91,4,229
1927,2,229
1775,5,229
2389,3,230
6538,0,231
877,3,231
1193,2,232
3021,1,232
796,2,232
3415,1,232
4249,3,233
5793,1,233
3327,2,234
4356,5,234
517,1,235
3494,3,235
3511,1,235
601,0,235
2821,4,235
1440,1,235
5071,2,235
1946,5,235
4378,3,235
5730,4,236
1437,0,236
2766,3,238
4836,5,238
5158,5,238
1759,4,239
4549,1,239
6492,3,242
5485,0,243
5401,3,244
4990,3,244
3539,5,244
4416,4,245
5559,1,245
552,5,245
2390,3,245
1177,0,245
2169,0,245
5731,0,246
4070,1,247
2026,1,247
2268,5,250
3749,0,250
2617,1,250
3167,0,251
5157,1,251
1882,5,251
5665,2,252
1020,1,252
1739,4,252
4912,4,253
2486,3,253
2530,3,253
3802,0,253
2072,5,255
3034,4,255
6428,1,255
3947,3,255
5789,2,255
2215,4,255
321,0,255
4128,1,255
6831,5,255
4802,5,257
1952,5,257
60,2,257
4480,4,257
6794,1,257
3306,2,257
2602,4,258
3241,4,258
4376,1,258
6102,0,258
6830,2,258
4162,2,258
765,4,258
3628,2,258
4787,2,258
5111,0,258
6929,3,258
2021,5,260
4502,2,261
5132,3,261
2673,5,261
5105,3,261
5219,0,261
5759,5,262
5644,5,264
6806,1,264
2135,2,264
4044,4,264
4069,5,265
4177,2,265
6292,1,265
6944,2,265
582,2,265
4089,2,267
6535,1,269
164,0,269
579,3,269
861,2,269
5892,2,269
1793,4,269
4137,0,270
1797,1,270
2978,1,270
4051,4,270
4661,3,270
5025,3,270
5840,2,270
3349,5,270
5802,3,270
1064,2,270
2846,4,270
6651,5,271
3929,3,271
467,3,271
5396,2,273
1399,3,273
2139,0,273
1002,5,273
5944,2,275
1573,5,275
3904,2,275
234,5,276
2987,2,276
5032,0,276
787,0,276
4243,3,276
5380,4,276
611,1,276
1409,2,276
1331,5,277
1099,2,278
2674,0,278
2817,3,278
90,3,278
5161,3,278
1977,1,278
3739,5,281
5204,5,281
6641,3,281
6914,2,281
1916,5,281
3619,4,281
5378,3,281
6185,3,283
6616,1,283
5072,0,283
205,2,283
6886,1,283
1723,5,284
453,5,284
1765,3,284
2159,2,285
2147,1,285
5917,5,285
1231,0,285
592,2,287
759,5,287
2069,2,289
835,3,289
1301,4,289
3485,1,291
5233,2,293
265,1,293
2919,1,295
5875,5,295
3150,3,295
2163,4,295
2725,1,295
5980,4,295
2434,2,296
3308,5,297
4161,3,297
2741,1,297
4993,0,297
1596,4,298
2297,2,298
2302,4,299
2962,3,299
4911,2,299
6300,3,299
715,4,301
1827,5,302
5267,2,302
654,1,302
2607,3,302
3483,2,302
4829,2,302
6181,2,302
1531,3,303
6458,5,304
1217,3,304
6430,0,305
1182,3,305
4737,0,305
4427,2,306
5752,0,306
4430,4,306
1441,0,306
4308,4,307
3787,3,307
3346,0,307
6796,0,307
1553,2,308
2431,3,308
3672,1,308
24,3,308
387,4,308
2853,3,309
2923,2,309
3692,2,310
6231,5,311
5044,4,312
6333,3,312
5608,4,312
3164,5,313
6108,5,313
3096,5,313
6568,2,314
535,1,315
2946,3,315
5835,4,315
1727,0,315
63,2,316
2562,3,316
3711,0,316
4643,5,316
2931,3,318
3481,1,320
4135,5,320
5930,2,320
1430,0,320
6585,2,320
5670,1,320
2930,1,320
4033,3,321
6519,4,321
6617,2,321
5876,0,323
1672,4,323
6403,5,323
5033,0,324
5869,0,324
6897,2,325
4848,0,325
5750,0,325
2752,1,325
2777,5,325
1084,3,325
5064,3,326
2847,3,327
3407,5,327
2,0,327
230,1,327
2277,2,328
2855,3,328
4685,4,329
5519,0,329
6652,5,329
520,4,330
730,0,330
4827,5,330
742,0,330
1841,1,330
3412,2,330
5557,3,330
3817,4,330
2113,0,331
6232,4,331
405,5,332
1839,3,332
4547,3,334
383,3,334
2814,4,334
1812,5,334
1825,5,334
3270,2,334
1463,2,334
1608,5,334
1618,5,335
6540,2,335
4843,3,335
5110,1,336
6079,3,337
4702,3,337
4773,4,337
4940,4,337
712,1,337
1126,1,337
4139,0,337
213,0,338
215,3,338
3957,5,338
5481,2,340
4043,2,341
1614,1,345
2898,4,347
4465,3,347
6946,4,347
1525,5,347
3430,5,347
5417,2,347
757,5,349
3570,5,349
4584,0,349
4962,5,349
2527,3,349
3065,3,349
3856,5,349
1613,2,349
4813,1,349
863,3,349
1337,4,349
2502,5,349
6659,5,350
4196,5,350
6074,5,350
4908,2,350
5414,5,350
5884,2,350
6163,3,351
141,5,351
112,5,351
3131,2,351
4316,3,353
4503,1,353
4110,5,354
183,0,354
5426,4,354
2933,0,354
5423,5,355
714,0,356
3611,2,356
6590,3,356
201,0,356
3312,1,356
1850,2,356
309,2,357
148,5,357
725,5,358
3129,2,358
2422,3,359
1048,2,359
2834,3,359
3840,3,359
3793,5,359
3607,4,359
5041,5,361
854,4,361
2508,5,361
1894,3,361
5095,2,362
2790,1,362
3180,5,362
1212,1,363
532,1,364
2419,1,365
2633,2,365
4448,3,365
5191,2,366
1171,0,366
1933,2,366
5860,1,366
640,1,366
6798,5,368
591,3,368
1019,3,368
4274,4,368
5175,2,369
425,3,369
2004,1,371
3366,5,371
4689,0,372
5656,1,372
1390,5,372
3449,0,372
1488,5,373
3440,2,373
2870,0,375
6432,3,375
5952,5,375
5289,4,375
400,0,375
2269,2,376
4425,0,377
4453,0,377
5487,2,377
4711,2,381
3183,0,381
5188,0,381
1743,5,381
5899,2,381
527,3,381
3719,1,381
5619,1,381
307,2,381
2528,3,382
4797,5,382
979,5,383
2167,3,383
4900,3,386
2455,3,386
3358,5,386
5829,4,386
6179,5,386
6694,2,386
6979,2,388
3320,0,388
4720,1,388
6265,0,388
1487,2,388
3342,3,388
1887,3,388
6996,4,389
2536,4,391
6678,2,391
2875,5,392
6594,1,392
2038,4,393
1593,4,393
1605,3,393
3910,5,393
4607,0,393
665,1,393
2755,0,393
4367,3,394
6727,2,395
6636,2,395
869,0,396
4102,1,396
4828,5,398
4407,3,398
1449,1,398
1503,1,399
1910,3,400
56,0,400
3591,3,400
5604,5,400
1015,1,401
3781,3,403
612,5,403
3902,2,403
4673,5,403
5762,2,403
6214,2,404
4863,4,404
509,2,404
1516,3,404
4793,1,405
40,2,405
283,5,405
2895,0,405
4647,5,405
2867,3,406
6514,1,407
867,5,407
6449,1,408
505,4,408
1668,1,408
3529,3,408
3836,3,408
5492,3,408
6825,4,409
6976,3,409
2877,4,409
3699,5,409
3208,3,410
5362,1,410
6393,3,410
1769,3,412
5166,0,412
4575,3,412
6840,1,414
5956,3,414
1715,1,414
2214,1,415
6943,1,415
5692,5,415
135,0,415
683,2,416
2560,0,417
6749,5,417
391,2,417
3099,2,417
836,2,417
6858,5,417
2808,4,417
4329,4,417
6741,2,418
534,0,418
4344,3,418
4405,3,418
5566,5,419
7,5,419
4117,1,419
3622,1,419
4211,2,420
4541,2,422
6572,1,422
741,3,422
4457,0,422
6697,5,422
3045,1,423
6259,4,423
5506,5,424
1879,4,425
3194,5,425
5609,4,425
1035,4,425
5522,2,425
2311,0,425
3991,3,426
190,5,426
3420,2,428
4987,3,428
907,1,428
4382,4,428
1248,1,428
1889,1,428
5249,0,429
2160,5,429
1350,2,429
3761,0,429
4365,2,429
5935,0,429
4594,1,430
5106,1,431
4258,5,431
6157,3,431
6472,4,431
2028,3,432
1634,4,433
2974,5,433
5886,2,434
6599,4,434
1497,3,435
3949,3,435
6007,3,438
4961,2,438
5867,5,438
2768,0,438
4192,1,438
4690,3,440
2696,1,441
6529,3,442
1651,1,442
1869,4,442
1076,3,442
1851,5,442
5808,5,442
4412,5,442
5499,0,442
1955,3,443
6029,3,443
4637,0,443
3374,1,443
5308,1,444
6851,1,444
3340,5,446
3437,1,446
6311,5,446
186,3,446
1172,5,446
6774,0,446
733,2,446
3994,4,446
5630,2,447
5382,3,447
277,5,448
3807,5,448
4100,0,448
2192,0,448
2411,5,448
2614,5,448
4000,2,449
5112,2,449
6233,2,449
1832,3,450
2922,3,450
6127,5,450
6792,2,450
1792,5,450
3396,3,450
3642,1,450
5237,4,450
713,0,450
6329,2,451
5275,1,453
4173,1,453
4800,0,453
318,2,454
1735,2,454
2122,3,455
3213,0,455
5226,0,455
5036,2,455
3639,3,455
4057,4,455
5713,1,455
175,4,455
5091,0,455
6698,5,455
2154,3,455
1965,4,456
4727,5,457
5871,5,457
1273,5,457
4506,1,457
6643,4,457
6677,3,458
938,5,458
1666,2,458
2051,5,458
6431,5,458
439,4,459
5135,0,459
108,1,459
1415,2,460
2950,5,461
4790,2,461
2119,2,461
644,1,462
4748,4,462
3188,2,462
6357,5,462
1639,2,462
497,3,463
6150,4,463
6258,0,465
1130,1,465
5117,0,465
5232,0,465
4264,5,465
6134,0,465
655,3,465
3752,5,467
1912,3,467
4779,2,469
5415,3,469
6433,4,469
1118,4,469
4977,0,469
2947,1,469
4929,2,469
492,5,469
738,5,471
4483,2,471
4534,3,471
5711,3,472
6345,5,473
347,2,473
2801,4,473
1661,4,473
2620,5,474
3154,3,475
3786,5,475
3321,1,475
564,5,475
3594,0,475
3963,3,475
3959,3,476
264,0,476
1709,3,476
6400,5,477
5262,2,477
1799,4,477
1249,1,477
2734,2,479
3967,2,480
719,5,480
1936,2,480
2664,1,481
4707,4,481
4856,2,481
849,3,481
934,2,482
2097,0,482
2402,2,483
1638,1,483
5491,1,483
4489,4,483
366,2,483
5806,1,483
1781,3,483
2848,1,483
4613,0,483
2670,0,484
4138,0,484
853,2,486
4326,2,486
4420,5,486
470,5,486
723,0,486
1329,1,487
1805,1,487
2539,2,489
4588,0,489
3488,1,490
2722,4,490
2634,4,490
618,0,490
3655,1,490
5618,2,490
6664,0,490
6855,2,490
95,3,491
2377,0,493
3444,1,494
4353,2,494
31,5,494
648,3,494
2753,3,496
6557,1,496
3491,2,496
3643,5,496
850,0,496
3174,3,496
6508,4,496
428,5,497
2090,1,497
2584,5,497
3075,2,497
6857,3,500
6195,1,500
810,4,500
1054,0,502
5277,5,502
2649,3,502
722,0,502
2718,2,502
2400,4,502
3113,1,502
745,2,502
3397,2,502
4830,5,502
1344,5,503
1630,2,503
3821,5,503
1707,1,505
4085,4,505
868,4,508
1884,5,508
6958,3,508
4191,5,508
4698,1,508
4881,5,508
2583,0,508
3161,2,508
3700,0,508
4276,2,509
2499,2,509
2531,3,510
3993,3,510
4357,2,510
4664,5,511
1325,2,511
3653,3,511
2060,4,511
4893,2,511
5548,0,513
4336,3,513
137,2,513
1703,3,513
6194,1,514
1402,0,514
6212,2,514
6765,1,515
3803,2,515
2762,1,516
3868,2,516
6348,3,516
2769,1,516
4658,5,516
6750,3,517
1830,2,517
2144,4,517
3336,3,517
5461,3,517
1493,2,518
1945,0,518
2991,3,519
3751,2,519
1328,0,519
2461,3,519
701,3,519
2448,4,520
4004,5,520
1128,0,520
1285,1,520
1101,2,520
2200,1,522
1033,3,522
3609,3,522
6552,0,522
1189,0,522
6220,5,523
2270,2,523
5400,0,523
5696,5,523
1622,3,525
3085,1,527
3720,5,528
163,0,530
6934,1,530
4486,5,530
1155,3,531
1304,3,531
986,3,531
1686,4,531
3814,0,531
4322,2,531
5564,1,533
109,2,533
774,2,534
2806,2,536
4537,0,536
105,5,536
5988,1,536
1559,4,536
6562,1,536
353,2,537
1448,2,537
6951,3,537
2494,5,537
4224,5,538
290,2,538
3023,1,538
6270,3,539
3887,3,539
4271,0,539
4959,2,539
1271,5,540
2123,5,540
4278,1,540
4501,5,540
5120,5,540
6592,4,541
5809,0,541
6450,2,541
724,4,543
6544,4,543
3147,5,543
3579,1,543
4667,2,543
5701,2,543
6721,5,544
1968,1,544
6065,5,544
5007,3,545
1782,1,546
4284,5,548
4024,0,548
4283,5,548
6456,3,549
1658,1,549
3138,4,550
3980,1,550
6210,2,550
989,2,550
2773,5,550
354,3,550
2959,3,550
3455,3,551
2258,5,551
102,3,551
3465,4,551
4370,3,551
5012,1,551
2439,0,552
3040,0,552
2864,2,552
526,0,553
2146,2,553
4323,2,553
5431,2,554
1969,5,554
558,5,555
3330,3,555
6184,5,555
6598,1,555
5201,5,556
3654,3,557
4267,5,557
5209,2,557
73,5,558
110,3,558
5060,4,558
5236,4,559
3145,2,560
4238,4,563
4527,4,563
6921,0,563
5317,3,564
4189,5,564
1815,2,564
958,0,564
1753,4,564
5937,1,567
6051,4,567
2504,3,567
2729,2,567
3812,2,567
4178,2,567
360,2,567
6025,5,568
2646,2,569
6496,2,569
6632,1,570
5397,1,573
3175,3,573
2869,2,574
3907,1,576
322,0,576
1932,1,576
2102,0,576
5128,3,576
2074,3,576
6276,5,576
2912,5,576
5907,1,576
2417,3,577
5055,3,577
3443,3,577
524,5,578
4030,0,579
3819,5,579
2595,4,582
3737,2,582
6110,2,582
6368,1,582
3019,4,582
3314,5,582
3566,3,583
6437,2,583
1226,5,583
5089,2,583
5171,3,584
5413,5,584
5777,0,584
6155,5,584
2327,2,584
5662,3,584
399,3,584
1167,2,584
3479,0,586
4669,3,586
5489,0,586
192,0,586
1244,2,586
6016,3,586
693,3,586
4931,4,586
2013,5,586
1313,3,587
2317,1,588
3247,2,588
4509,3,589
2510,5,589
2924,2,589
3379,1,591
5680,0,591
1168,2,591
4218,1,591
5260,3,591
2319,4,591
5466,0,591
2668,0,591
2797,4,591
4339,3,591
5178,4,591
6000,2,592
325,0,592
3151,0,593
6289,0,593
573,3,594
1162,5,594
4734,4,595
3236,5,595
4097,2,595
4756,5,596
1323,5,596
3460,3,596
699,0,596
5870,2,596
4201,2,596
6781,3,596
43,2,598
4660,1,598
1615,3,598
3107,2,598
3893,0,598
1024,5,601
3928,5,601
1523,3,601
6205,3,601
5245,5,601
1251,2,601
528,1,601
1689,1,601
4471,5,602
5274,3,603
1466,3,603
6041,2,603
6446,5,604
6841,1,604
2679,2,606
6832,1,606
504,4,606
5628,3,606
2648,0,606
2225,0,606
4781,2,606
6355,5,607
1806,3,607
3986,3,609
6613,3,609
5583,4,609
246,1,609
279,5,609
3930,1,609
4263,4,610
2760,2,610
145,3,610
1693,5,610
4682,2,610
1718,1,610
3871,5,610
4693,2,610
1660,2,612
3792,2,612
6499,4,612
4730,0,612
5146,3,612
5494,1,612
970,3,613
1001,0,613
1829,4,615
285,0,615
1364,4,615
2024,4,615
3969,0,615
3006,0,617
5879,0,618
6859,2,618
5347,3,618
1379,5,620
4134,1,623
6668,5,623
3895,4,623
568,3,623
2366,2,623
2901,0,623
4491,3,623
32,3,623
1091,5,624
1392,4,624
1786,5,625
2719,5,625
2807,4,625
3125,3,625
5399,5,626
5620,5,626
6785,4,626
284,3,626
5819,2,626
206,2,626
4998,1,626
5813,2,626
2996,5,627
5067,3,628
5176,3,628
2767,2,628
4701,0,628
5315,4,628
3057,5,629
4891,2,630
1967,5,630
2992,1,630
5778,2,630
4337,2,631
4705,3,631
5627,2,632
1457,5,633
2517,3,634
3865,0,634
4118,4,634
6312,0,634
6339,0,634
2489,0,635
5430,2,635
2476,5,635
5749,2,635
6846,1,637
1419,1,637
1287,3,637
3173,3,637
4469,5,637
4789,5,637
6748,4,637
6861,5,637
5040,2,638
5760,3,638
1197,5,640
2087,2,640
4250,2,642
4524,2,642
6256,1,642
6649,2,642
3796,3,642
6615,1,643
6732,3,643
6971,1,643
5276,0,643
482,4,643
1265,5,645
4516,3,646
1982,2,646
3260,2,646
538,5,646
4055,5,646
6135,0,646
3043,0,646
6521,5,646
2129,1,646
952,1,646
1574,3,646
4144,1,646
6440,1,647
2354,5,648
2961,5,648
6913,2,648
1391,3,649
3852,3,650
4872,3,650
5901,2,651
3126,0,651
6993,0,651
584,0,651
1353,2,651
4216,5,652
1696,5,652
2409,3,652
5549,1,653
2428,1,653
4181,5,653
4510,4,653
4529,0,654
1652,5,657
6374,5,657
5804,0,657
2001,3,657
2549,3,657
549,1,657
6992,2,657
6949,2,657
6526,3,657
6816,5,657
3651,5,657
5748,5,657
6639,4,657
653,2,659
3303,2,659
3381,3,659
5198,2,660
6356,2,660
6411,0,660
359,4,660
4678,2,660
2184,2,662
2775,3,662
2887,5,662
5843,0,662
6358,1,662
1431,4,662
2785,0,662
3313,5,662
456,4,662
458,2,664
1254,3,664
1338,2,665
1702,1,665
3992,3,666
3574,1,667
4840,1,668
2293,5,668
3833,3,668
4750,4,669
5735,4,669
6330,1,669
2480,2,673
2140,5,673
263,1,673
5880,5,673
6060,3,673
1950,3,674
3018,2,676
5721,3,676
459,2,676
1049,2,676
281,5,676
1476,1,676
2290,4,676
2506,0,678
1214,1,678
4622,3,678
6477,0,680
6520,5,680
6524,1,680
1234,4,680
2661,3,681
5874,1,681
189,4,681
496,0,681
6385,1,682
1102,2,682
3329,3,682
3875,1,682
4956,4,683
6028,5,684
3474,4,685
6353,3,685
771,0,685
5154,2,685
5227,0,685
6343,3,686
2750,5,686
3925,3,687
1237,0,687
2131,3,687
983,1,687
4330,5,687
2659,3,688
3310,4,688
2540,0,689
3406,0,689
6133,2,689
58,0,690
431,1,690
2247,2,690
6695,0,690
1360,1,690
3773,0,691
5042,2,691
2469,1,691
2627,3,691
3951,3,691
4190,4,692
6380,5,693
1890,5,694
2280,5,695
3765,2,695
4498,0,695
6848,3,695
251,1,696
627,4,696
4136,1,696
4746,4,696
1183,2,696
5247,5,696
2387,1,697
3352,0,697
4971,1,697
5839,5,697
6497,3,699
1310,4,699
1822,3,699
2576,5,699
2363,3,699
6424,0,699
1677,2,700
2145,1,700
3798,5,700
6124,3,700
1653,0,702
4714,3,703
1135,5,703
1778,5,703
4239,0,704
3187,3,705
3490,1,708
9,3,708
204,1,708
3127,2,710
6898,3,711
2914,3,711
4366,2,711
4738,5,712
3572,0,713
4628,4,713
3392,5,713
4706,0,713
2723,2,715
5705,3,715
93,5,715
4313,2,715
994,0,715
3217,3,716
4282,2,718
3073,0,718
3505,3,718
1308,0,718
4947,5,718
5017,1,718
2049,4,718
2745,2,718
988,2,718
2861,0,718
3690,1,719
6759,1,719
2585,3,720
4040,2,720
4991,4,721
5183,2,722
1087,4,722
2657,4,722
2095,5,723
2781,5,724
4560,5,726
721,2,726
2438,5,726
3093,3,727
999,5,727
5392,5,727
6683,1,729
1322,1,729
1771,0,729
2935,4,729
6189,4,729
707,1,729
1239,0,729
4048,2,729
5738,2,729
3883,3,729
4305,2,730
181,2,732
2273,1,732
5153,3,733
1255,2,733
2420,3,733
4125,4,733
4468,5,733
6505,1,733
892,0,733
1542,1,733
1233,0,733
2827,3,734
1514,3,734
3559,1,735
6899,2,735
519,5,735
783,1,735
1960,3,735
4056,3,735
106,1,735
2155,1,735
997,3,736
5854,2,736
5933,4,736
6092,1,736
6420,1,736
1833,1,736
3520,4,736
1124,1,736
2289,4,736
4086,5,737
1791,0,737
964,3,737
6161,3,737
6584,4,737
1026,0,738
3400,3,739
768,3,739
3431,1,739
3583,4,739
5976,1,741
2052,4,741
2882,2,741
1520,1,741
194,2,741
694,5,742
507,3,743
3070,5,743
3408,1,744
1491,3,744
195,3,746
3556,0,746
5706,2,746
2989,1,746
5467,5,747
218,5,747
1871,4,747
4452,0,747
4670,4,747
5954,5,747
2039,4,747
5783,2,747
657,1,747
5472,5,748
704,3,748
2621,0,749
1981,5,749
784,1,749
4175,0,749
6558,3,751
6619,3,751
2495,0,751
3870,3,751
6955,3,754
3115,3,754
5490,2,754
3746,0,754
1971,5,754
4299,1,754
1256,4,755
1990,4,755
232,1,755
1763,3,755
3750,0,755
4454,2,755
5063,3,755
5740,2,759
3850,3,760
6217,4,760
4855,4,760
6987,1,760
3426,3,760
6483,2,760
2580,5,762
2904,5,763
5241,2,763
5312,5,763
4005,1,763
160,4,764
1509,0,764
4,3,764
2906,0,764
3062,2,764
3734,3,765
3953,0,765
5404,5,765
3316,0,765
3665,2,768
2586,5,768
4397,3,768
522,1,768
6034,2,770
935,3,770
1000,1,770
3561,4,770
4629,0,770
26,2,770
3446,5,772
4109,1,772
169,5,774
2066,5,774
3936,3,775
3102,4,777
3158,0,777
6758,2,777
1586,3,777
1996,0,778
788,4,778
789,2,778
3512,1,778
4345,1,781
5795,2,782
6363,2,782
3378,0,782
755,0,782
1513,4,782
1275,5,783
4285,3,783
5723,1,784
1196,1,784
3337,4,784
6009,1,784
1094,2,784
4474,0,784
3898,5,784
6871,3,786
378,3,786
2394,2,786
4482,3,786
1119,3,787
1228,3,787
5065,2,787
1888,4,787
5005,0,787
1478,5,787
2666,3,788
3309,5,788
4031,5,788
5279,2,788
6095,2,788
6383,2,788
2107,4,790
5533,3,790
3039,3,790
3318,5,792
5332,4,792
6398,0,792
4950,4,792
536,5,792
1278,0,792
1878,3,793
6621,2,793
2304,2,794
5534,2,794
6227,1,794
2615,5,795
4107,3,795
1657,5,796
5224,5,796
2917,4,797
3708,4,797
4261,4,797
5004,3,797
1699,3,797
4816,4,797
5356,3,797
4785,3,798
6570,5,798
3590,5,798
6510,1,799
3419,3,800
4318,0,800
4984,0,800
5995,5,800
571,1,801
1659,5,802
5103,1,802
5438,0,803
5497,4,803
261,4,803
3066,3,803
3223,5,803
6625,0,803
2364,4,803
4289,2,803
3623,4,804
710,1,804
1032,4,804
5441,2,805
6829,1,805
1164,2,805
695,2,805
818,3,807
1289,2,807
2553,5,807
5164,2,808
2458,1,809
679,3,810
1062,5,810
199,2,810
5754,1,810
2361,2,811
637,4,812
1433,3,812
3280,4,812
3644,1,812
4564,4,813
6224,2,813
461,5,813
2263,3,813
3459,3,813
1471,5,815
2711,5,815
3136,3,815
6197,5,816
1972,4,816
1436,1,817
2357,0,818
3873,1,818
19,0,820
1754,2,820
3370,3,820
5922,0,820
6248,2,820
1679,5,821
2010,5,821
2591,4,821
3691,3,821
6811,1,822
595,0,823
977,5,823
4832,0,824
156,0,824
1502,4,824
4462,2,826
5348,1,826
1078,0,826
6287,4,826
1490,3,826
5251,5,826
3681,3,827
4495,5,827
5256,2,828
5509,5,828
2513,4,831
5541,1,831
550,2,831
5327,1,831
569,4,831
3261,1,833
6151,2,833
6372,2,834
1458,5,835
1470,5,835
4341,1,835
75,2,835
2524,2,838
2815,2,838
3087,5,838
4464,0,838
2315,3,838
3224,5,838
3962,5,838
6275,5,838
1589,3,838
4269,2,839
4744,3,839
5724,3,840
2050,5,840
521,0,840
1031,1,841
4766,4,843
3757,3,844
3311,5,844
3794,2,844
3753,1,844
119,2,845
900,0,845
4003,3,845
4980,4,845
5624,0,845
6481,0,845
5264,3,845
111,2,848
677,1,849
5011,4,850
539,4,850
3551,2,850
305,0,850
803,5,850
6909,1,850
502,2,850
2514,1,850
4233,2,851
4082,2,851
1075,4,851
5365,2,853
2022,3,853
3713,5,853
3088,5,853
3376,0,853
2770,5,855
5659,2,855
5678,5,855
415,4,856
2466,3,856
2552,3,856
6574,5,856
1635,5,856
2286,5,857
6098,1,857
4894,5,857
3741,0,857
4604,2,858
1522,1,858
6623,1,858
593,0,858
1250,1,858
2441,4,858
2825,3,859
2883,0,859
2538,5,859
3246,0,860
3621,2,860
3373,1,860
4078,5,860
5742,0,861
1809,3,862
1986,5,862
1600,2,863
2658,5,863
282,3,863
1745,1,863
1816,2,864
3920,0,864
3441,3,865
6837,3,865
1153,5,865
1808,5,865
3900,3,865
6283,0,865
3084,2,865
4619,2,865
6988,3,865
3284,4,865
146,0,866
1667,4,866
3890,5,867
5282,3,868
596,0,868
1762,3,868
2791,1,868
4556,2,868
4803,2,868
5682,5,868
916,5,868
235,4,868
6396,5,868
1853,1,869
6676,5,872
842,0,872
2232,5,872
4713,5,872
4241,0,873
3287,0,874
6548,2,874
3542,4,874
4992,3,874
3204,2,874
2812,1,875
340,1,875
2577,1,875
84,4,876
4001,2,876
6064,3,879
739,0,879
1643,4,879
3169,5,879
4945,0,879
3952,3,879
5755,2,879
6349,2,879
6667,1,881
3403,3,881
4147,5,881
1276,0,882
3130,1,882
254,0,882
2006,2,882
4775,0,882
6611,3,885
1461,5,885
1038,4,886
5350,5,886
6860,4,886
6103,3,888
974,1,888
3831,3,888
4328,2,888
44,2,891
1897,2,891
1107,1,891
4640,3,892
5096,3,892
3048,4,892
4579,2,892
2134,0,893
567,2,894
3184,0,894
6030,1,894
778,5,894
3518,1,894
4245,3,894
5389,5,895
6559,1,895
4145,5,898
5127,3,899
2410,2,900
6672,5,900
6880,2,900
2605,5,900
4821,3,901
998,5,901
515,0,902
5726,2,902
866,4,902
2831,4,902
3295,1,902
3876,0,902
5342,3,903
479,5,903
1105,5,904
5075,5,905
37,3,905
2598,5,906
5536,2,907
2351,3,907
4053,2,907
1911,0,907
2500,5,907
2994,0,907
5842,4,908
273,3,909
767,1,909
576,4,909
3942,1,909
4624,5,910
5035,5,911
6852,5,911
2637,5,911
5640,1,911
1540,1,911
2272,5,912
3632,5,912
4924,4,913
5349,5,914
3656,3,914
5781,2,914
1917,4,914
2862,5,915
3324,0,915
3638,3,915
5358,1,915
6555,5,915
4508,3,915
1113,5,915
6884,5,915
1482,0,916
1572,2,916
6957,3,916
1369,2,916
6354,2,916
5116,5,916
1218,5,916
4801,3,917
6302,2,917
6593,5,918
1366,3,918
150,5,918
795,0,919
1861,2,919
3168,0,919
5958,0,919
6945,2,919
1629,2,919
3232,2,919
1220,4,920
4515,4,920
856,0,920
2751,3,922
2955,1,922
10,1,924
4866,1,924
6367,2,925
6726,1,925
6904,3,925
662,4,925
4119,5,925
6844,1,926
685,5,926
2339,2,926
5801,1,926
6817,1,926
957,4,927
5318,5,927
735,1,927
11,3,927
6511,1,929
260,5,930
5031,4,930
5822,1,930
3795,4,931
3182,1,931
4841,2,931
3269,0,931
6703,5,931
155,5,932
427,4,932
3536,3,934
4331,5,934
4732,3,934
6460,0,935
3179,5,935
6344,4,936
2117,4,936
1320,3,936
21,4,936
2195,0,936
2573,5,936
5406,5,936
2330,3,936
5046,5,936
6090,4,936
6550,3,936
556,3,940
3015,2,940
4636,5,940
4641,5,940
1948,3,940
4176,1,940
1803,2,942
1868,1,942
6228,0,942
35,5,942
5513,3,942
5637,0,942
6362,0,942
2822,5,943
6587,1,943
4571,2,943
2391,5,944
3008,1,944
5449,3,945
6324,0,945
6704,2,945
136,2,945
4812,5,946
4970,5,946
6650,2,946
4362,3,946
4960,5,948
5252,2,949
6128,3,950
6894,5,950
2130,0,950
3913,2,950
3915,0,950
81,4,950
464,4,950
6487,5,950
367,0,950
2792,0,950
33,0,951
6083,0,951
6560,2,951
1472,2,954
2014,5,954
5386,3,954
6635,4,954
41,5,954
1176,3,954
2545,4,954
3128,3,954
6131,5,954
5974,2,954
1684,3,955
3756,2,955
4635,0,955
597,0,957
896,3,957
1876,2,957
4562,5,958
5448,1,958
5660,4,958
622,4,958
2772,0,959
6089,2,959
5298,1,960
3569,0,960
5454,4,960
2977,3,961
1732,3,961
1757,0,962
4481,3,962
130,1,962
1462,1,964
3989,2,964
6473,4,964
3289,0,964
4675,0,964
5964,2,965
1848,1,965
736,3,965
2966,3,965
3135,3,966
6145,2,966
4581,5,967
5666,0,967
1291,5,967
6753,2,967
4587,2,969
2210,5,969
6012,4,969
1734,1,969
3738,3,969
4937,5,970
6752,1,970
2399,0,970
6771,3,971
6865,0,971
684,5,971
5529,1,971
6408,2,971
1469,2,971
1354,4,973
3538,5,973
455,2,973
2984,1,974
2432,5,975
3354,0,975
46,5,975
5051,2,975
1801,5,975
1866,3,975
2037,5,976
5172,0,976
3854,4,976
5993,4,977
1134,2,977
4976,3,977
5648,1,977
1557,3,977
6037,1,977
5160,2,978
5978,3,978
5162,4,978
5931,2,978
6784,2,979
5363,2,979
2009,4,979
1877,4,979
4025,0,979
1755,5,979
4677,0,979
5790,1,980
5326,5,980
5520,1,980
4854,4,982
4374,3,984
6977,3,984
918,0,985
3933,3,985
147,5,985
3592,4,985
6116,4,985
4981,1,985
2809,1,985
2288,2,985
3166,0,985
5502,3,988
2023,5,988
4272,2,988
6174,0,988
5800,5,989
1253,4,989
2404,1,991
5133,1,991
1420,3,991
3369,3,991
3411,3,992
1355,3,992
1719,2,992
5913,0,993
3448,4,993
5229,3,994
1365,0,994
2511,3,994
4649,2,994
4615,5,994
5486,2,995
5498,3,995
3189,1,995
4569,3,996
5150,0,997
5710,0,997
5911,3,997
115,0,997
6168,2,997
2708,5,997
217,4,997
2338,2,997
2347,4,997
3964,3,997
4096,5,999
5766,3,1000
2885,0,1001
5351,4,1001
1530,2,1001
5338,5,1001
5395,0,1001
1163,3,1001
3882,5,1001
1188,1,1001
1321,5,1001
3917,5,1002
1818,2,1003
3903,3,1003
3879,0,1003
5108,2,1003
1539,5,1003
5281,3,1003
4593,1,1003
5957,5,1004
2397,2,1005
4859,4,1005
6539,5,1005
6506,1,1007
1544,3,1007
897,1,1008
1165,3,1008
5381,2,1008
919,2,1008
6575,5,1009
293,5,1009
2451,3,1009
2015,1,1010
4747,0,1011
6642,3,1012
4573,2,1012
3946,3,1012
4381,1,1013
5504,2,1013
2285,0,1013
2185,5,1013
4071,0,1013
5205,1,1013
811,2,1013
5333,5,1014
5787,2,1015
6077,5,1015
602,3,1015
1970,3,1015
3899,1,1015
6188,4,1015
6213,2,1015
6670,0,1016
6873,5,1017
6878,5,1017
4545,5,1018
6583,4,1018
6872,3,1018
1500,1,1018
4059,2,1021
4309,0,1022
6416,4,1022
6427,5,1022
1036,1,1022
3696,1,1022
4965,5,1022
3983,5,1022
158,3,1022
5844,5,1024
6991,5,1024
4106,0,1024
239,0,1024
4300,5,1024
6737,2,1025
6006,1,1025
885,3,1025
2687,3,1025
5377,2,1025
6490,0,1025
1083,2,1025
2532,5,1025
6288,3,1026
6956,3,1026
1595,4,1026
6710,5,1028
6728,4,1029
3701,2,1030
1056,3,1031
1370,3,1032
1468,0,1032
2596,5,1033
2112,5,1036
5265,4,1036
3686,2,1036
4253,3,1036
2360,4,1036
6071,1,1036
732,2,1036
2542,2,1038
3823,3,1038
4876,4,1038
5283,4,1038
6962,2,1039
4716,0,1039
4504,2,1040
5873,2,1040
6,3,1042
2418,5,1043
6147,0,1043
3079,3,1044
5184,1,1044
6925,1,1044
2266,1,1044
3977,2,1045
1802,2,1045
1867,0,1045
3563,4,1045
3961,1,1045
4957,5,1045
743,5,1045
1181,1,1046
3013,5,1046
3185,5,1046
6895,1,1046
1317,5,1047
6620,5,1047
5794,1,1047
6648,3,1047
6790,1,1048
1282,2,1048
2218,5,1048
5545,4,1048
995,0,1048
6603,1,1048
2841,4,1048
1855,3,1048
2937,0,1050
3388,1,1050
3207,5,1050
1111,3,1051
4755,5,1051
2833,3,1051
3230,3,1051
5587,1,1052
6381,3,1053
1883,1,1053
6657,4,1053
634,5,1053
2778,2,1053
5663,3,1053
6156,2,1055
6517,0,1055
1077,1,1055
4648,5,1055
782,2,1055
6123,0,1057
2738,5,1059
3025,4,1059
1173,2,1060
2231,4,1060
3912,1,1060
1604,0,1060
3530,2,1060
4165,0,1060
219,2,1060
1022,0,1060
3901,3,1060
101,3,1061
4335,3,1061
4540,0,1063
606,3,1063
929,1,1063
3416,5,1063
5747,1,1063
4237,3,1063
5369,2,1064
5394,5,1064
3209,1,1064
5725,5,1065
5300,4,1065
904,0,1065
2190,0,1065
3688,3,1066
3837,4,1066
3689,5,1067
4558,4,1067
5970,1,1067
1790,3,1068
2971,4,1068
3498,3,1068
4592,2,1069
4875,1,1070
5286,1,1070
5612,3,1071
3339,4,1071
3954,3,1071
5173,4,1071
6494,1,1071
2826,5,1071
3046,0,1071
3111,0,1071
4361,1,1072
5292,4,1072
5776,1,1072
6080,3,1072
376,1,1072
1555,2,1072
2412,5,1073
4520,0,1075
671,5,1076
1336,2,1076
1935,1,1076
800,5,1077
3451,0,1078
266,0,1080
1009,0,1080
2691,2,1080
1625,5,1083
3210,2,1083
4155,1,1083
4708,3,1083
1211,3,1083
3889,4,1083
4384,4,1085
4621,0,1085
5345,3,1085
4966,2,1085
6486,2,1085
838,2,1085
1726,1,1087
3293,4,1087
3862,5,1087
6654,2,1087
6847,0,1087
20,0,1088
5242,5,1088
2446,2,1090
2541,3,1090
3978,3,1093
656,3,1093
3510,5,1094
3582,4,1095
557,5,1096
1178,0,1096
4094,2,1096
6005,1,1096
883,3,1096
2264,2,1097
3014,3,1099
6589,3,1099
976,2,1099
5961,2,1099
6196,1,1100
447,3,1100
2518,4,1100
3999,2,1100
5014,0,1100
5674,5,1101
6978,3,1101
6044,2,1101
6573,5,1101
2243,5,1101
4608,2,1101
5977,5,1102
6017,4,1102
3036,0,1102
4861,1,1102
6675,0,1103
184,1,1103
1929,4,1103
2348,0,1103
2613,5,1103
2162,5,1105
5774,5,1105
2128,5,1105
4921,3,1105
5343,3,1105
252,4,1105
4889,3,1106
4338,3,1106
319,0,1107
2197,3,1107
5352,1,1107
837,4,1107
1534,2,1107
2716,5,1107
3671,5,1109
3800,4,1110
5720,2,1110
6820,2,1110
4925,4,1110
6783,3,1110
306,2,1110
143,0,1110
4788,5,1110
5850,3,1110
3273,2,1111
4910,1,1111
5259,1,1111
5304,2,1111
6294,1,1112
1512,2,1112
2062,3,1113
2341,5,1113
4360,4,1114
6199,1,1114
1169,3,1114
6980,1,1114
2457,4,1115
2456,2,1115
1944,5,1115
3631,2,1115
4372,3,1117
216,0,1118
3684,1,1119
168,3,1119
2369,5,1119
2445,0,1119
2726,1,1119
5364,0,1119
1060,5,1119
3626,4,1119
623,3,1121
5482,0,1122
6336,1,1122
6435,1,1123
762,0,1123
2481,0,1123
3940,1,1123
967,5,1123
4923,5,1124
6736,2,1124
6942,5,1124
2174,4,1124
5054,0,1126
5102,5,1126
5058,4,1128
5596,1,1128
2406,5,1128
4121,2,1128
5553,5,1128
3001,2,1128
3267,5,1128
775,3,1129
5311,4,1129
2682,4,1129
419,2,1130
2194,2,1130
3733,5,1131
6410,3,1131
2179,3,1131
2616,1,1131
3575,2,1133
4882,2,1136
1536,0,1136
1486,5,1136
2133,4,1136
3587,0,1136
6807,1,1136
4347,1,1136
4020,0,1136
1813,0,1136
2884,1,1136
5810,5,1138
797,3,1138
4722,3,1138
2371,2,1138
6948,4,1139
3106,1,1139
5881,3,1140
302,1,1140
6892,5,1140
1485,5,1140
5558,2,1140
6063,2,1140
6961,3,1141
3439,4,1143
3834,2,1143
5590,4,1145
6121,2,1145
3606,3,1147
6567,5,1147
341,0,1147
1909,2,1148
2581,2,1149
4877,3,1149
66,0,1153
289,1,1153
5496,3,1153
6010,1,1153
886,5,1153
3968,2,1153
4422,5,1154
5898,5,1154
6835,4,1154
245,0,1154
3253,1,1154
5272,1,1154
5334,3,1154
749,2,1154
3935,5,1155
5645,0,1155
6322,0,1155
3818,3,1157
5030,2,1158
1570,3,1158
174,5,1158
702,1,1158
5254,4,1158
2267,5,1159
1388,0,1159
4116,5,1159
4761,3,1159
3742,3,1162
1951,3,1163
2096,0,1163
3988,0,1163
6911,3,1163
3244,0,1163
3945,5,1163
6069,1,1163
336,4,1163
2471,1,1163
3646,3,1163
3565,1,1164
6070,2,1164
412,1,1164
1741,1,1164
372,1,1166
2295,5,1166
2747,5,1166
4093,0,1166
780,4,1166
908,5,1168
5882,2,1168
872,5,1169
3123,0,1169
410,3,1169
2079,5,1169
973,4,1169
1551,2,1170
2092,2,1170
2952,1,1170
4943,5,1170
1896,3,1170
3630,3,1170
4355,0,1170
5556,0,1173
6653,5,1173
4709,5,1173
5294,2,1173
605,3,1173
5949,3,1175
426,3,1175
2312,0,1175
3784,3,1175
4058,1,1176
5786,2,1177
5932,4,1177
5026,0,1177
5646,5,1177
5885,3,1177
933,2,1178
1526,4,1178
3457,0,1178
4954,5,1178
2244,2,1178
6341,3,1180
1246,5,1180
5676,0,1180
5719,5,1180
5122,1,1181
2759,3,1181
3108,1,1181
348,4,1182
388,2,1185
3059,1,1185
6219,2,1185
6582,5,1186
87,3,1186
6140,3,1187
2474,2,1190
4786,5,1192
6546,3,1192
1989,4,1192
6342,5,1192
2948,1,1192
393,1,1192
1314,2,1194
4280,1,1194
4903,4,1194
6048,2,1194
2786,0,1195
4814,1,1196
291,5,1196
4220,4,1196
392,2,1196
3466,5,1199
5418,0,1199
114,4,1199
1403,5,1199
6718,5,1199
1018,0,1199
3888,0,1199
5288,2,1199
4578,1,1199
5667,5,1201
3714,3,1202
709,1,1202
2949,0,1202
2242,5,1202
598,3,1202
3452,3,1203
2071,4,1203
3815,2,1204
3987,0,1204
3338,3,1204
6257,2,1204
1623,2,1206
2199,4,1206
5887,3,1206
6176,1,1207
441,1,1207
2126,5,1207
3595,3,1208
4751,3,1208
5028,3,1208
1247,4,1208
6822,2,1208
4459,4,1208
2692,2,1208
5684,0,1208
5834,5,1209
5963,5,1209
385,0,1209
3939,2,1210
518,4,1210
2012,0,1210
2424,2,1211
5462,3,1211
996,1,1212
2656,4,1212
2104,3,1212
328,5,1213
1547,2,1213
1774,5,1213
2516,1,1213
4174,0,1213
817,5,1215
3667,4,1215
5780,3,1215
1646,2,1215
1773,3,1216
2630,0,1216
927,2,1216
1891,5,1216
2287,1,1216
5613,3,1216
6291,4,1217
3771,3,1218
5955,2,1218
4951,3,1218
5625,4,1219
6924,2,1219
2997,3,1220
2776,4,1220
6547,3,1220
3121,0,1220
4380,1,1221
5551,4,1221
1266,3,1221
42,0,1221
763,2,1221
4041,5,1222
4286,4,1222
5939,2,1223
2156,0,1223
6579,2,1223
6630,0,1224
888,5,1224
4753,2,1225
6947,4,1225
1602,0,1225
2398,5,1225
3086,3,1225
3864,2,1225
5374,4,1225
12,0,1225
1598,2,1225
1232,4,1226
2109,2,1227
956,0,1227
413,5,1227
3736,3,1227
6251,2,1227
6401,1,1229
2636,3,1230
3918,0,1230
4946,1,1231
3534,1,1231
4295,3,1231
1316,2,1231
4763,5,1233
231,2,1233
1863,3,1233
5614,0,1235
5861,4,1235
6896,1,1235
4433,3,1235
3011,1,1235
53,5,1235
2845,4,1237
407,5,1238
3222,4,1239
3489,5,1239
4015,2,1240
4935,2,1241
5784,3,1241
4149,2,1241
6166,1,1241
6434,1,1241
6809,1,1241
570,5,1242
2921,3,1243
3468,3,1243
5694,4,1243
5139,3,1243
5521,1,1243
5689,2,1247
5756,3,1247
5830,3,1247
3227,0,1247
5090,2,1247
5464,3,1248
1698,1,1248
5617,3,1248
689,4,1248
2761,2,1249
4200,1,1249
1108,2,1249
2223,5,1249
1096,5,1251
2440,4,1251
4315,3,1251
6823,5,1253
6266,2,1253
4327,1,1255
126,3,1255
5336,0,1255
1747,5,1255
1575,4,1255
5818,1,1255
513,1,1257
3282,4,1258
4860,1,1258
5284,5,1258
5866,2,1259
5883,3,1259
1330,2,1259
2859,4,1259
2651,0,1261
2881,1,1261
6307,5,1261
1517,2,1262
4934,1,1262
138,1,1262
3507,2,1262
6917,5,1262
1219,0,1264
4686,1,1264
616,5,1264
5622,3,1264
6467,0,1264
1368,2,1265
5140,5,1265
5517,1,1265
4184,3,1265
4782,3,1265
5792,4,1265
4825,4,1266
6602,5,1266
6856,2,1266
4251,3,1266
5208,5,1268
2340,2,1268
2031,4,1268
4266,3,1269
5816,5,1269
6470,0,1269
4899,3,1269
2592,0,1269
947,5,1269
1529,5,1270
1915,2,1270
4600,2,1270
69,5,1270
2395,2,1270
6321,1,1271
2715,4,1271
4719,0,1271
3772,1,1271
4654,4,1271
4757,2,1271
2036,0,1271
3278,2,1274
2262,3,1274
6447,5,1275
5341,0,1275
6273,5,1275
481,0,1275
1992,0,1276
4395,2,1276
4400,4,1276
5444,2,1276
1489,4,1276
3958,1,1277
4359,0,1277
2813,3,1277
2701,5,1277
4236,5,1278
3680,1,1278
3857,4,1278
942,0,1278
4164,3,1278
1079,1,1279
1752,0,1279
4717,2,1280
5439,0,1280
3540,1,1280
3914,3,1280
4784,1,1280
242,0,1280
744,4,1281
4140,0,1281
4148,1,1281
6295,5,1281
832,3,1282
5900,3,1282
6264,4,1283
1481,4,1283
2475,2,1283
1184,5,1285
3872,2,1285
5638,3,1287
5837,2,1287
6084,5,1288
6708,2,1289
6975,5,1289
551,0,1289
6662,1,1289
1041,1,1290
2359,5,1290
6469,2,1290
374,4,1291
99,0,1291
1538,0,1291
1705,0,1291
2771,4,1291
107,1,1291
3775,3,1292
6833,0,1295
4073,1,1295
1914,0,1295
3361,5,1296
179,2,1297
5642,5,1297
6607,4,1297
2629,5,1297
2503,4,1300
1297,5,1300
2564,2,1302
3463,0,1302
1159,5,1302
4831,1,1302
5769,3,1302
1374,5,1302
3139,3,1302
3100,5,1302
4764,2,1302
5896,2,1302
382,0,1303
4027,2,1303
5973,3,1303
6716,1,1303
1093,4,1303
1357,5,1306
1408,3,1306
4436,3,1307
5098,1,1307
2065,3,1307
2076,2,1307
2306,2,1307
6763,2,1308
1007,3,1308
4461,5,1309
5470,2,1309
5855,0,1310
6162,3,1310
6576,5,1310
2227,0,1310
3032,5,1311
6950,5,1311
334,2,1311
4845,2,1311
4550,3,1312
1372,0,1313
1983,3,1313
5124,0,1313
5270,2,1313
6776,2,1313
2138,0,1313
5268,1,1313
5220,2,1313
5992,5,1314
6646,2,1315
5195,4,1315
1954,1,1315
3428,2,1315
5478,3,1315
1597,0,1316
3056,3,1318
6280,2,1318
5989,1,1318
2124,1,1318
3685,5,1318
4446,3,1319
3060,1,1319
4195,3,1319
4394,3,1319
4805,4,1320
2415,3,1320
1558,2,1320
445,1,1320
1017,3,1321
4694,5,1321
5906,2,1321
6119,0,1321
2279,4,1321
286,2,1321
4026,4,1321
826,0,1321
2953,3,1321
272,2,1321
3027,0,1321
3434,0,1322
4279,2,1323
94,1,1323
4742,2,1323
3371,3,1323
6062,1,1323
3633,3,1325
4167,1,1326
5560,5,1327
5323,1,1327
6655,1,1327
820,0,1327
1043,4,1327
6689,3,1327
5107,5,1327
5398,5,1329
2116,2,1329
1023,3,1329
2175,0,1329
823,5,1330
1789,4,1330
2720,0,1330
2742,3,1331
5066,5,1331
333,4,1331
619,1,1331
2120,2,1331
2712,3,1332
6412,5,1332
2454,1,1332
3049,1,1333
3196,3,1333
4780,0,1333
6136,4,1333
2695,0,1334
6036,3,1336
6503,5,1336
1030,0,1336
1394,2,1336
2212,3,1336
4519,5,1337
4187,2,1337
6730,1,1337
5547,2,1337
268,5,1337
2433,5,1338
4242,3,1339
2284,3,1339
5393,1,1340
4414,5,1341
4681,1,1341
6789,2,1341
2100,3,1341
3509,5,1341
5972,3,1343
6711,3,1347
626,0,1348
1045,4,1348
2543,3,1348
3921,0,1348
4277,0,1348
4973,2,1348
6768,5,1348
6850,1,1349
4967,5,1349
5690,2,1350
1587,2,1350
1807,4,1353
3239,0,1354
6327,4,1354
6042,2,1354
2373,1,1354
3971,3,1355
1611,5,1355
2085,2,1357
253,3,1357
925,1,1357
1518,1,1357
2854,0,1357
5059,0,1358
2743,1,1361
758,0,1361
3694,2,1365
5841,3,1365
1924,3,1365
2189,2,1365
207,1,1365
2689,5,1365
3731,0,1365
4385,3,1365
4467,5,1365
5335,5,1366
857,1,1366
3172,5,1366
5440,5,1367
1898,0,1367
3470,5,1367
4132,4,1367
1860,4,1367
4257,2,1368
5037,2,1368
1995,0,1368
1712,3,1368
2251,3,1368
208,2,1370
2903,2,1370
4225,4,1370
1144,1,1371
1201,5,1372
3363,0,1373
6101,5,1374
1750,5,1374
2593,1,1374
5013,3,1374
5909,4,1374
2291,5,1375
924,2,1375
4209,1,1375
1524,1,1375
5699,3,1375
6586,2,1376
2121,5,1376
493,0,1376
3589,3,1376
1784,2,1376
1034,5,1377
2787,2,1378
6442,5,1379
1788,0,1379
2016,5,1380
969,5,1380
4391,4,1380
4572,1,1380
530,0,1380
2710,2,1380
3891,4,1381
4418,2,1381
846,1,1381
3072,2,1381
6717,2,1382
5985,0,1382
5218,2,1382
6762,3,1382
271,5,1382
2187,3,1382
3042,4,1382
6454,1,1383
1008,1,1383
1052,2,1383
3117,4,1383
4551,3,1384
1953,3,1384
6286,5,1385
577,4,1385
2763,3,1385
3544,1,1386
5086,5,1386
6751,3,1386
5213,1,1386
6803,3,1386
3828,3,1386
4837,5,1386
5654,3,1386
6126,1,1386
645,2,1387
2334,1,1387
3231,0,1387
4371,4,1387
3450,2,1387
3805,4,1387
4530,0,1387
6536,5,1390
2450,2,1390
39,1,1390
3705,0,1390
3809,4,1390
4617,0,1392
6073,3,1392
6397,3,1392
5455,4,1392
5600,5,1394
364,2,1395
485,3,1395
3146,0,1395
4240,3,1395
50,5,1397
223,4,1397
981,1,1397
2932,4,1397
5457,2,1398
151,1,1398
666,2,1398
5168,4,1398
585,3,1399
30,5,1399
1532,2,1400
5524,5,1400
1556,1,1400
3384,3,1400
3763,5,1401
2969,3,1401
5994,5,1405
6713,1,1406
2964,2,1407
1407,5,1408
149,2,1408
754,3,1408
5576,3,1408
2211,1,1408
6013,5,1408
6055,3,1410
845,5,1410
1681,5,1411
4774,0,1413
1656,5,1413
6113,1,1413
404,4,1413
4948,0,1413
349,4,1414
3445,2,1414
5240,3,1414
2612,5,1414
5452,0,1414
1288,3,1414
2934,0,1416
717,4,1416
297,3,1416
2374,3,1416
703,0,1416
3478,4,1416
1090,4,1416
2522,2,1416
4975,2,1417
1174,4,1417
5296,1,1417
6390,2,1417
2713,1,1417
3197,5,1417
3586,2,1418
5915,0,1418
2795,0,1418
1700,1,1419
3789,4,1419
6125,0,1421
327,1,1421
4662,2,1421
6221,1,1421
5698,0,1421
943,3,1421
1170,5,1421
3206,2,1421
5702,3,1421
6628,4,1422
2860,4,1422
365,4,1422
3636,5,1422
4377,4,1422
6142,2,1422
6808,1,1423
1145,3,1423
3537,1,1423
2803,2,1424
3580,4,1424
2296,3,1424
299,4,1425
1506,3,1425
1624,2,1426
2665,1,1426
3124,4,1426
6186,4,1426
1722,0,1427
4696,0,1427
1261,4,1427
4379,2,1427
6761,3,1428
4791,2,1429
5253,1,1429
29,5,1429
4772,1,1432
5359,5,1432
3909,3,1432
3080,1,1433
1095,0,1434
3662,3,1434
4759,5,1434
424,2,1434
2401,1,1434
398,0,1434
5948,3,1435
1401,2,1435
1865,1,1436
1984,4,1436
1264,0,1436
2011,0,1437
1088,3,1437
4736,0,1437
6193,2,1438
3760,3,1438
1617,2,1439
5214,4,1439
1068,0,1439
1688,3,1439
4783,4,1442
2910,2,1442
4776,3,1442
6618,5,1442
172,4,1442
4835,4,1442
6204,4,1442
4390,5,1442
6238,1,1442
3614,1,1443
5339,0,1443
4577,3,1444
1089,3,1444
6588,2,1444
314,4,1447
1966,2,1447
5655,4,1447
1714,2,1447
990,0,1447
2993,0,1447
5836,0,1449
2464,5,1449
280,3,1449
1259,3,1450
2890,3,1450
6532,0,1450
2663,1,1450
6775,0,1450
4582,4,1453
6191,2,1453
5785,3,1453
191,1,1453
5100,2,1453
2482,4,1453
3677,5,1453
122,0,1455
1445,0,1456
153,2,1456
3368,2,1457
3758,0,1457
2007,5,1458
5675,2,1458
2467,5,1459
4873,3,1460
5510,1,1460
2799,2,1460
1290,2,1460
4771,2,1461
3709,5,1462
3669,0,1462
4850,3,1462
6542,5,1462
3604,3,1464
5476,4,1464
4460,1,1464
4944,1,1464
5170,2,1464
300,3,1464
2714,3,1464
3937,4,1464
5434,5,1464
5584,5,1464
3365,5,1465
3422,2,1466
332,1,1466
3254,2,1467
4668,5,1467
1563,2,1467
3262,1,1468
1880,1,1469
5421,1,1469
3783,5,1469
5847,3,1469
750,2,1469
2333,5,1470
1758,3,1470
4060,3,1471
4548,3,1471
1780,3,1471
5109,3,1473
688,1,1473
4726,4,1473
4293,2,1474
4493,3,1475
4079,1,1475
5865,5,1475
633,0,1475
475,0,1475
5163,3,1475
78,5,1475
4157,3,1475
228,1,1476
3553,5,1476
5070,2,1476
6378,5,1476
3571,1,1476
6600,1,1477
3550,3,1478
511,5,1478
2960,5,1478
903,2,1479
5180,2,1479
1223,5,1479
2999,0,1479
533,3,1479
5763,2,1479
2204,1,1480
5131,5,1481
1416,1,1481
2356,2,1482
2902,1,1482
2909,3,1482
6423,4,1482
338,5,1482
2570,1,1482
3996,2,1482
3629,5,1482
4451,3,1482
5468,5,1484
275,1,1485
3712,0,1485
6391,1,1485
36,1,1485
5709,3,1486
546,3,1486
1112,0,1486
5641,5,1486
6137,5,1486
6138,2,1487
3503,5,1488
827,5,1488
1450,0,1488
6800,1,1488
4616,1,1488
5009,3,1488
5811,2,1488
6864,1,1488
1059,5,1488
3578,3,1488
1194,3,1489
3601,0,1490
4402,3,1490
6249,3,1490
64,2,1491
5621,4,1491
5716,3,1493
1744,5,1493
5143,3,1495
3319,2,1495
346,4,1495
1905,1,1495
5824,0,1495
812,1,1497
1356,3,1497
779,5,1497
5053,2,1499
6724,4,1499
132,4,1499
1003,4,1499
4358,5,1500
3838,3,1500
1484,1,1501
2164,0,1503
3250,1,1503
6254,3,1503
1740,5,1504
2756,3,1504
1987,2,1506
3641,0,1506
6682,3,1506
5165,5,1506
386,5,1506
2329,3,1506
5593,2,1506
3650,1,1507
3981,1,1508
4901,3,1508
5649,3,1510
3401,4,1511
3499,5,1511
4513,4,1512
1066,5,1512
3482,2,1512
2462,4,1513
1367,2,1513
4188,2,1513
1682,5,1514
4114,4,1514
5543,0,1514
3259,2,1514
3602,0,1514
5712,2,1514
1937,3,1514
6714,2,1514
487,3,1514
5704,2,1517
6747,3,1517
609,0,1517
2281,1,1518
5084,2,1518
875,0,1518
506,3,1519
2588,4,1519
3202,1,1519
3120,2,1519
3678,5,1519
6922,4,1521
4413,5,1521
4311,0,1521
5761,1,1521
5565,3,1521
5914,2,1521
4933,5,1521
3843,4,1523
4221,2,1523
2372,0,1523
4052,2,1524
5134,2,1525
1742,3,1525
5962,1,1525
1676,4,1525
3165,0,1525
6867,5,1525
3648,2,1525
3813,3,1525
6731,0,1525
4765,2,1525
6190,2,1525
3144,4,1525
5673,4,1525
889,1,1525
4807,5,1526
4886,2,1526
2208,1,1529
5938,2,1529
429,3,1529
5569,1,1529
5838,5,1529
6160,2,1530
1988,5,1530
2181,1,1530
2276,0,1530
2321,0,1530
3635,1,1530
6556,2,1530
4554,4,1530
2730,3,1531
1073,3,1531
1592,0,1533
142,3,1533
1859,3,1533
5852,0,1533
3860,0,1533
6900,1,1534
6402,5,1534
589,4,1534
860,2,1534
1137,2,1534
1934,0,1534
2660,2,1534
3105,2,1534
2427,5,1536
1444,5,1537
2381,0,1538
3808,2,1538
6842,3,1539
6293,3,1539
801,0,1539
2320,5,1540
3024,2,1540
227,3,1540
2652,0,1540
57,5,1541
4398,0,1541
1620,1,1541
5605,4,1541
390,4,1542
1166,3,1544
1961,2,1544
6838,2,1544
2873,0,1544
3528,0,1544
4680,3,1544
686,5,1546
1157,0,1546
4544,1,1546
4995,2,1547
6866,4,1547
2590,2,1547
6235,3,1549
501,5,1549
1044,3,1549
5278,4,1550
6489,2,1555
3326,3,1555
2292,2,1556
638,3,1557
1414,2,1557
1576,0,1557
6591,4,1558
304,2,1558
5846,1,1558
781,0,1558
4067,5,1558
1411,5,1558
2537,4,1562
4009,3,1562
6262,1,1562
421,5,1562
2816,2,1562
3634,0,1562
2429,3,1562
3576,5,1563
1940,2,1564
4426,2,1565
4496,2,1565
2414,4,1565
2245,2,1565
4896,5,1565
6066,4,1566
3747,4,1566
411,4,1566
2221,4,1567
2765,5,1567
6263,1,1568
772,3,1568
2019,1,1568
6244,1,1568
209,5,1569
1072,4,1569
5137,2,1569
537,5,1569
3845,3,1569
79,4,1569
389,3,1569
1104,3,1569
5997,2,1570
2316,2,1570
2349,0,1570
2639,2,1570
1619,1,1570
2073,1,1571
3567,1,1571
5407,5,1571
3055,5,1573
5280,2,1573
2900,1,1574
5299,1,1574
2641,1,1574
3178,0,1574
6723,0,1574
1311,0,1574
3345,3,1576
647,0,1576
6252,2,1576
5597,4,1576
6350,4,1576
6720,2,1576
890,1,1576
1121,3,1576
2892,2,1577
682,5,1578
3674,5,1578
4306,2,1578
6315,0,1578
2196,4,1578
5088,4,1578
1141,0,1578
1908,3,1579
1680,0,1579
2645,5,1579
5376,0,1579
978,0,1580
2261,1,1580
3159,3,1580
3729,1,1581
6688,1,1581
963,0,1581
4484,2,1581
3228,5,1582
6211,4,1582
4408,3,1582
6883,5,1582
5186,5,1582
2324,5,1584
3242,2,1584
5722,5,1584
6928,2,1586
243,3,1586
5936,4,1587
1012,1,1587
2603,5,1587
2878,0,1587
3624,5,1587
3846,1,1587
5451,1,1588
1641,3,1589
926,5,1590
4129,1,1591
3487,0,1591
3810,5,1591
4439,5,1593
5263,3,1596
4123,1,1596
4634,2,1596
2911,5,1596
5313,3,1597
5941,5,1597
6755,5,1597
4075,2,1597
4968,4,1599
2554,3,1599
6020,0,1599
3532,3,1599
3584,3,1599
4062,5,1599
6078,1,1599
6903,5,1599
6963,3,1599
2115,2,1599
2149,2,1601
3333,5,1602
85,5,1602
1918,4,1603
6373,3,1603
72,2,1603
2550,0,1604
4349,0,1604
2040,4,1605
2611,4,1605
3610,5,1605
6801,3,1605
769,4,1605
911,1,1605
463,0,1605
3074,3,1606
5061,3,1606
1687,3,1607
6118,1,1607
6419,0,1607
402,5,1608
581,1,1608
2982,2,1608
5167,5,1610
3192,1,1610
303,3,1610
4065,0,1610
2893,5,1613
3425,5,1613
5273,2,1613
5679,4,1613
3090,3,1613
5853,2,1614
6624,5,1615
3064,1,1615
3625,2,1615
2927,3,1615
6305,1,1615
2365,2,1616
588,5,1616
2963,0,1617
311,4,1617
3523,4,1617
5015,5,1617
6627,1,1617
747,0,1617
6106,2,1618
4235,0,1620
4291,4,1620
6733,3,1620
4666,5,1620
1058,3,1620
3292,2,1620
5383,3,1620
3382,3,1620
4054,3,1623
6640,4,1623
1378,2,1623
3268,0,1623
1120,4,1623
2628,3,1628
2220,4,1628
661,5,1628
4609,0,1628
5123,4,1628
6277,2,1628
3005,0,1628
5516,3,1628
1161,1,1628
3759,1,1628
6414,2,1628
97,5,1628
1460,5,1629
848,5,1629
3385,2,1629
4811,0,1630
1348,3,1630
4543,3,1630
3508,5,1630
6910,1,1630
1459,5,1630
6018,2,1633
6457,3,1635
1645,2,1635
5647,2,1635
2250,1,1635
3698,0,1635
6019,5,1635
6421,1,1635
6722,5,1635
3715,0,1636
3826,4,1636
62,2,1636
1227,5,1636
4492,3,1636
6504,2,1637
6788,1,1637
1779,4,1637
3825,5,1637
6334,0,1640
726,1,1640
1609,5,1640
3881,0,1641
177,1,1641
651,3,1641
6707,0,1642
6849,0,1642
2594,1,1642
4768,5,1643
4878,0,1644
5248,2,1644
5328,3,1645
4853,1,1645
3995,0,1646
2278,5,1646
1819,3,1646
369,5,1647
6666,4,1647
317,5,1647
962,1,1647
5221,5,1648
2343,3,1648
6109,5,1648
718,2,1651
2487,0,1651
2702,5,1651
1974,5,1651
4014,1,1651
3009,2,1651
731,0,1651
1065,2,1651
3218,5,1652
5266,3,1652
909,1,1653
3243,1,1653
3664,3,1653
5092,1,1653
395,5,1653
1496,2,1653
799,5,1653
4521,0,1655
134,2,1655
1385,1,1655
1683,2,1657
4941,5,1658
2998,4,1658
3248,5,1658
3905,0,1659
5360,2,1659
2206,0,1659
2224,1,1659
6347,3,1659
3776,1,1659
5314,5,1659
2824,0,1659
2967,1,1661
3163,3,1661
4752,1,1661
250,5,1661
3788,4,1661
5707,5,1661
6284,5,1663
2886,4,1663
5459,3,1663
406,5,1663
931,4,1663
1847,3,1664
5775,1,1665
4455,3,1665
5916,5,1665
6541,1,1665
233,4,1665
1498,2,1665
2380,0,1667
2558,5,1667
5910,2,1669
2990,0,1669
4926,2,1669
4373,0,1669
5488,5,1669
6216,5,1669
129,3,1669
2443,5,1669
2850,2,1670
3214,4,1670
660,5,1670
2054,2,1671
6553,3,1672
6665,1,1672
1133,3,1673
1928,1,1673
3829,5,1673
6318,3,1673
1,2,1673
1191,5,1673
2988,5,1673
3351,3,1673
2282,0,1673
4679,1,1675
2957,3,1675
4826,3,1675
2067,2,1675
4728,2,1675
1387,3,1675
3193,1,1675
6644,3,1676
790,4,1676
6786,4,1676
1422,2,1677
3859,3,1677
4769,2,1677
4880,2,1677
3427,5,1677
1074,0,1677
2180,0,1680
3799,1,1681
3998,3,1681
5179,4,1681
3094,4,1681
6139,2,1683
2088,3,1684
3878,2,1684
4021,2,1684
5626,5,1684
4369,1,1684
4406,4,1685
1098,5,1685
1198,4,1685
1154,5,1685
2239,2,1686
6201,2,1686
756,0,1686
5715,3,1688
6223,0,1688
3884,1,1688
1359,1,1689
1675,5,1691
4066,2,1691
4473,1,1691
362,1,1691
2579,0,1691
3186,4,1692
4076,2,1692
2624,5,1692
3820,0,1692
4994,5,1694
6004,5,1694
3359,3,1694
5544,5,1694
5693,0,1694
6465,3,1695
2255,3,1695
2905,1,1695
5923,3,1697
6046,4,1698
1644,5,1698
3414,1,1698
270,3,1699
2358,1,1700
920,3,1700
1729,5,1700
34,3,1702
1899,4,1702
2143,2,1702
3514,1,1702
5601,2,1703
728,3,1704
2142,5,1704
5029,0,1704
3617,4,1705
6461,1,1705
48,0,1706
891,5,1706
5057,5,1706
5388,2,1706
2735,5,1708
1631,1,1708
5177,4,1708
1720,3,1708
3645,0,1708
1510,1,1708
1286,2,1708
4363,0,1708
2084,0,1710
2408,4,1710
2739,3,1712
1400,3,1712
2388,5,1712
5433,2,1713
3797,5,1713
3706,1,1714
6998,0,1714
5319,3,1714
3453,1,1714
4842,2,1714
4928,5,1714
5010,5,1714
5187,3,1714
3305,0,1714
6952,2,1714
6061,2,1715
6614,2,1715
5981,2,1715
4204,3,1717
4897,2,1717
1834,5,1717
6413,1,1717
6445,4,1717
2805,1,1717
2866,3,1718
4949,3,1718
5258,2,1719
442,1,1719
828,3,1719
1199,5,1719
2025,3,1719
3599,2,1719
5672,3,1720
6455,1,1720
4352,5,1721
1494,3,1721
6693,0,1722
2783,3,1722
3716,1,1723
4002,4,1724
255,3,1724
6173,2,1726
2249,5,1726
13,2,1726
5474,5,1726
3894,2,1727
1252,4,1727
2449,1,1727
5366,5,1727
841,0,1727
3504,3,1729
5373,5,1732
6889,0,1732
944,3,1732
5631,1,1732
1674,4,1732
1900,2,1733
3350,2,1733
5998,3,1735
830,5,1735
1389,0,1736
3970,2,1738
154,0,1740
2938,4,1741
6608,0,1741
2132,1,1741
3855,4,1743
3216,3,1744
3442,5,1744
6386,2,1745
5525,1,1745
5945,1,1745
6439,2,1745
5607,0,1745
4259,2,1747
380,3,1747
678,5,1748
858,1,1748
1410,3,1749
4871,2,1749
1332,4,1753
1343,5,1753
5411,2,1754
6203,2,1754
4440,1,1754
352,0,1754
1028,4,1754
3225,5,1754
764,0,1754
4796,2,1756
777,2,1756
4388,4,1756
198,2,1756
932,3,1758
2512,1,1758
4018,3,1758
4268,2,1758
5918,3,1760
477,0,1760
288,1,1760
1453,3,1761
2043,1,1761
2056,1,1761
4182,4,1761
6239,2,1761
2650,5,1761
6834,1,1763
3535,2,1764
6953,0,1764
3360,3,1764
1376,3,1764
1704,2,1765
3238,0,1765
809,2,1765
4194,1,1765
77,3,1765
882,5,1765
4151,0,1765
5151,5,1765
5379,5,1765
2378,3,1766
1585,3,1766
3044,1,1767
4867,1,1767
5768,1,1768
503,5,1768
1117,1,1768
1213,2,1768
680,3,1769
1115,4,1769
525,3,1769
3390,3,1769
5425,1,1769
5182,4,1769
3663,4,1769
4919,5,1770
494,0,1770
6984,2,1770
2108,0,1770
5632,2,1770
3404,5,1770
4528,5,1770
5921,0,1770
6261,5,1772
3830,1,1772
6709,5,1772
6218,4,1773
1475,3,1773
1794,0,1773
3851,5,1773
2114,2,1776
4533,3,1777
4930,3,1778
1427,3,1778
1014,5,1778
1127,5,1778
6734,2,1778
2201,3,1778
2945,0,1780
2920,2,1781
4902,0,1781
676,4,1781
6746,1,1781
2507,2,1781
6804,5,1781
1511,5,1782
4083,5,1782
5447,3,1782
6997,5,1783
3272,1,1783
2671,0,1783
4256,1,1783
5181,3,1783
6824,3,1785
1515,1,1786
3721,3,1786
6757,1,1788
813,4,1788
3307,0,1788
5141,0,1788
5902,1,1789
6500,5,1789
2298,5,1790
2980,3,1790
4404,0,1790
5629,2,1790
2353,5,1790
3205,5,1790
3555,3,1792
652,4,1793
3375,3,1793
432,1,1793
1109,4,1793
6364,0,1793
6882,2,1793
6960,1,1794
449,0,1794
1129,2,1794
3541,2,1794
3271,3,1794
4487,3,1794
3668,4,1795
5002,3,1795
6361,0,1798
368,5,1799
1632,5,1799
1979,4,1799
2706,2,1801
211,1,1801
2226,4,1801
5950,2,1803
6209,0,1804
2643,0,1804
5657,0,1804
6729,0,1806
3727,2,1806
6096,0,1806
625,4,1806
2246,0,1806
6715,1,1807
1229,0,1807
1601,4,1807
3693,0,1808
3847,5,1808
5222,4,1809
1768,0,1809
5745,5,1809
5580,2,1809
961,5,1810
1298,4,1810
3004,0,1810
5056,3,1810
6868,3,1810
1315,1,1810
1885,3,1811
2081,5,1811
5577,3,1811
6120,3,1811
6159,1,1811
6756,4,1812
1439,2,1812
3697,1,1813
5578,2,1814
575,0,1814
3334,3,1814
6153,0,1814
1123,2,1814
1670,0,1815
5538,4,1817
5651,5,1817
5753,0,1818
729,0,1818
1721,3,1819
2094,2,1819
4226,1,1820
4887,3,1821
2416,5,1821
6067,2,1821
4091,2,1821
4963,3,1822
139,1,1822
4292,5,1822
4988,3,1822
1783,3,1824
2105,1,1824
2183,4,1824
1838,1,1824
6739,0,1824
1383,2,1824
1852,3,1824
3948,5,1824
5078,3,1824
6580,5,1824
1051,4,1825
5169,4,1825
5788,2,1825
1224,4,1825
3472,4,1826
4037,5,1826
6441,2,1827
1361,2,1827
3283,5,1827
5878,2,1828
423,1,1829
3410,0,1829
4906,2,1830
5585,5,1830
2002,5,1830
6515,0,1831
4715,0,1831
3417,5,1831
692,1,1831
5919,0,1831
351,2,1832
301,5,1832
4168,3,1832
4890,1,1832
5940,2,1832
6743,4,1832
4823,2,1833
2237,2,1834
3547,0,1834
5085,2,1834
5368,1,1834
1874,4,1834
5210,5,1836
226,2,1836
852,5,1836
3777,5,1836
4217,0,1836
1412,3,1836
5610,3,1836
6797,5,1836
202,5,1837
4494,3,1837
3911,3,1837
776,5,1838
1185,5,1838
6039,1,1838
5479,3,1838
4684,1,1838
1039,4,1838
1588,0,1839
2707,0,1840
5599,1,1842
6452,4,1842
5477,3,1843
2565,3,1843
3302,0,1843
6754,2,1844
899,5,1844
1837,5,1844
2724,2,1845
3740,3,1845
2632,3,1847
3255,4,1847
4013,3,1847
4762,2,1847
5798,1,1847
1294,1,1847
1564,1,1849
2698,1,1849
4745,3,1849
2608,5,1849
4585,3,1852
1569,1,1853
3974,0,1853
416,3,1853
3519,1,1853
2757,5,1853
3620,5,1856
414,4,1856
3281,3,1856
3299,4,1856
562,2,1856
2240,5,1856
5700,5,1856
1190,0,1856
4214,3,1856
5888,5,1857
3874,5,1859
629,3,1859
2782,4,1859
3497,1,1859
6793,5,1859
3853,2,1859
4733,4,1860
238,3,1860
6417,4,1861
3265,4,1863
6377,4,1863
939,5,1863
1804,5,1864
6464,3,1864
3291,1,1864
4419,4,1864
4103,5,1864
1603,0,1864
3322,2,1864
4522,2,1864
508,1,1865
2491,1,1865
5889,2,1866
1546,2,1867
2352,0,1867
2733,5,1868
937,2,1868
6075,1,1869
1061,2,1869
14,3,1869
5668,5,1869
1738,1,1869
3112,0,1869
5018,3,1869
659,0,1869
1179,2,1870
5306,3,1870
5650,2,1870
5561,5,1870
3476,2,1870
5979,3,1871
2943,5,1871
4754,0,1871
225,0,1872
3762,5,1874
4601,1,1874
2229,5,1874
3436,0,1874
1016,3,1874
1828,1,1874
2118,1,1874
274,4,1874
3052,5,1874
6409,0,1874
6418,3,1874
1230,4,1874
2483,5,1876
6376,1,1876
6425,5,1876
308,4,1876
636,4,1876
3294,2,1877
4857,2,1878
3029,3,1878
5615,5,1878
6346,3,1878
1943,4,1878
4112,1,1878
4206,4,1880
4723,4,1880
4566,4,1881
3549,0,1881
2362,3,1881
3143,1,1881
3886,2,1882
220,5,1882
310,2,1883
1706,5,1883
2271,0,1886
4212,0,1886
4915,2,1886
1761,2,1886
3554,4,1887
4340,5,1887
5081,1,1887
6093,1,1887
6301,5,1891
474,3,1891
674,3,1891
1293,5,1891
2975,5,1892
4254,3,1892
2325,0,1894
5463,2,1894
2681,5,1894
4883,1,1894
6468,3,1894
5779,3,1894
991,5,1894
1442,4,1894
971,2,1894
4035,2,1895
975,2,1895
6610,1,1897
3676,5,1898
6930,5,1899
2158,5,1899
2744,2,1900
4620,0,1900
5027,3,1900
1131,3,1900
1238,2,1900
1528,2,1900
3047,5,1900
3552,5,1901
4153,1,1901
6812,2,1902
2453,5,1902
2876,2,1902
222,1,1903
4485,2,1903
5507,4,1903
6241,4,1903
1858,0,1903
5416,3,1903
2150,0,1904
6983,1,1904
4644,3,1905
6050,2,1907
5905,0,1907
2551,5,1907
5211,3,1907
5664,1,1907
6306,2,1907
2677,5,1907
363,1,1908
6932,0,1908
2103,5,1908
337,3,1909
6269,0,1909
2125,2,1909
1550,2,1911
5483,3,1911
894,5,1912
1483,0,1912
2447,5,1912
5717,2,1912
5984,2,1912
140,1,1912
2700,2,1912
6104,2,1913
6770,0,1916
720,3,1916
2784,2,1916
3997,0,1916
3114,2,1916
5196,5,1916
5269,3,1916
5929,2,1916
5969,4,1916
1728,1,1916
913,5,1916
1207,4,1916
4546,1,1916
5023,2,1916
2981,1,1916
5772,5,1917
3026,1,1917
545,3,1918
982,3,1918
4255,2,1921
6379,3,1921
1110,0,1921
6522,1,1922
49,3,1922
2442,5,1922
4864,5,1923
5062,3,1923
3502,0,1923
4687,1,1923
5563,0,1923
6745,3,1924
144,0,1924
906,3,1925
3092,0,1925
4215,0,1925
4904,1,1925
1377,4,1925
2254,2,1925
4154,1,1925
3521,4,1925
5008,5,1926
912,1,1927
2492,5,1928
3103,5,1928
1857,4,1929
3966,5,1929
4197,3,1929
6660,0,1930
2473,3,1930
2979,3,1930
5862,2,1931
2222,1,1931
6351,2,1931
5152,1,1932
2571,3,1932
1296,1,1934
1351,4,1934
1925,2,1934
825,2,1934
873,4,1934
1636,5,1934
2283,3,1934
6533,3,1936
6826,4,1936
3386,5,1938
2644,2,1938
6115,2,1938
2213,5,1938
4287,0,1938
4348,4,1938
2153,2,1941
4505,5,1941
330,2,1943
4120,4,1943
5114,3,1943
5329,0,1943
2235,3,1943
4852,5,1943
5142,0,1944
1305,0,1946
3661,5,1946
5297,2,1946
2323,1,1946
5428,4,1946
5868,0,1946
5528,2,1946
3456,2,1948
4010,5,1949
500,2,1949
2829,3,1949
3500,4,1949
1418,5,1950
901,1,1950
5591,5,1950
6038,3,1952
6267,4,1952
2582,0,1952
2849,0,1952
5968,5,1952
1664,1,1953
1561,5,1955
2382,4,1955
6523,0,1955
6129,1,1955
6902,2,1955
224,5,1957
3492,5,1957
3598,3,1957
6702,3,1958
4568,3,1958
3764,1,1958
5500,5,1958
3568,3,1959
4868,3,1959
6795,4,1959
1649,3,1959
471,3,1959
2567,5,1959
3844,3,1959
4612,2,1961
917,5,1961
1685,0,1962
3367,0,1963
5001,1,1963
6799,5,1965
2546,1,1965
4296,2,1965
3252,0,1965
2413,3,1965
5934,5,1965
1560,3,1965
4497,5,1966
5465,4,1966
6100,0,1966
2077,5,1966
4074,5,1966
6681,3,1969
3050,2,1969
4777,5,1969
5986,3,1969
696,1,1969
4642,5,1969
1505,3,1969
5791,0,1970
1465,5,1970
2647,1,1970
2205,3,1970
2521,4,1970
4932,5,1970
5828,5,1970
5243,1,1970
2157,0,1970
5568,0,1970
4228,0,1970
4535,5,1970
2099,3,1971
3116,1,1972
6297,0,1972
240,1,1972
6436,4,1972
1277,2,1972
5803,4,1973
1862,2,1973
2478,3,1973
2800,2,1973
5113,3,1974
3467,1,1974
3725,2,1974
5814,5,1974
2796,1,1976
5,5,1976
2754,0,1976
4909,1,1977
5024,4,1978
258,3,1978
361,1,1978
798,5,1978
6862,5,1978
45,5,1978
1826,4,1978
6773,4,1980
212,3,1981
1215,5,1981
6438,3,1981
2003,2,1983
4552,5,1984
5050,0,1984
3770,3,1984
6253,0,1985
6974,2,1985
6973,3,1985
451,2,1985
6290,0,1986
1042,3,1986
5456,1,1986
2335,1,1986
2779,2,1987
4822,2,1987
6742,4,1987
3433,1,1987
4625,5,1988
6476,1,1989
5094,1,1990
1037,0,1990
4265,3,1990
3744,3,1993
553,5,1993
4964,1,1993
4692,4,1993
1381,2,1993
5330,1,1993
1027,0,1993
2170,1,1993
3033,2,1995
1565,1,1995
1913,4,1995
2575,2,1995
3122,5,1995
4905,3,1995
6901,4,1995
296,5,1996
2572,3,1997
3965,2,1999
6369,4,1999
4354,3,1999
793,1,2000
6531,4,2000
5354,3,2000
565,1,2000
5805,0,2000
3722,0,2000
6907,5,2000
2954,5,2000
3605,5,2000
4671,2,2000
6701,2,2000
5616,2,2000
6148,3,2001
2233,1,2002
2925,5,2003
3687,2,2004
4203,5,2004
898,4,2004
96,1,2004
1533,0,2005
3707,3,2005
1836,1,2005
4234,4,2007
4270,2,2007
4230,5,2007
312,0,2007
2083,4,2008
1404,5,2008
3398,3,2009
4428,2,2010
3897,1,2011
4518,4,2011
5034,5,2011
6566,3,2012
468,3,2012
590,2,2012
5473,0,2012
6320,3,2013
650,2,2013
1216,4,2013
3484,0,2014
5215,1,2014
486,2,2014
1142,0,2015
3423,2,2015
1209,1,2015
6480,5,2016
642,1,2016
3438,2,2017
2322,3,2017
4170,4,2017
3524,2,2019
4810,0,2019
5736,4,2019
480,2,2019
152,5,2019
1319,3,2020
3279,2,2020
6528,0,2020
691,3,2020
2314,2,2020
4655,5,2020
1777,3,2020
2635,5,2021
3703,0,2022
5043,3,2022
6537,4,2022
6999,5,2022
4124,5,2024
794,1,2024
4294,3,2024
5437,2,2024
5535,2,2024
2880,5,2024
5532,4,2024
1210,1,2024
6779,0,2027
491,5,2027
3732,3,2027
5572,1,2027
2732,1,2027
5633,4,2027
4130,1,2027
4563,2,2027
408,1,2030
2396,4,2030
4792,2,2030
3249,4,2030
5671,0,2030
452,1,2030
1158,3,2030
4542,3,2030
394,5,2031
514,2,2031
5598,5,2031
6082,2,2032
1053,2,2032
6966,4,2032
1628,5,2033
4824,4,2035
5757,4,2036
5771,5,2038
542,3,2038
4870,2,2038
3405,0,2038
473,3,2038
2425,5,2041
6595,2,2041
4297,2,2041
6206,4,2041
3922,1,2041
278,3,2043
403,5,2044
2863,4,2044
4770,2,2044
6845,3,2045
1451,0,2045
2896,2,2045
2721,0,2045
1655,2,2046
4683,4,2046
6023,2,2046
4011,4,2046
434,5,2046
1200,0,2046
1736,3,2046
4974,3,2047
3702,0,2047
4180,0,2048
4290,3,2048
643,4,2048
4101,2,2050
4383,5,2050
2136,2,2050
510,0,2051
2704,1,2051
6085,0,2052
6877,2,2052
256,1,2052
5405,5,2052
1713,4,2052
1749,0,2052
669,3,2052
4743,2,2052
6404,3,2053
6645,5,2053
331,5,2053
104,1,2054
1132,0,2054
1413,3,2054
4663,1,2054
6673,3,2054
4795,0,2055
2305,2,2055
3546,4,2056
6091,2,2056
6360,3,2056
2344,2,2056
5691,0,2056
6049,1,2057
1333,5,2058
5225,1,2058
6164,1,2059
6215,2,2059
740,2,2060
6578,2,2060
22,1,2060
38,2,2060
3275,4,2060
4907,0,2061
51,2,2061
1626,5,2061
2717,4,2061
2098,0,2062
5799,3,2062
180,4,2062
2152,2,2062
4526,5,2062
5192,1,2062
6323,0,2063
6920,3,2064
2459,0,2064
5325,2,2064
4143,2,2064
5925,1,2064
4697,3,2064
821,3,2066
1892,2,2066
5346,4,2066
5611,0,2066
197,3,2067
708,2,2067
3938,5,2067
1345,3,2067
478,5,2068
5145,5,2069
3919,1,2069
4478,3,2069
5872,5,2069
4115,5,2069
603,3,2069
1998,0,2069
1262,0,2069
3421,1,2072
55,2,2072
921,1,2072
3522,5,2072
4146,1,2074
4986,0,2074
1495,5,2074
6328,2,2074
350,2,2074
1114,0,2076
4507,2,2078
1477,0,2078
3190,0,2080
3343,4,2080
3885,2,2080
6684,3,2081
313,5,2081
1334,1,2081
1011,4,2081
2509,3,2081
6298,5,2081
1103,2,2083
1845,2,2083
3233,1,2085
5019,1,2085
5370,5,2087
6466,2,2088
561,0,2088
6086,4,2089
6448,1,2089
6656,1,2089
1082,5,2089
5820,2,2090
4080,2,2090
2310,2,2090
1067,2,2092
6384,3,2092
687,0,2092
1764,4,2092
3010,2,2092
435,0,2093
1435,3,2094
6008,3,2094
6836,4,2095
4447,5,2096
1352,0,2096
1479,5,2096
2525,5,2097
1577,0,2097
2045,2,2098
3276,3,2098
5859,3,2098
3347,3,2098
1186,0,2098
2421,5,2098
3960,0,2098
5512,1,2099
4798,4,2099
1443,0,2100
1662,0,2100
2172,0,2100
2182,4,2100
3984,5,2100
6271,5,2100
3424,3,2101
4898,0,2101
1146,1,2101
2915,5,2101
4512,1,2101
1938,2,2102
1959,3,2102
6192,4,2102
5446,5,2102
1222,2,2102
4232,1,2103
6854,1,2103
3649,3,2104
2376,4,2105
2141,3,2105
4499,5,2107
5718,2,2107
5971,2,2107
839,5,2107
2342,5,2107
3071,0,2107
980,1,2107
2749,3,2107
4435,1,2107
1013,4,2107
89,4,2107
1306,4,2108
2626,0,2109
6631,4,2109
6661,2,2109
6879,0,2109
600,3,2109
1363,4,2110
6279,0,2110
604,2,2110
4633,0,2110
1055,5,2110
2600,3,2110
3908,5,2111
2968,3,2111
3297,3,2112
4598,5,2113
791,4,2113
1318,3,2113
4034,5,2114
5424,5,2114
5734,0,2114
5074,5,2115
5550,1,2115
6869,2,2115
4651,2,2115
4799,1,2115
3391,2,2115
4202,1,2116
5908,5,2117
176,3,2117
418,3,2119
3063,5,2119
5739,1,2119
6581,5,2119
870,3,2119
1711,0,2120
2983,5,2121
5003,1,2122
6278,2,2122
375,4,2122
3616,3,2124
6056,3,2124
2209,5,2124
4131,3,2124
1240,3,2124
2505,1,2124
1810,5,2127
572,4,2128
2355,0,2129
3399,1,2129
6938,1,2129
936,5,2129
1939,1,2129
2057,2,2129
4570,5,2131
1678,5,2131
4729,2,2132
5045,0,2135
5514,3,2136
6352,3,2136
320,1,2136
1958,2,2136
5639,5,2136
356,5,2136
953,2,2136
2852,4,2139
5138,0,2140
1610,0,2140
3077,4,2140
6881,2,2140
1208,0,2141
2384,5,2141
5174,4,2141
3461,1,2141
3608,4,2142
2942,2,2142
6769,3,2143
6313,2,2143
829,0,2143
409,5,2144
753,3,2144
4665,4,2144
5996,3,2144
2241,5,2144
6671,5,2145
4942,3,2145
6072,3,2145
5458,0,2146
6359,4,2146
6680,1,2146
4449,3,2147
2383,4,2147
2899,5,2148
5207,3,2148
3657,5,2148
4985,0,2148
2764,5,2150
3152,3,2151
67,3,2151
3941,2,2151
2891,3,2151
2985,3,2151
6453,5,2151
2871,3,2152
5927,2,2152
4319,1,2152
5126,3,2152
1148,1,2153
3748,5,2156
4767,5,2156
5432,3,2156
1086,5,2156
2569,3,2156
2972,4,2156
5586,5,2156
1069,4,2156
4437,0,2156
5903,4,2156
802,1,2156
5951,0,2156
6488,2,2157
2047,4,2157
902,2,2158
6045,4,2158
83,5,2158
454,5,2159
2995,3,2159
3257,1,2159
4310,1,2159
4346,2,2159
1581,3,2159
3469,2,2159
5539,0,2161
6143,2,2161
1606,4,2161
3892,2,2161
4972,5,2161
871,1,2161
5450,4,2161
6144,1,2162
6180,2,2163
1455,1,2163
2709,5,2163
3934,5,2164
2693,5,2164
3335,3,2164
4441,3,2165
6564,2,2165
6422,1,2165
985,2,2165
1375,2,2165
3473,3,2166
4169,2,2166
210,5,2166
379,5,2167
843,5,2167
1695,3,2167
323,3,2167
5991,5,2167
5495,3,2167
6479,5,2167
182,1,2167
928,2,2168
4833,3,2168
1991,3,2169
5255,3,2169
5542,5,2169
5093,2,2170
4304,0,2170
1300,5,2170
2680,1,2171
4262,2,2171
499,5,2171
4477,4,2174
3266,4,2174
5217,0,2174
993,3,2174
4847,3,2175
6040,2,2175
6382,1,2175
476,1,2175
4186,3,2176
5928,5,2176
161,3,2176
18,5,2176
697,5,2177
3597,5,2177
4247,1,2177
1766,3,2178
4159,1,2178
2063,4,2179
1386,0,2180
2918,1,2180
4029,5,2182
6395,4,2184
1464,0,2185
807,2,2185
2828,1,2185
3328,4,2185
3603,3,2185
673,1,2187
2468,1,2187
3877,4,2187
5546,0,2187
6498,5,2187
6887,5,2187
2533,0,2187
1384,2,2187
5353,2,2187
1340,5,2188
3101,5,2188
4325,2,2188
118,2,2188
2563,1,2188
5471,2,2190
335,2,2190
664,0,2190
5257,3,2190
6309,0,2190
3290,2,2191
2313,5,2191
2578,2,2191
6918,4,2191
3220,0,2193
3258,4,2193
4006,0,2193
3251,5,2193
5420,1,2194
5890,3,2194
6407,0,2194
2638,2,2195
6475,2,2195
5016,3,2195
120,2,2195
614,1,2195
1919,2,2195
2005,5,2197
3806,3,2197
4108,1,2197
377,2,2197
3315,0,2197
4098,4,2197
4918,5,2197
792,2,2198
1616,0,2200
5097,3,2200
52,5,2200
3221,2,2200
2970,5,2201
4392,3,2203
1260,3,2203
3718,1,2203
1931,1,2205
6959,2,2206
1040,0,2206
1902,1,2206
1942,4,2206
2498,3,2207
3402,5,2207
5856,4,2207
358,3,2207
1901,4,2207
420,2,2207
4650,2,2207
4574,3,2208
4597,0,2208
3133,2,2208
5683,2,2210
6429,3,2212
2423,4,2212
6937,0,2212
4017,1,2212
2151,5,2212
1393,4,2212
3779,2,2212
6057,5,2214
2520,3,2214
3477,4,2214
847,0,2214
6208,3,2214
371,5,2214
824,1,2215
6088,4,2215
6314,1,2215
4248,2,2216
3038,3,2216
5912,2,2216
816,2,2217
1452,4,2217
4012,3,2218
117,5,2218
5443,2,2219
946,0,2221
3577,0,2221
162,5,2221
658,2,2222
3067,2,2222
1447,5,2224
3156,1,2224
1835,0,2224
3413,0,2224
3078,5,2224
751,3,2224
1527,5,2224
5403,2,2224
2332,5,2224
5946,2,2225
80,2,2225
3780,1,2225
6406,3,2227
3545,4,2229
734,2,2229
1997,1,2229
4646,2,2232
5677,4,2232
620,0,2233
5442,4,2233
6331,4,2233
3973,3,2233
3298,3,2233
6319,1,2233
3091,4,2235
1584,2,2235
6387,5,2235
1335,0,2235
1454,1,2235
2168,1,2235
5429,3,2235
6097,1,2235
6308,3,2235
3596,3,2236
6303,3,2237
1895,5,2237
1428,2,2237
446,2,2238
1397,2,2238
5125,0,2240
6815,3,2240
2774,5,2240
1021,2,2240
4023,5,2240
128,4,2240
3863,5,2241
4969,3,2243
3176,4,2243
3344,0,2243
4393,2,2243
4423,0,2243
5987,2,2243
6459,1,2243
1637,2,2245
4741,5,2245
6516,2,2245
1856,3,2245
3839,0,2247
4084,1,2247
3264,4,2247
2688,5,2247
5305,3,2247
2350,1,2247
4179,1,2248
4421,0,2248
4434,1,2249
3170,5,2250
4324,3,2250
5048,2,2250
3277,5,2252
3383,1,2252
5121,2,2252
247,4,2252
2202,0,2253
2548,4,2253
4351,2,2253
4207,1,2253
2230,5,2253
3927,4,2254
1424,3,2254
1920,4,2254
5475,3,2254
1270,3,2254
342,3,2255
1548,5,2255
1733,0,2256
3142,5,2256
4389,0,2256
4869,3,2256
6370,2,2256
2640,2,2256
1138,5,2256
4126,5,2256
6068,2,2256
4952,3,2257
2839,2,2257
1665,1,2258
4387,5,2258
5765,4,2258
2566,2,2258
2926,1,2258
3526,4,2258
5708,0,2259
6813,1,2259
1640,1,2261
3148,0,2261
3304,1,2261
6296,5,2261
6495,3,2261
3931,5,2262
4490,5,2262
6207,3,2263
4525,2,2263
1930,2,2263
2236,4,2265
3588,5,2265
6087,0,2265
5643,2,2265
1504,4,2265
1893,1,2265
4978,1,2265
5635,0,2265
5435,2,2265
2127,3,2266
3682,2,2267
4036,3,2267
5764,5,2267
6509,1,2267
6169,5,2268
587,3,2268
3141,5,2268
1923,3,2268
6787,2,2268
6047,3,2268
6463,2,2269
6995,2,2269
1823,2,2270
5714,5,2272
1382,4,2272
5038,0,2273
2672,2,2276
2844,0,2276
3353,5,2276
4939,2,2278
4317,2,2278
2748,2,2278
4396,5,2278
4735,4,2279
3418,4,2280
3896,3,2281
6443,2,2281
2597,5,2281
2683,0,2283
2519,3,2283
3435,3,2284
6530,0,2284
6534,3,2284
1050,5,2284
1122,3,2284
3037,1,2284
1864,3,2285
6107,5,2285
6154,0,2286
5020,3,2286
5537,2,2287
5554,5,2287
4538,2,2287
469,2,2287
2823,5,2288
3640,2,2288
5320,1,2289
5503,2,2289
523,3,2291
5331,3,2291
6954,1,2293
4104,2,2293
4982,4,2293
6338,5,2293
5244,1,2293
4804,5,2293
422,4,2294
3652,3,2294
5159,1,2295
5501,4,2295
6905,2,2295
2110,5,2295
3557,0,2295
98,2,2298
5309,0,2298
6637,1,2298
1242,1,2299
3790,2,2299
3098,5,2299
6738,1,2300
3068,2,2300
3660,0,2300
488,5,2300
2496,5,2301
1607,3,2301
448,5,2301
6692,4,2301
6686,1,2301
2265,3,2301
6699,3,2301
74,2,2301
2654,3,2302
5864,3,2302
4019,0,2302
4386,1,2303
466,3,2303
5983,3,2303
2191,2,2303
2865,1,2303
3673,2,2303
6634,1,2305
3513,2,2305
4892,2,2305
5052,5,2305
4645,4,2306
5526,4,2306
3022,1,2306
3944,0,2306
4703,4,2306
6828,4,2306
6767,0,2307
2093,0,2307
5920,0,2307
6719,5,2308
833,1,2309
2529,1,2309
4160,0,2309
4334,4,2309
5194,2,2309
15,0,2310
1283,3,2310
17,5,2311
1006,2,2311
3548,5,2311
5101,3,2312
170,3,2313
1373,0,2313
2048,5,2313
381,3,2313
6543,5,2313
1187,1,2314
1580,2,2314
1708,3,2314
3861,0,2314
6451,3,2315
3171,5,2316
4488,5,2316
1446,3,2318
3637,1,2318
5079,5,2318
5189,3,2320
3348,2,2322
2555,3,2324
3160,5,2324
2260,1,2324
4032,2,2324
6875,1,2326
887,2,2326
1612,4,2326
483,2,2326
6167,5,2326
6200,3,2326
2675,0,2326
599,0,2328
613,3,2328
1071,2,2328
2973,4,2328
4583,1,2330
1434,2,2332
4999,5,2332
1423,0,2332
773,2,2335
2669,2,2335
2599,4,2335
4591,2,2335
5815,0,2335
6111,4,2336
2219,2,2337
2587,5,2337
2908,1,2337
2889,4,2337
5588,0,2338
1694,0,2338
4068,4,2341
5697,4,2341
229,5,2341
3356,1,2343
4603,1,2343
4007,2,2343
4879,5,2344
5022,5,2344
6033,4,2344
6268,0,2344
966,3,2344
4500,5,2344
3109,0,2344
3215,2,2345
1380,3,2347
3153,0,2347
5574,3,2347
76,0,2347
4712,3,2348
2392,0,2348
5770,0,2348
2018,3,2348
5636,3,2348
6202,0,2348
1274,5,2349
1417,2,2349
3355,2,2349
5555,1,2349
6843,0,2349
1907,5,2349
2000,3,2350
2035,3,2350
6022,0,2351
4171,3,2351
2944,3,2352
3675,5,2352
2501,0,2352
1341,3,2352
2337,0,2353
6325,0,2353
6647,2,2353
2858,3,2353
6152,3,2353
2238,2,2353
4111,5,2355
5573,3,2356
5848,5,2356
2618,1,2356
6375,3,2356
1904,3,2356
3198,2,2356
5410,3,2356
4227,2,2358
1147,2,2358
5741,2,2358
6818,0,2358
548,0,2358
4561,5,2358
4808,4,2358
5436,5,2358
5703,1,2358
6819,3,2359
737,3,2360
2294,2,2360
1737,3,2360
3028,1,2360
2336,0,2360
6326,5,2360
1692,0,2361
1881,2,2361
4809,5,2362
3017,3,2362
5408,3,2363
6015,0,2363
1046,3,2365
5136,2,2365
610,1,2365
3627,3,2366
4806,3,2366
531,5,2366
959,1,2366
2346,5,2366
6122,5,2368
61,4,2368
5321,1,2368
5669,5,2369
541,5,2369
6626,2,2369
4914,3,2369
6874,4,2370
3274,3,2371
6545,1,2371
3955,4,2371
4691,3,2371
5073,2,2372
766,0,2372
3848,2,2372
0,3,2372
5582,0,2372
5826,0,2374
6001,5,2374
315,5,2375
5118,3,2375
5634,3,2375
563,1,2376
2027,1,2376
498,2,2376
5737,1,2378
5746,2,2379
2556,4,2379
3325,5,2379
3735,3,2379
6171,5,2379
1976,1,2379
2068,3,2379
355,5,2380
5661,5,2380
6923,1,2380
4631,1,2380
5216,5,2380
5602,2,2380
396,3,2381
2301,4,2381
1650,5,2381
1985,2,2385
2020,0,2385
5807,3,2385
249,4,2385
1849,2,2385
2032,2,2388
3785,1,2388
6389,2,2389
241,2,2389
914,0,2390
4205,5,2391
5595,1,2391
2609,5,2391
4688,0,2392
2941,4,2392
401,3,2392
940,3,2392
1669,0,2392
4820,2,2396
987,4,2396
6170,2,2397
1854,1,2397
3710,4,2397
3199,1,2397
4983,2,2397
2810,3,2397
4794,3,2397
1235,5,2397
5390,1,2398
4163,3,2398
1339,4,2398
3906,2,2398
2758,4,2398
1725,2,2400
2604,0,2400
2705,5,2400
4553,1,2400
5203,3,2400
6146,4,2400
4081,5,2400
68,3,2400
1811,3,2401
3804,3,2401
1824,2,2401
450,1,2401
2046,5,2403
4158,1,2403
4321,4,2403
4758,5,2404
6053,5,2404
3200,1,2404
4672,3,2404
2008,0,2404
3972,3,2405
1327,3,2406
4704,5,2406
5355,3,2406
3600,0,2406
6058,0,2406
608,4,2406
4979,1,2406
3612,0,2406
5147,2,2406
6332,1,2406
1406,2,2407
4350,3,2409
6890,4,2410
1272,4,2410
3811,1,2410
373,3,2411
3458,4,2411
5419,0,2411
1521,2,2412
2547,3,2412
4922,4,2412
3191,3,2412
3203,5,2412
4223,5,2413
6245,1,2413
133,5,2414
3754,4,2414
555,0,2414
4580,5,2414
5796,1,2415
862,3,2416
3263,3,2416
5825,1,2416
748,0,2416
4045,4,2416
2106,2,2417
3647,1,2417
5130,5,2417
544,5,2418
1772,3,2418
1347,5,2419
6011,4,2419
3177,2,2419
5144,4,2420
6629,3,2420
5155,0,2420
6551,5,2421
6935,2,2421
5039,5,2421
6274,2,2421
2082,4,2421
3493,1,2422
6415,3,2422
770,1,2422
2879,0,2422
5845,3,2422
2078,5,2423
3110,2,2424
4260,2,2425
5744,0,2425
3924,4,2425
663,3,2426
5877,0,2426
3533,3,2428
100,0,2428
2830,0,2430
2561,3,2430
2838,0,2430
4050,1,2431
2470,3,2431
760,1,2431
4275,1,2431
6187,2,2432
71,3,2432
512,1,2434
4605,3,2434
6633,2,2435
1085,0,2435
1279,1,2435
2477,2,2435
4740,5,2435
2091,2,2437
1508,3,2437
1004,3,2437
6970,4,2438
171,1,2439
457,2,2440
3822,4,2440
547,1,2440
624,4,2440
1648,2,2440
3002,3,2442
3743,4,2444
6165,2,2444
6234,2,2444
930,3,2444
5000,5,2445
831,3,2445
1005,5,2446
1029,5,2446
4531,5,2449
1873,1,2449
6255,3,2449
357,2,2449
6114,3,2450
4844,2,2450
6132,5,2452
6919,2,2452
1326,5,2452
2080,0,2452
1204,4,2452
2916,5,2452
2484,1,2452
3212,2,2452
2653,3,2453
3256,5,2453
3768,4,2453
5767,5,2453
6936,1,2453
4536,1,2453
6940,1,2455
443,1,2455
3118,3,2455
4343,3,2455
295,2,2456
1473,5,2456
3659,1,2456
103,4,2456
1562,4,2456
4614,0,2457
6933,2,2458
1269,1,2458
5293,2,2459
6482,3,2459
5006,5,2459
5290,5,2459
6014,3,2459
2837,0,2459
4846,5,2459
3119,0,2459
1567,4,2459
4185,1,2460
6299,5,2461
3832,2,2462
6366,1,2462
6972,5,2463
2308,1,2463
5797,2,2463
1292,4,2463
6563,5,2463
516,1,2463
2178,3,2465
4676,4,2465
4849,2,2465
5942,5,2465
6690,1,2465
3007,2,2465
4559,3,2465
6317,4,2465
1980,1,2465
2075,2,2465
3229,0,2466
5340,1,2468
5681,4,2468
16,5,2468
2173,5,2469
3560,3,2469
2835,5,2469
6915,4,2469
805,0,2469
3380,1,2470
641,3,2471
540,3,2471
4088,5,2471
4424,3,2473
6388,1,2473
6674,0,2474
6888,2,2474
6026,5,2474
6691,3,2474
3357,4,2475
6035,2,2475
2684,1,2475
4016,2,2475
6507,3,2475
6679,2,2477
786,0,2477
1426,1,2477
2740,0,2477
6282,5,2477
3076,2,2477
6237,4,2477
1947,5,2477
3035,2,2478
3219,2,2479
4172,2,2481
822,2,2481
1195,0,2481
3149,3,2484
4302,5,2484
165,5,2484
1116,0,2486
4445,4,2490
6130,0,2491
3730,2,2491
4466,0,2491
5960,3,2492
6243,1,2493
2631,5,2493
3372,5,2493
4885,1,2493
3717,0,2493
1756,4,2493
344,2,2496
6805,3,2497
2407,1,2497
345,3,2497
1192,5,2497
4456,2,2499
3618,1,2499
3447,2,2501
5527,2,2501
5571,3,2501
895,5,2501
92,0,2501
4090,4,2501
3573,2,2501
5083,1,2501
6502,4,2501
5493,5,2501
1590,2,2501
3377,0,2502
4997,4,2502
2274,1,2503
5453,3,2506
4443,4,2506
1258,4,2507
4618,0,2507
1922,3,2507
4095,5,2507
1203,1,2508
2405,2,2508
5732,1,2509
6780,2,2510
6043,0,2510
2385,2,2510
3058,4,2510
4739,1,2510
1202,5,2510
1817,2,2511
5891,3,2511
2851,4,2511
6772,1,2514
1963,0,2514
2472,1,2514
6399,2,2514
2379,3,2514
667,4,2514
4320,4,2514
5302,3,2514
5743,3,2514
972,5,2516
2403,1,2516
2534,4,2516
560,2,2517
472,4,2517
4858,5,2517
370,2,2517
2058,3,2517
2568,0,2518
5200,4,2518
5310,3,2519
1081,2,2519
3704,5,2519
187,5,2519
440,3,2519
2177,5,2519
2436,0,2520
4632,0,2520
4817,3,2521
2736,2,2522
3615,5,2522
4113,1,2522
1519,1,2522
1767,1,2523
3816,1,2523
6117,3,2524
6821,1,2524
294,4,2524
1299,2,2524
2794,3,2524
6596,3,2524
3030,2,2524
6285,2,2524
3593,5,2524
489,5,2525
4193,2,2525
804,5,2525
1999,4,2526
6484,0,2526
2430,4,2526
2780,5,2527
1795,1,2527
1730,3,2527
4229,1,2528
1025,4,2528
3495,3,2528
1724,3,2528
339,2,2528
343,5,2528
3083,2,2529
3778,1,2529
4851,5,2530
1642,1,2532
3975,4,2532
6571,3,2532
6926,0,2532
2137,4,2532
4411,3,2533
203,2,2533
2044,1,2533
965,0,2534
5823,3,2534
159,1,2534
262,1,2534
5484,2,2534
2216,2,2535
2515,3,2535
3454,1,2535
6478,5,2536
6281,0,2536
6337,5,2538
4213,2,2538
5047,2,2538
5897,0,2538
6967,3,2538
6969,2,2540
462,1,2540
711,4,2541
1150,1,2541
3020,3,2541
4307,2,2542
6501,5,2542
1268,5,2542
6870,2,2542
2033,2,2543
6471,1,2543
2370,4,2544
6725,5,2544
840,2,2544
5727,0,2544
6891,3,2544
1751,0,2544
2328,2,2546
5849,4,2547
1245,4,2547
5515,0,2547
1886,3,2547
4834,3,2548
5589,5,2549
298,3,2549
1776,0,2549
4699,4,2549
3069,0,2549
855,5,2549
3031,3,2550
1831,2,2550
2559,3,2550
3082,4,2550
4432,0,2550
1398,5,2550
4611,0,2550
3226,5,2550
2728,0,2552
4627,0,2552
675,0,2552
4273,5,2552
6493,3,2554
1549,2,2554
4150,5,2554
554,5,2555
915,1,2555
1438,4,2556
3341,0,2556
1100,5,2557
5271,2,2557
1125,3,2557
2894,4,2557
248,4,2557
2207,1,2557
2435,1,2557
3245,1,2557
3464,0,2558
6744,3,2558
2166,5,2558
5427,1,2558
3475,0,2558
635,5,2558
4565,3,2559
2061,0,2559
1106,0,2560
4920,0,2560
324,3,2560
5688,0,2560
1975,3,2560
3429,2,2560
4312,4,2560
1582,1,2561
2203,5,2562
6982,5,2562
4865,1,2562
6810,0,2562
1903,3,2564
4874,4,2564
6304,0,2564
6225,2,2565
4523,2,2565
5129,5,2565
621,5,2567
3683,3,2567
6986,2,2568
3666,0,2569
6569,5,2569
2872,1,2569
1241,1,2569
1535,5,2569
3564,4,2569
4517,3,2569
4133,4,2569
3866,4,2569
5080,5,2571
6149,3,2571
4442,5,2571
5570,4,2571
3613,3,2571
3923,5,2573
4626,0,2573
6178,3,2573
3140,0,2573
3362,2,2574
4199,1,2575
70,1,2575
1717,1,2575
2217,1,2576
5851,0,2578
6706,2,2578
4047,1,2578
3095,2,2578
5812,3,2578
6554,5,2578
221,5,2578
1236,3,2579
1467,3,2579
4252,0,2579
4927,5,2580
4653,1,2580
5966,4,2580
2497,3,2580
4401,2,2580
6230,2,2581
6426,5,2582
1358,1,2585
1243,3,2585
1303,0,2585
6604,5,2585
4444,0,2587
4429,0,2588
1978,3,2588
4231,3,2588
5409,3,2588
984,4,2588
5511,0,2588
4652,4,2589
5076,1,2589
1456,4,2590
2622,3,2590
3137,3,2590
6172,2,2591
6663,1,2591
3132,1,2592
5372,1,2592
6696,4,2592
4599,5,2592
6760,0,2593
3769,5,2593
6027,2,2593
6222,3,2593
864,3,2593
4105,5,2593
6052,4,2593
5250,2,2596
5975,1,2596
4838,1,2598
3157,5,2598
3296,1,2598
3670,0,2598
4410,2,2598
6802,4,2598
188,3,2599
2479,0,2601
4092,5,2601
583,4,2601
5295,1,2601
5863,3,2603
6518,5,2603
1921,5,2603
1973,0,2603
5230,2,2603
1057,2,2604
4862,5,2604
124,0,2604
4364,4,2604
185,5,2605
2161,3,2607
2690,5,2608
5523,3,2608
5303,2,2608
5926,2,2609
430,2,2609
1396,2,2609
6705,2,2609
1846,1,2611
4342,5,2611
4884,0,2611
580,1,2612
1063,5,2612
6561,4,2612
3525,1,2613
1324,4,2613
4674,3,2613
5540,3,2613
2888,4,2613
5337,1,2614
4695,2,2614
6240,3,2614
3211,5,2614
4656,5,2615
3323,2,2615
4303,5,2615
4718,4,2615
5307,0,2616
6990,2,2616
2842,0,2616
3506,5,2616
276,1,2616
2907,4,2616
5285,2,2617
806,5,2617
196,4,2619
326,5,2619
1362,3,2620
1594,4,2620
2818,2,2620
5831,5,2620
6246,3,2621
5592,1,2621
167,0,2622
1964,0,2622
2299,5,2622
5729,5,2623
6985,0,2623
2523,5,2623
6512,2,2623
4046,5,2624
2053,4,2624
4996,4,2625
3155,1,2625
2493,3,2626
639,3,2626
1554,1,2626
1746,3,2626
5190,3,2626
4288,3,2627
5821,5,2628
1949,2,2628
3285,5,2628
5361,2,2629
3394,2,2629
4749,2,2629
5193,0,2629
6989,0,2629
2059,2,2630
5480,5,2630
1206,0,2630
1957,1,2630
8,1,2630
82,2,2630
2345,5,2631
2460,3,2631
2929,4,2632
6236,1,2632
1070,1,2632
3240,5,2632
4710,1,2633
