1264,0,0
7192,0,0
7696,0,0
992,0,0
3700,0,0
3350,0,0
5371,1,0
4007,1,0
6316,1,0
7810,1,0
3890,1,0
7818,3,0
1927,3,0
7068,3,0
4550,7,0
4696,7,0
3906,4,0
2272,4,0
7901,5,0
5252,5,0
6946,6,0
2973,6,0
3870,6,0
6384,2,0
5520,2,0
5007,2,0
7206,2,0
7935,2,0
2848,1,1
188,0,1
7854,3,1
1183,5,1
2345,7,1
864,6,1
8074,4,1
5260,4,1
6856,1,1
3181,2,1
1464,6,1
5056,2,1
6594,3,1
1251,6,1
5053,4,1
8248,5,1
8119,4,1
4515,2,1
8509,6,1
2541,0,1
3969,2,1
6414,2,1
6674,2,1
2377,2,1
3889,7,1
7194,2,1
8065,2,1
3500,6,1
8896,2,1
2806,2,1
7698,0,1
310,6,1
8753,6,1
8147,6,1
3828,6,1
4165,2,1
4197,2,1
5256,1,1
2481,5,1
8749,6,1
4892,2,1
6535,2,1
5523,2,1
4454,3,1
7816,7,1
6239,6,1
5322,2,1
6252,2,1
7344,0,1
3842,1,1
7433,6,1
6251,6,1
5591,2,1
8325,2,1
3283,2,1
3595,4,1
193,6,1
2510,6,1
2849,6,1
4831,6,1
0,3,1
2946,2,1
2007,5,1
5834,2,1
159,2,1
2258,2,1
6849,2,1
5547,7,2
4390,0,2
97,5,2
5813,7,2
2931,1,2
6710,0,2
2361,6,2
8495,3,2
6562,4,2
8831,2,2
5732,2,2
6432,5,2
200,2,2
1637,7,2
8299,0,2
8764,2,2
4200,1,2
312,3,2
909,4,2
494,2,2
2325,2,2
3310,5,2
8541,2,2
2550,7,2
7481,0,2
6278,1,2
8134,3,2
2716,4,2
8827,2,2
4615,5,2
5856,2,2
7906,7,2
1143,0,2
4098,1,2
7411,3,2
1208,4,2
2141,5,2
3050,4,2
4728,5,2
804,4,2
358,6,2
8318,2,2
5273,2,2
5852,5,2
2643,7,2
964,6,2
993,6,2
160,6,2
3278,6,2
7867,6,2
1274,2,2
6545,2,2
8484,6,2
7204,2,2
3998,2,2
7427,6,2
3851,1,2
4161,6,2
8091,6,2
5250,6,2
3978,6,2
3299,2,2
8772,2,2
5310,2,2
5722,3,2
632,7,2
7749,6,2
6511,2,2
2346,2,2
6061,2,2
5269,2,2
6743,2,2
3823,2,2
1405,2,2
2137,2,2
6519,2,2
4799,0,2
5181,1,2
6499,2,2
1374,2,2
3391,2,2
5223,2,2
386,2,2
1779,2,2
6231,0,2
4580,2,2
4441,3,2
6462,7,2
7675,2,2
5965,2,2
540,2,2
7274,2,2
6372,1,2
3461,2,2
4388,2,2
410,3,2
1332,2,2
2351,2,2
5274,2,2
4783,2,2
5713,2,2
2813,2,2
5292,2,2
2254,0,2
5564,2,2
8154,4,2
1945,2,2
5835,2,2
8329,2,2
3581,2,2
7887,2,2
2968,2,2
7714,2,2
2854,2,2
8543,2,2
2489,2,2
2628,2,2
2313,2,2
7091,2,2
2691,2,2
5447,2,2
8491,2,2
5848,2,2
7850,2,2
4337,5,3
1071,2,3
1174,6,3
8229,6,3
2982,5,3
4920,2,3
6832,7,3
7683,0,3
7744,2,3
1212,1,3
2554,2,3
2194,3,3
2997,2,3
6662,4,3
5534,2,3
5280,5,3
3382,2,3
779,2,3
2910,7,3
4509,2,3
5583,0,3
1998,1,3
5430,4,3
92,2,3
5592,3,3
1764,5,3
7189,7,3
4035,1,3
2865,0,3
6285,3,3
4410,4,3
4626,5,3
2717,7,3
8621,1,3
988,3,3
771,4,3
379,5,3
2052,4,3
2790,2,3
881,2,3
2411,2,3
5084,7,3
7754,5,3
1986,4,3
7363,5,3
743,4,3
1199,2,3
8005,2,3
8842,5,3
8104,4,3
8403,2,3
2126,2,3
8812,2,3
4145,2,3
8797,2,3
8843,2,3
4665,2,3
1739,2,3
3773,2,3
5792,2,3
4635,2,3
2508,0,3
7498,2,3
8099,2,3
2203,0,3
3986,2,3
7271,2,3
4797,2,3
204,1,3
7417,2,3
7674,2,3
1683,3,3
7461,2,3
491,2,3
4189,2,3
6402,2,3
5530,2,3
7448,2,3
7225,2,3
4179,2,3
3439,2,3
581,2,3
418,2,3
6143,2,3
8929,5,3
2904,2,3
4247,2,3
2223,2,3
6502,2,3
978,2,3
5666,2,3
8078,2,3
6905,2,3
214,2,3
2109,2,3
6808,2,3
4828,2,3
1621,7,3
6329,2,3
1322,0,3
3745,2,3
2948,2,3
4919,1,3
1865,3,3
438,7,3
8190,2,3
6805,2,3
8603,2,3
1337,2,3
1705,2,3
4030,2,3
7608,2,3
4235,2,3
5492,2,3
4623,2,3
1538,2,3
2819,2,3
6862,2,3
2220,2,3
516,2,3
5554,2,3
5463,2,3
1432,2,3
6032,0,3
5395,2,3
8461,1,3
4533,2,3
7633,7,4
5867,7,4
944,4,4
6397,3,4
3427,3,4
8497,7,4
1634,0,4
5073,1,4
5241,3,4
284,7,4
2720,0,4
2218,1,4
2237,3,4
421,4,4
6060,5,4
3996,7,4
8252,0,4
7169,1,4
59,4,4
3807,2,4
1165,3,4
3041,5,4
828,2,4
3509,2,4
6650,2,4
1718,7,4
7820,0,4
7396,2,4
3686,2,4
1944,1,4
8280,3,4
5488,4,4
6485,5,4
3008,7,4
2598,2,4
7624,2,4
7585,0,4
6733,1,4
2043,3,4
6882,4,4
1155,5,4
1138,2,4
517,7,4
1140,1,4
8721,3,4
701,4,4
3034,5,4
7352,2,4
6666,4,4
7736,5,4
2817,4,4
2504,2,4
5772,5,4
8873,4,4
630,2,4
7964,2,4
227,2,4
8451,2,4
5764,2,4
6443,2,4
7286,2,4
6989,2,4
8331,2,4
383,2,4
8872,2,4
1500,2,4
6746,0,4
4913,2,4
8055,2,4
2049,7,4
5778,2,4
5728,2,4
8138,2,4
1324,2,4
185,2,4
8782,2,4
2912,2,4
4587,2,4
3404,5,4
6415,2,4
6510,4,4
5209,5,4
3629,2,4
6451,2,4
2058,2,4
5901,2,4
8062,2,4
3902,2,4
6718,2,4
8137,2,4
2179,2,4
6517,2,4
6736,2,4
6128,2,4
3940,2,4
4065,2,4
3236,2,4
229,2,4
8623,2,4
2800,0,4
7017,2,4
970,2,4
6815,2,4
3068,2,4
1186,2,4
6504,4,4
5000,2,4
2054,2,4
7847,2,4
389,2,4
3649,5,4
2814,2,4
6066,2,4
1394,2,4
568,2,4
466,2,4
6491,2,4
6171,2,4
6831,2,4
4029,2,4
4169,2,4
2801,2,4
4280,2,4
5997,2,4
4585,2,4
6340,2,4
5891,2,4
6224,2,4
4067,2,4
4661,2,4
309,2,4
5368,2,4
3135,2,4
626,2,4
1135,2,4
522,2,4
3464,2,4
8748,2,5
4559,2,5
6645,2,5
3912,2,5
6368,2,5
1220,5,5
1451,6,5
4060,2,5
2289,2,5
3420,2,5
6618,1,5
6789,3,5
7561,7,5
8805,0,5
1225,1,5
7526,3,5
7891,7,5
2637,0,5
5923,1,5
6270,3,5
3539,7,5
3340,0,5
3445,1,5
6217,3,5
8563,7,5
6969,0,5
2860,1,5
7610,3,5
6887,7,5
6539,0,5
4739,1,5
2752,3,5
6362,4,5
7943,5,5
4267,7,5
6960,0,5
3433,1,5
7577,3,5
1737,4,5
3400,2,5
1618,5,5
245,7,5
4097,2,5
6418,1,5
449,1,5
2774,0,5
1039,0,5
651,1,5
1327,0,5
1336,1,5
3216,2,5
2155,2,5
8448,2,5
6093,2,5
6919,2,5
8237,2,5
7770,2,5
2180,2,5
6909,2,5
3443,2,5
4155,2,5
2971,2,5
7955,2,5
5575,2,5
4350,2,5
7215,2,5
8850,2,5
2808,2,5
6488,2,5
593,2,5
6240,2,5
1530,2,5
8205,2,5
2690,2,5
5400,2,5
762,2,5
4347,2,5
456,2,5
7567,2,5
8644,2,5
5294,2,5
6208,2,5
3457,2,5
7844,2,5
7985,2,5
5378,2,5
5627,2,5
173,2,5
1994,2,5
2204,2,5
5416,2,5
6532,2,5
8575,2,5
3569,2,5
1430,2,5
7236,2,5
5362,2,5
6244,2,5
7033,2,5
4162,2,5
8458,2,5
2270,2,5
1102,2,5
4106,2,5
2797,2,5
6139,2,5
7043,0,5
8851,2,5
2676,0,5
1146,2,5
7954,2,5
278,2,5
2729,2,5
1180,2,5
5495,2,5
3131,2,5
840,2,5
472,2,5
3837,2,5
2425,2,5
5435,2,5
3228,2,5
104,2,5
4428,2,5
2290,2,5
6729,2,5
6902,2,5
2408,2,5
6497,2,5
3849,2,5
5815,2,5
7682,2,5
1580,2,5
236,2,5
4864,2,5
6271,2,5
4201,2,5
1820,2,5
6779,2,5
4942,2,5
6952,2,5
4760,2,5
2090,2,5
1047,2,5
8679,2,5
1185,2,5
6787,2,5
7082,2,5
7560,2,5
5897,0,6
4252,0,6
4131,2,6
5814,2,6
467,0,6
3961,2,6
1792,0,6
1372,0,6
5238,0,6
6771,0,6
2846,0,6
2592,0,6
4619,0,6
3450,2,6
6168,0,6
5603,0,6
2028,2,6
3162,0,6
3648,0,6
4038,2,6
8350,0,6
1400,0,6
4126,0,6
6327,0,6
3158,0,6
132,2,6
4234,2,6
5786,0,6
8179,0,6
3615,0,6
8955,0,6
2046,0,6
8640,0,6
763,0,6
3947,0,6
6868,1,6
2674,1,6
672,1,6
1440,1,6
6853,1,6
1159,1,6
6001,1,6
6907,2,6
8049,1,6
4463,1,6
8966,1,6
8736,1,6
6544,1,6
8376,2,6
4464,2,6
673,1,6
2847,2,6
8910,2,6
8775,2,6
8246,2,6
8643,2,6
5740,2,6
5711,2,6
4640,2,6
6090,2,6
7522,2,6
365,2,6
7165,2,6
1362,2,6
215,2,6
8402,2,6
4808,2,6
5023,2,6
7771,2,6
7840,2,6
6273,2,6
8906,2,6
602,2,6
5861,2,6
258,2,6
8332,2,6
4871,2,6
5342,2,6
4628,2,6
1556,2,6
1612,0,6
8796,2,6
5820,2,6
5609,2,6
7536,2,6
2606,2,6
1831,2,6
6835,2,6
216,2,6
2563,1,6
619,1,6
2677,2,6
6767,2,6
1876,2,6
1445,2,6
7672,2,6
6722,2,6
6019,2,6
7841,2,6
4288,2,6
7450,2,6
7093,2,6
5560,2,6
4359,2,6
7811,2,6
4018,2,6
4677,2,6
7872,2,6
4842,2,6
6928,2,6
6855,2,6
1903,2,6
4113,2,6
1335,2,6
6481,2,6
4019,2,6
5478,2,6
4386,2,6
6260,2,6
3863,2,6
5734,2,6
4691,2,6
2277,6,7
3044,6,7
7367,6,7
8674,6,7
1363,2,7
1203,2,7
6100,0,7
1934,4,7
6164,7,7
5806,3,7
4766,6,7
1869,6,7
8652,2,7
1981,0,7
6158,0,7
2474,0,7
8730,0,7
852,0,7
7364,0,7
5595,0,7
5340,0,7
8817,0,7
7247,0,7
8393,0,7
308,0,7
6389,0,7
7186,0,7
2315,0,7
612,0,7
3017,0,7
4999,0,7
2772,0,7
7,0,7
233,0,7
3695,0,7
4405,0,7
2389,1,7
7932,1,7
1098,1,7
3416,1,7
868,1,7
5158,1,7
7831,1,7
1452,1,7
7483,1,7
6257,0,7
5279,2,7
130,2,7
1233,2,7
2862,2,7
3893,2,7
6198,2,7
3861,2,7
6877,2,7
5652,2,7
7764,2,7
5670,2,7
6675,2,7
5076,2,7
7697,2,7
7379,2,7
6354,2,7
4902,2,7
1510,2,7
7056,2,7
2712,2,7
6730,2,7
6095,2,7
8530,2,7
3272,2,7
7437,2,7
2664,2,7
6408,2,7
863,2,7
1425,2,7
4151,2,7
4683,2,7
8346,2,7
2566,2,7
4841,2,7
1770,2,7
6180,2,7
7440,2,7
4214,2,7
725,2,7
8401,2,7
6844,2,7
8035,2,7
8019,2,7
7601,2,7
4026,2,7
4458,2,7
6879,2,7
851,2,7
6347,0,7
7304,2,7
2057,2,7
748,2,7
4684,2,7
5725,0,7
1726,2,7
3885,2,7
7727,2,7
8734,2,7
289,2,7
3026,2,7
1549,2,7
2838,2,7
4607,2,7
7580,0,7
5639,2,7
594,2,7
2041,1,7
6197,2,7
1401,2,7
2703,2,7
7009,2,7
8664,2,7
2620,2,7
3260,2,7
7951,2,7
5210,2,7
5776,2,7
4955,2,7
4900,2,7
1979,2,7
4493,2,7
8103,2,7
2255,2,7
7647,2,7
2907,2,7
2060,2,7
3729,2,7
2708,4,8
2616,4,8
4935,0,8
1084,0,8
7430,0,8
4352,0,8
2016,0,8
8598,0,8
6264,0,8
5876,0,8
6311,0,8
8624,0,8
8386,0,8
6051,0,8
5773,0,8
3005,0,8
3388,0,8
8355,0,8
249,2,8
1955,1,8
5877,1,8
3301,1,8
8798,1,8
5895,1,8
1370,2,8
5341,1,8
5186,2,8
780,1,8
7330,1,8
5233,1,8
1045,1,8
6292,1,8
5811,2,8
2360,2,8
8492,2,8
6448,2,8
470,0,8
5199,2,8
2935,0,8
565,2,8
7848,2,8
7252,2,8
4382,0,8
1272,2,8
5553,2,8
3173,2,8
3196,2,8
7832,2,8
8971,2,8
1287,2,8
3239,0,8
4682,2,8
4634,2,8
3640,2,8
570,2,8
2433,2,8
2383,2,8
3011,2,8
7436,2,8
4877,2,8
4801,2,8
248,2,8
567,2,8
3246,2,8
6986,2,8
4561,2,8
1751,2,8
2578,2,8
15,2,8
4868,2,8
493,2,8
14,2,8
5571,2,8
3944,2,8
8395,2,8
6377,2,8
4646,2,8
6433,2,8
6631,2,8
6275,2,8
1470,2,8
8208,2,8
4790,2,8
874,2,8
3142,2,8
8763,2,8
5129,2,8
1001,2,8
6221,2,8
368,2,8
3588,2,8
3324,2,8
931,2,8
1411,2,8
3413,2,8
1804,2,8
8573,2,8
4621,2,8
6203,2,8
3858,2,8
4806,2,8
114,2,8
4819,2,8
8660,2,8
1119,2,8
8165,2,8
5348,2,8
79,2,8
653,2,8
2721,2,8
4667,2,8
1942,2,8
4761,2,8
8976,2,8
3485,2,8
7812,2,8
4591,2,8
3702,2,8
3574,2,8
116,2,8
2536,2,9
7531,2,9
144,0,9
4592,0,9
875,0,9
2829,0,9
5829,0,9
2330,0,9
6804,0,9
8056,0,9
4836,0,9
7077,0,9
1190,0,9
7570,0,9
8157,0,9
5968,2,9
8656,0,9
3785,0,9
99,0,9
4408,0,9
5424,0,9
111,0,9
432,2,9
7278,2,9
7095,0,9
5780,0,9
2238,0,9
4825,0,9
5289,0,9
7929,0,9
7345,0,9
6780,0,9
4664,1,9
876,1,9
7933,1,9
7719,1,9
6980,1,9
3789,1,9
6988,1,9
2011,1,9
5715,1,9
7892,1,9
1318,1,9
2164,1,9
8108,1,9
6667,1,9
2713,1,9
5879,1,9
5423,0,9
4914,2,9
1087,2,9
176,2,9
1812,2,9
1516,2,9
4211,0,9
6361,2,9
573,1,9
3599,2,9
2091,2,9
5066,2,9
8508,2,9
2942,1,9
2555,2,9
5890,2,9
7726,2,9
7187,2,9
2970,1,9
2758,2,9
8682,2,9
8110,2,9
3473,2,9
2980,2,9
8806,2,9
1046,2,9
7889,2,9
75,2,9
2818,2,9
7505,2,9
4215,2,9
5421,2,9
6518,2,9
8907,2,9
1257,2,9
976,2,9
5295,2,9
7777,2,9
8680,2,9
5751,2,9
1377,2,9
2197,2,9
6840,2,9
6154,2,9
1319,2,9
5888,2,9
861,2,9
8973,2,9
4912,2,9
4361,2,9
8353,2,9
8220,2,9
4977,2,9
5937,2,9
624,2,9
3527,2,9
897,2,9
2229,2,9
6030,2,9
4453,2,9
8391,2,9
6884,2,9
6294,2,9
3932,2,9
6238,2,9
2906,2,9
3390,2,9
3575,2,9
2209,2,9
1686,2,9
8435,2,9
6369,2,9
8758,2,9
2159,2,9
8650,2,9
6438,2,9
2859,2,9
5531,2,9
4345,2,9
8474,2,9
4417,2,9
8225,2,9
6328,2,9
1808,2,9
8689,2,9
4477,2,10
670,2,10
5163,2,10
7916,4,10
6591,4,10
6701,4,10
8365,0,10
3035,0,10
8572,0,10
7348,0,10
631,0,10
2182,0,10
6668,0,10
564,0,10
5059,0,10
4435,2,10
4254,0,10
1433,0,10
1844,0,10
3562,0,10
7671,0,10
3977,0,10
5425,0,10
5308,0,10
1471,0,10
8337,0,10
3935,0,10
3757,0,10
3756,0,10
5094,0,10
4969,1,10
2802,1,10
3883,1,10
8542,1,10
3875,1,10
8286,1,10
189,1,10
7507,2,10
3304,1,10
7775,1,10
8846,1,10
6858,1,10
4299,1,10
6317,2,10
8821,2,10
2505,2,10
7269,2,10
6520,2,10
1889,2,10
7664,2,10
3079,2,10
1949,2,10
1807,2,10
8845,2,10
7966,2,10
8202,2,10
2006,2,10
6334,2,10
7227,2,10
2638,2,10
2406,2,10
7409,2,10
7944,2,10
6896,2,10
6903,2,10
3138,2,10
5658,2,10
4649,2,10
6050,0,10
1083,2,10
7282,2,10
8762,2,10
2856,2,10
6435,0,10
2110,2,10
3474,2,10
5793,2,10
5281,2,10
2288,2,10
4443,2,10
4934,0,10
1501,2,10
8327,2,10
222,2,10
4945,2,10
730,0,10
890,2,10
7711,2,10
4354,2,10
1517,2,10
2002,2,10
4835,2,10
5967,0,10
4993,2,10
6639,2,10
3045,2,10
5234,2,10
3219,2,10
62,2,10
3711,2,10
7979,2,10
5247,2,10
1069,2,10
513,2,10
5963,0,10
3504,2,10
2172,2,10
7377,2,10
4741,2,10
2210,2,10
8198,2,10
733,2,10
5749,2,10
3178,2,10
2687,2,10
6098,2,10
5769,2,10
7579,2,10
4168,2,10
8875,2,10
7635,2,10
4461,5,11
3990,6,11
6910,2,11
140,2,11
453,1,11
7318,1,11
8243,0,11
6901,2,11
5976,0,11
6993,0,11
4398,0,11
4670,0,11
8807,0,11
187,0,11
7534,0,11
5796,0,11
1506,0,11
1815,0,11
8153,0,11
3596,0,11
4302,0,11
807,0,11
8586,2,11
8590,0,11
7779,0,11
4874,0,11
7768,0,11
3252,0,11
6669,0,11
3537,0,11
314,0,11
2047,0,11
7961,0,11
3948,0,11
454,0,11
6063,0,11
5947,1,11
937,1,11
8922,1,11
4676,2,11
1496,1,11
3315,1,11
7207,1,11
4781,2,11
7482,1,11
5800,1,11
544,2,11
6958,2,11
728,2,11
7479,2,11
3124,2,11
1142,2,11
5148,2,11
1058,2,11
7256,2,11
6565,2,11
3747,2,11
108,2,11
486,2,11
1323,2,11
4265,2,11
1268,2,11
8716,2,11
3662,2,11
8527,2,11
1662,2,11
2799,2,11
1548,2,11
3709,0,11
2788,2,11
6223,2,11
1462,2,11
5906,2,11
3455,2,11
4389,0,11
4262,2,11
3312,2,11
3077,0,11
370,2,11
483,2,11
2444,2,11
6313,2,11
810,2,11
3775,2,11
6342,2,11
5359,2,11
7124,2,11
8980,2,11
3250,2,11
6300,2,11
2381,2,11
1600,2,11
2764,2,11
49,1,11
319,2,11
1557,2,11
422,2,11
6603,2,11
1054,2,11
8824,2,11
2292,2,11
4070,2,11
3020,2,11
2519,2,11
6312,2,11
2341,2,11
4974,2,11
8686,2,11
8379,1,11
7704,2,11
4961,6,12
4218,2,12
1042,0,12
3511,0,12
5259,0,12
5788,0,12
1947,0,12
2793,0,12
8430,0,12
7909,1,12
815,1,12
5215,0,12
3000,0,12
2661,0,12
8972,0,12
415,0,12
4117,0,12
1920,0,12
795,0,12
1707,0,12
1709,0,12
4472,0,12
1418,0,12
6616,1,12
5996,1,12
5330,1,12
6008,1,12
2469,1,12
1554,1,12
8948,1,12
4512,1,12
1231,1,12
7392,1,12
600,1,12
6699,1,12
8076,1,12
5134,1,12
1485,1,12
5429,1,12
326,1,12
5569,1,12
5969,1,12
8092,2,12
969,2,12
745,2,12
720,2,12
1874,2,12
530,2,12
6173,2,12
7618,2,12
3538,1,12
8717,2,12
7781,2,12
6939,2,12
3018,2,12
3926,2,12
2640,2,12
846,2,12
2480,1,12
5783,2,12
371,1,12
4114,2,12
430,2,12
145,2,12
7649,1,12
6822,2,12
6371,2,12
1473,2,12
1835,2,12
4869,2,12
1951,2,12
5130,2,12
5707,2,12
8507,2,12
7146,2,12
5873,2,12
8792,2,12
3086,2,12
8711,2,12
3359,2,12
3831,2,12
5519,2,12
7135,2,12
8098,2,12
7475,2,12
8107,2,12
7822,2,12
3389,2,12
7813,2,12
447,2,12
1380,2,12
867,2,12
7047,2,12
17,2,12
649,2,12
4950,2,12
4925,2,12
3670,2,12
1601,2,12
3866,2,12
5804,2,12
1359,2,12
7463,2,12
8121,2,12
4071,2,12
7028,2,12
6410,2,12
4220,2,12
587,2,12
2715,2,12
7413,2,12
947,2,12
3602,2,12
2641,2,12
6486,2,12
506,2,12
3594,2,12
375,2,12
1061,2,12
836,2,12
8176,2,12
3099,2,12
2253,2,12
7032,2,12
64,2,12
7382,2,12
5921,2,12
287,2,12
3279,2,12
3161,2,12
8581,2,12
2021,2,12
677,2,12
2879,2,12
8047,4,13
7950,3,13
2026,4,13
7583,6,13
2177,0,13
7790,0,13
8574,0,13
3907,0,13
402,0,13
4654,0,13
7232,0,13
1461,0,13
855,0,13
5758,0,13
4123,0,13
7511,0,13
1784,0,13
86,0,13
2333,0,13
3546,0,13
4915,0,13
7587,0,13
1992,0,13
4459,0,13
6026,0,13
110,0,13
2958,0,13
94,0,13
8033,1,13
6070,1,13
2486,1,13
5886,1,13
6426,1,13
100,2,13
5131,2,13
1846,2,13
4258,2,13
2533,0,13
3358,2,13
3630,2,13
1215,2,13
1365,2,13
5809,2,13
2442,2,13
1930,2,13
4645,2,13
3316,2,13
2644,2,13
8467,2,13
9,2,13
583,2,13
1278,2,13
34,2,13
2030,2,13
596,2,13
5982,2,13
5850,2,13
7586,2,13
8534,2,13
4246,2,13
7223,2,13
2073,2,13
7753,2,13
495,2,13
3268,2,13
5428,2,13
2565,2,13
4672,2,13
6637,2,13
7603,2,13
490,2,13
8546,2,13
4426,2,13
5431,2,13
8700,2,13
4898,2,13
8177,2,13
7942,2,13
7494,2,13
3308,2,13
2017,2,13
6320,2,13
6286,2,13
3572,2,13
5197,2,13
3914,2,13
7228,2,13
7594,2,13
4206,2,13
2420,2,13
2343,2,13
7294,2,13
2308,2,13
2863,2,13
3118,2,13
2457,2,13
3187,2,13
6843,2,13
8367,2,13
4785,2,13
2580,2,13
3372,2,13
2067,2,13
2972,2,13
3946,2,13
629,2,13
1298,2,13
6540,2,13
4876,2,13
6643,2,13
6526,2,13
1597,2,13
7827,4,14
3731,3,14
2243,3,14
4163,0,14
8351,0,14
2516,0,14
2917,0,14
8632,0,14
1053,0,14
921,0,14
1551,0,14
4729,0,14
7276,0,14
6400,0,14
8518,0,14
572,0,14
7121,2,14
5189,0,14
4655,0,14
4692,2,14
4745,0,14
7343,0,14
4213,0,14
4611,0,14
46,2,14
832,0,14
4315,0,14
5254,2,14
536,0,14
5297,0,14
2744,0,14
8981,0,14
1688,0,14
7852,0,14
1050,0,14
3957,0,14
35,0,14
2776,1,14
3848,1,14
6394,1,14
555,1,14
4816,2,14
5991,1,14
6314,1,14
7410,1,14
3565,2,14
6713,2,14
511,1,14
6352,1,14
7713,1,14
2114,1,14
3377,1,14
2894,2,14
1250,2,14
72,2,14
6763,2,14
2273,2,14
475,2,14
4711,2,14
4375,2,14
5119,2,14
1599,2,14
3407,2,14
4118,2,14
3237,2,14
2105,2,14
5439,2,14
1974,2,14
4403,2,14
1303,2,14
1946,2,14
290,2,14
5932,2,14
2409,2,14
6841,2,14
7991,2,14
7722,2,14
3027,2,14
101,2,14
299,2,14
7235,2,14
4303,2,14
131,2,14
7905,2,14
1012,2,14
6465,2,14
10,2,14
1316,2,14
4433,2,14
2625,2,14
7108,2,14
3132,2,14
8412,2,14
6099,2,14
2042,2,14
7444,2,14
2992,2,14
7325,2,14
4272,2,14
5022,2,14
5633,0,14
109,2,14
1131,2,14
1641,2,14
8607,2,14
4297,2,14
8219,2,14
2730,0,14
1454,2,14
7099,2,14
1023,2,14
1157,2,14
5461,2,14
270,2,14
6512,2,14
1334,2,14
5135,2,14
293,2,14
8271,2,14
1867,2,14
3032,2,14
957,2,14
3444,2,14
1901,2,14
4627,0,14
2725,2,14
1355,2,14
7870,2,14
1558,0,14
3949,2,14
3693,2,14
4233,2,14
965,2,14
3689,2,14
8487,2,14
1291,2,14
7027,2,14
3254,1,14
3726,1,14
8620,2,14
8691,2,14
6133,2,14
3671,2,14
1310,2,14
5284,2,14
1794,2,14
8569,2,14
7963,2,14
2933,2,14
5887,2,14
6803,2,14
6096,2,14
6071,0,15
4713,0,15
2604,0,15
8015,0,15
2132,0,15
8131,0,15
3526,0,15
7584,0,15
6322,0,15
563,0,15
8857,0,15
5485,0,15
8761,0,15
7638,0,15
7020,0,15
4076,0,15
1178,0,15
3488,0,15
6696,0,15
7369,0,15
6144,1,15
5812,0,15
4009,0,15
5863,0,15
3004,0,15
3291,1,15
4298,1,15
5893,1,15
4193,1,15
2240,1,15
6944,1,15
7405,1,15
8524,1,15
714,1,15
2930,1,15
8213,1,15
6721,2,15
5411,1,15
2436,2,15
4349,2,15
3048,2,15
1937,2,15
8418,2,15
713,2,15
8218,2,15
2478,2,15
2019,2,15
7250,2,15
6871,2,15
1407,2,15
7151,2,15
2355,2,15
2311,2,15
6072,2,15
3759,2,15
8090,2,15
1070,2,15
5889,2,15
3418,1,15
6773,2,15
3060,2,15
4251,2,15
6774,2,15
1664,2,15
7090,2,15
2874,2,15
2268,2,15
8008,2,15
7112,2,15
3193,2,15
3502,2,15
645,2,15
7240,2,15
7262,2,15
2873,2,15
5336,2,15
5037,2,15
6318,2,15
797,2,15
5324,2,15
7200,2,15
637,2,15
3155,2,15
1879,2,15
1526,2,15
2214,2,15
557,2,15
1449,2,15
830,2,15
7291,2,15
2535,2,15
5606,2,15
8498,2,15
4656,2,15
646,2,15
2373,2,15
6541,2,15
6932,2,15
1095,2,15
1932,2,15
6686,2,15
4396,2,15
8528,2,15
3383,2,15
1064,2,15
394,2,15
7443,2,15
5054,2,15
5261,2,15
8630,2,15
7467,2,15
3753,2,15
353,2,15
3755,2,15
8695,2,15
1525,2,15
7808,2,15
8471,2,15
6513,2,15
2404,2,15
1489,2,15
7426,2,15
6582,2,15
1211,2,15
7689,2,15
2964,2,15
1527,2,15
6170,2,15
2195,2,15
972,2,15
1980,2,15
4513,2,15
7138,0,16
6560,0,16
8532,3,16
2714,3,16
7699,1,16
5668,1,16
3175,0,16
7552,0,16
8628,2,16
2979,0,16
8678,0,16
5514,0,16
5420,0,16
186,0,16
5987,0,16
5329,0,16
2249,0,16
8486,0,16
6398,0,16
7349,0,16
7098,0,16
6966,0,16
3098,0,16
3031,0,16
793,0,16
8389,0,16
8075,0,16
5480,0,16
1850,0,16
4547,0,16
5228,0,16
4997,0,16
3740,0,16
6388,0,16
6101,0,16
2384,0,16
4612,0,16
2124,0,16
12,1,16
2246,1,16
125,1,16
3610,1,16
5309,1,16
8756,1,16
7471,1,16
1608,1,16
5822,1,16
1512,1,16
4937,1,16
772,2,16
592,2,16
2174,2,16
6991,2,16
6604,2,16
3141,2,16
3012,2,16
6997,2,16
4150,2,16
3475,2,16
7535,2,16
3786,2,16
8447,2,16
7627,2,16
740,2,16
8424,2,16
8790,2,16
2340,2,16
74,2,16
7967,2,16
948,2,16
8970,2,16
3708,2,16
3412,2,16
4782,2,16
5140,2,16
4305,2,16
2275,2,16
5113,2,16
7546,2,16
4438,2,16
6638,2,16
1898,2,16
203,2,16
7751,2,16
8844,2,16
3327,2,16
8079,2,16
8822,2,16
1004,2,16
7995,2,16
6707,2,16
7231,2,16
5204,2,16
3762,2,16
3835,2,16
6345,2,16
4989,2,16
5036,2,16
5601,2,16
6664,2,16
2682,2,16
7716,2,16
4963,2,16
967,2,16
198,2,16
8347,2,16
3491,2,16
5015,2,16
1719,2,16
3952,2,16
6348,2,16
3653,2,16
7695,2,16
3056,2,16
8192,2,16
4230,2,16
598,2,16
1447,2,16
1708,2,16
8020,2,16
8671,2,16
1698,2,16
8675,2,16
5450,2,16
2956,2,16
1965,2,16
255,2,16
300,2,16
515,2,16
7468,2,16
8969,2,16
141,2,16
5687,2,16
5319,2,16
4469,2,16
6272,2,16
8476,2,16
7994,2,16
2857,0,17
6356,4,17
5237,1,17
1956,2,17
8120,0,17
231,0,17
7159,0,17
726,0,17
2934,0,17
1149,0,17
338,0,17
8868,0,17
2494,2,17
1348,0,17
8053,0,17
6405,0,17
6750,0,17
5291,0,17
8493,0,17
437,2,17
3587,0,17
4812,0,17
7434,0,17
8457,1,17
5145,2,17
1636,1,17
5914,1,17
2401,1,17
5985,1,17
8373,1,17
2853,1,17
3373,1,17
2864,2,17
3051,2,17
5232,2,17
5021,2,17
825,2,17
7301,2,17
3652,2,17
6226,2,17
505,2,17
3855,2,17
5638,2,17
2421,2,17
6120,2,17
2070,2,17
274,2,17
2699,2,17
7387,2,17
607,2,17
2945,2,17
6994,2,17
8706,2,17
8952,2,17
5568,2,17
6556,2,17
3063,2,17
5090,2,17
946,2,17
8668,2,17
8400,2,17
7755,2,17
4399,2,17
933,2,17
1539,2,17
8031,2,17
2568,2,17
6601,2,17
1638,2,17
4814,2,17
878,2,17
1063,2,17
3623,2,17
4140,2,17
6891,2,17
2095,2,17
7837,2,17
2602,2,17
3290,2,17
7019,2,17
7295,2,17
2889,2,17
8856,2,17
4907,2,17
2542,2,17
3796,2,17
3531,2,17
1090,2,17
5882,0,17
6585,0,17
4936,2,17
316,2,17
2089,2,17
8475,2,17
1793,2,17
7598,2,17
8191,2,17
1288,2,17
7163,2,17
3774,2,17
1223,2,17
5528,2,17
1052,2,17
8255,2,17
3929,2,17
3030,2,17
3698,5,18
2417,6,18
4518,0,18
6338,0,18
7137,0,18
5433,0,18
5229,0,18
4490,0,18
674,0,18
4387,0,18
4537,0,18
6583,0,18
2683,0,18
4176,0,18
8697,0,18
2491,0,18
3631,0,18
5744,0,18
3477,0,18
4365,0,18
4933,0,18
8339,0,18
8163,0,18
2309,0,18
2199,0,18
7052,0,18
2318,0,18
1717,0,18
6572,0,18
5114,0,18
5622,0,18
1735,0,18
374,0,18
1343,0,18
5999,0,18
8021,1,18
841,1,18
3126,1,18
2530,1,18
8951,1,18
7493,1,18
296,1,18
2861,1,18
8735,1,18
4909,1,18
3763,1,18
5986,1,18
3512,1,18
4949,1,18
6748,1,18
1059,1,18
2765,2,18
6726,2,18
5375,2,18
1230,2,18
3169,2,18
3788,2,18
4958,2,18
8300,2,18
7191,2,18
4174,2,18
2876,2,18
6965,2,18
6219,2,18
856,2,18
620,2,18
4940,1,18
896,2,18
1224,2,18
905,2,18
1171,2,18
7044,2,18
3441,2,18
1782,2,18
317,2,18
857,1,18
3784,2,18
6852,2,18
5419,2,18
1759,2,18
1342,2,18
3751,2,18
8990,2,18
8026,2,18
4807,2,18
5957,2,18
5567,2,18
2392,2,18
4043,2,18
5312,2,18
7048,2,18
8967,2,18
4314,1,18
1221,2,18
3508,2,18
436,2,18
3352,2,18
7395,2,18
1258,2,18
7723,2,18
580,2,18
545,2,18
7381,2,18
6478,2,18
5155,2,18
5919,2,18
2233,2,18
4049,2,18
1775,2,18
8810,2,18
6024,2,18
5862,2,18
2215,2,18
5928,2,18
1479,2,18
1649,2,18
6615,2,18
7612,2,18
715,2,18
3136,2,18
6039,2,18
8126,2,18
1442,2,18
2922,2,18
7029,2,18
1391,2,18
4483,2,18
6607,2,18
4983,2,18
6017,2,18
7308,2,18
1773,2,18
7281,2,18
2192,2,18
5070,2,18
7008,2,18
5944,2,18
5177,2,18
3877,2,18
5750,2,18
5126,2,18
8776,2,18
1849,2,18
2548,2,18
373,3,19
4406,5,19
7539,3,19
8443,3,19
3958,0,19
1520,0,19
6480,0,19
2167,0,19
2064,0,19
4334,0,19
6375,0,19
4004,0,19
685,0,19
1120,0,19
5211,0,19
360,0,19
5043,0,19
4180,0,19
4191,0,19
4865,0,19
2825,0,19
4394,0,19
8417,0,19
6795,0,19
1960,0,19
7036,0,19
3795,0,19
5437,0,19
16,0,19
627,0,19
1434,0,19
1877,0,19
121,0,19
3661,0,19
8064,0,19
5079,0,19
8785,0,19
2521,0,19
2450,0,19
3604,0,19
3282,1,19
7251,1,19
7067,1,19
6658,1,19
2506,1,19
4558,1,19
6633,1,19
7173,1,19
4144,1,19
775,0,19
3993,2,19
1576,2,19
5839,2,19
6045,2,19
2610,2,19
4668,2,19
529,2,19
1197,2,19
8262,2,19
8097,2,19
4593,2,19
5956,2,19
750,2,19
732,2,19
8890,2,19
5506,2,19
5714,2,19
5277,2,19
7115,2,19
8368,2,19
3927,2,19
8985,2,19
4383,2,19
1531,2,19
8045,2,19
8741,2,19
2572,2,19
180,2,19
183,2,19
2615,2,19
606,2,19
6734,2,19
778,2,19
217,2,19
2015,2,19
7939,2,19
3852,2,19
777,2,19
4991,2,19
8829,2,19
1666,2,19
5738,2,19
7368,2,19
2823,2,19
5712,2,19
3452,2,19
3174,2,19
6897,2,19
4429,2,19
3177,2,19
7677,2,19
7615,2,19
1273,2,19
6515,2,19
6885,2,19
6006,2,19
2316,2,19
8343,2,19
2129,2,19
3976,2,19
465,2,19
5645,2,19
8199,2,19
7637,2,19
1689,2,19
6383,2,19
1051,2,19
3658,2,19
1246,2,19
705,2,19
665,2,19
3114,2,19
7530,2,19
4567,2,19
623,2,19
8050,2,19
8269,2,20
2850,3,20
7374,1,20
4534,0,20
5515,0,20
3150,0,20
6156,0,20
6587,0,20
5846,0,20
2899,0,20
2395,0,20
8169,0,20
7908,0,20
3176,0,20
8688,0,20
1806,0,20
4653,0,20
7230,0,20
2612,0,20
1209,0,20
2082,2,20
6454,0,20
1905,0,20
8645,0,20
5512,0,20
2653,0,20
6698,0,20
5027,0,20
8239,0,20
3128,0,20
2858,0,20
5847,0,20
5444,0,20
8979,0,20
8840,0,20
88,1,20
8081,1,20
8820,1,20
3332,1,20
8142,1,20
2835,1,20
2088,2,20
5782,2,20
5677,2,20
3530,2,20
1235,2,20
5964,2,20
6613,2,20
3718,2,20
1219,2,20
1941,2,20
5650,2,20
7769,2,20
6253,2,20
8522,2,20
4996,2,20
3419,2,20
7756,2,20
1672,2,20
208,2,20
7346,2,20
5065,2,20
393,2,20
8919,2,20
3529,2,20
1021,2,20
877,2,20
4156,2,20
5227,2,20
6109,2,20
7078,2,20
5684,2,20
5403,2,20
8211,2,20
6343,2,20
323,2,20
6570,2,20
7011,2,20
342,2,20
5941,2,20
1081,2,20
7385,2,20
2778,2,20
2962,2,20
4624,2,20
2824,2,20
2735,2,20
4546,2,20
1657,2,20
3518,2,20
7803,2,20
1195,2,20
3275,2,20
8584,2,20
1469,2,20
262,2,20
8934,2,20
546,2,20
7953,2,20
2050,2,20
3092,2,20
755,2,20
1309,2,20
4718,2,20
4951,2,20
934,2,20
6547,2,20
7849,2,20
3617,2,20
7926,2,20
7197,2,20
5025,2,20
1128,2,20
2583,2,20
4202,2,20
7243,2,20
7668,2,20
3230,2,20
5358,2,20
8425,2,20
7488,2,20
3207,2,20
6609,2,20
1665,2,20
5801,2,20
7285,2,20
303,3,21
5655,3,21
1645,0,21
477,0,21
4556,0,21
5869,0,21
906,0,21
1984,0,21
8232,0,21
8201,0,21
514,0,21
5859,0,21
1320,0,21
7439,0,21
6077,0,21
5108,0,21
4401,0,21
6310,0,21
1617,0,21
783,0,21
6097,0,21
3677,0,21
5398,0,21
979,0,21
3442,0,21
1254,0,21
5039,0,21
5977,1,21
4160,1,21
7611,1,21
3343,1,21
915,1,21
7303,1,21
6863,1,21
6881,1,21
1404,1,21
3232,1,21
4597,1,21
1940,1,21
4776,1,21
6184,1,21
6742,2,21
1884,1,21
7188,1,21
6487,2,21
543,2,21
4804,2,21
5151,2,21
5825,2,21
8918,2,21
2852,2,21
6834,2,21
8616,2,21
32,2,21
201,2,21
8720,2,21
7116,2,21
5790,2,21
8196,2,21
8945,2,21
2599,2,21
4834,2,21
5311,2,21
5953,2,21
1560,2,21
1192,2,21
6641,2,21
2872,2,21
7421,2,21
942,2,21
8870,2,21
1296,2,21
3501,2,21
2135,2,21
246,2,21
4036,2,21
7314,2,21
42,2,21
8214,2,21
5748,2,21
4845,2,21
1168,2,21
2317,2,21
112,2,21
8375,2,21
313,2,21
2828,2,21
7885,2,21
6169,2,21
7626,2,21
3556,2,21
8926,2,21
7659,2,21
7763,2,21
1962,2,21
7519,2,21
5767,2,21
5160,2,21
769,2,21
1402,2,21
458,2,21
656,2,21
8666,2,21
8488,2,21
3348,2,21
4221,2,21
4827,2,21
2430,2,21
2039,2,21
6459,2,21
8501,2,21
8193,2,21
3681,2,21
5720,2,21
1325,2,21
6605,2,21
2127,2,21
3519,2,21
2230,2,21
2443,2,21
3093,2,21
6930,2,21
6337,2,21
3805,2,21
5349,2,21
6860,2,21
4738,2,21
2143,2,21
5287,2,21
3768,6,22
8993,4,22
4521,2,22
199,3,22
1783,0,22
3760,0,22
4650,0,22
925,0,22
3151,0,22
2540,0,22
4400,0,22
8925,0,22
531,0,22
1367,0,22
7748,0,22
6117,0,22
8502,0,22
1973,0,22
1164,0,22
3712,0,22
1922,0,22
7734,0,22
5672,0,22
4051,0,22
4938,0,22
8928,0,22
416,0,22
5445,1,22
7893,1,22
4339,1,22
3384,1,22
5111,2,22
4606,1,22
5068,2,22
5696,1,22
6044,1,22
4178,1,22
7164,1,22
1075,1,22
2949,1,22
6186,2,22
3624,2,22
4420,2,22
7473,2,22
5898,2,22
1062,2,22
8123,2,22
3678,2,22
1907,2,22
3896,2,22
1006,2,22
753,2,22
8167,2,22
6571,2,22
1866,2,22
6145,2,22
3022,2,22
7386,2,22
8162,2,22
4146,2,22
6889,2,22
7076,2,22
487,2,22
4323,2,22
4980,2,22
7589,2,22
7071,2,22
2476,2,22
4746,2,22
1824,2,22
1926,2,22
4702,2,22
982,2,22
5097,2,22
6255,2,22
1659,2,22
5460,2,22
1285,2,22
8657,2,22
3264,2,22
2627,2,22
7177,2,22
3772,2,22
2647,2,22
1292,2,22
5745,2,22
6972,2,22
320,2,22
40,2,22
5354,2,22
3145,2,22
6648,2,22
252,2,22
1693,2,22
4847,2,22
6786,2,22
6559,2,22
3476,2,22
7874,2,22
5143,2,22
165,2,22
197,2,22
3453,2,22
1018,2,22
7520,2,22
3103,2,22
7687,2,22
2471,2,22
1200,2,22
3679,2,22
6103,2,22
8390,2,22
2472,2,22
2692,2,22
7591,2,22
2169,2,22
1881,2,22
1011,2,22
3130,0,23
686,7,23
3481,0,23
1099,0,23
8034,0,23
8348,0,23
8813,0,23
3434,0,23
3766,0,23
661,0,23
7502,0,23
7877,0,23
8387,0,23
5016,2,23
3309,0,23
2826,0,23
1957,0,23
1650,2,23
6463,0,23
7986,0,23
1465,0,23
7673,0,23
2305,0,23
2916,0,23
5925,0,23
7557,0,23
3014,0,23
6904,0,23
2004,1,23
3545,1,23
1787,1,23
7336,1,23
2569,1,23
849,1,23
2447,1,23
2537,1,23
1700,2,23
3941,2,23
3334,2,23
1545,2,23
2768,2,23
8635,2,23
886,2,23
8024,2,23
2514,2,23
3458,2,23
1382,2,23
7834,2,23
2567,2,23
4216,2,23
8041,2,23
6411,2,23
6323,2,23
4286,2,23
2742,2,23
6366,2,23
5080,2,23
1763,2,23
8826,2,23
6954,2,23
5621,2,23
5045,2,23
6121,2,23
8304,2,23
3776,2,23
6620,2,23
3123,2,23
8357,2,23
6670,2,23
6249,2,23
1205,2,23
7134,2,23
361,2,23
1875,2,23
8633,2,23
1368,2,23
3579,2,23
8988,2,23
3669,2,23
4586,2,23
5099,2,23
7595,2,23
6527,2,23
7596,2,23
4468,2,23
1443,2,23
1925,2,23
1931,2,23
3840,2,23
4599,2,23
1429,2,23
3635,2,23
8374,2,23
5,2,23
6423,2,23
8626,2,23
4685,2,23
712,2,23
8396,2,23
8235,2,23
3738,2,23
8610,2,23
3553,2,23
5590,2,23
6346,2,23
3266,2,23
3523,2,23
441,2,23
4072,2,23
3305,2,23
7182,2,23
8087,2,23
8209,2,23
5246,2,23
2570,2,23
6915,2,23
6847,2,23
219,2,23
6629,0,24
8066,3,24
4528,7,24
5138,7,24
2759,0,24
3496,0,24
3292,0,24
7983,0,24
7229,0,24
6590,0,24
1437,0,24
3973,0,24
1379,0,24
4255,0,24
3719,2,24
3468,0,24
4384,0,24
7581,0,24
267,0,24
1796,0,24
4181,0,24
2781,0,24
1873,0,24
5539,0,24
3765,0,24
1602,0,24
2165,0,24
8523,0,24
1537,0,24
1899,0,24
5494,0,24
7305,0,24
7931,1,24
4078,1,24
3415,0,24
2636,1,24
6043,1,24
955,1,24
1351,1,24
8867,1,24
8306,1,24
1736,1,24
5442,1,24
3916,1,24
2312,1,24
5202,1,24
5388,2,24
3467,2,24
1239,2,24
8244,2,24
1072,2,24
2353,2,24
2402,2,24
4422,2,24
1499,0,24
1228,2,24
8769,2,24
2151,2,24
3466,2,24
4505,2,24
8538,2,24
6042,2,24
8883,2,24
4588,2,24
8112,2,24
8071,2,24
5917,2,24
3963,2,24
2996,2,24
4666,2,24
1346,2,24
7220,2,24
6842,2,24
6554,2,24
2815,2,24
7414,2,24
2010,2,24
4182,2,24
7010,2,24
6796,2,24
2142,2,24
8052,0,24
8463,2,24
2503,2,24
1392,2,24
5572,2,24
4451,2,24
3516,2,24
3573,2,24
7148,2,24
7972,2,24
8429,2,24
1607,2,24
1535,2,24
8453,2,24
912,2,24
4360,2,24
8397,2,24
3754,2,24
3107,2,24
820,2,24
8450,2,24
1283,2,24
254,2,24
3970,2,24
5673,2,24
8646,2,24
3965,2,24
2652,0,24
792,2,24
7457,2,24
8780,2,24
682,2,24
7945,2,24
4209,2,24
3845,2,24
1902,2,24
6470,2,24
212,1,25
8936,2,25
8283,0,25
1408,0,25
1563,0,25
6280,0,25
1643,0,25
8825,0,25
5305,0,25
4103,0,25
8003,0,25
7062,0,25
3632,0,25
8912,0,25
1055,0,25
907,0,25
8466,0,25
3838,0,25
8811,0,25
80,0,25
2196,0,25
8294,0,25
2281,0,25
3680,0,25
280,0,25
6092,0,25
4837,0,25
182,0,25
6846,0,25
5983,1,25
6621,1,25
1800,1,25
1453,1,25
961,1,25
1921,1,25
6105,1,25
2359,0,25
6390,1,25
7592,0,25
37,1,25
1660,2,25
1754,2,25
2369,2,25
553,2,25
8595,2,25
2967,2,25
3735,2,25
8061,0,25
747,2,25
1671,2,25
4598,2,25
4535,0,25
4952,2,25
5213,2,25
408,2,25
1795,2,25
307,2,25
7066,2,25
6870,2,25
5474,2,25
4971,2,25
3426,2,25
6439,2,25
5316,2,25
7685,2,25
6010,2,25
894,2,25
1655,2,25
4675,2,25
6444,0,25
7761,2,25
1456,2,25
2101,2,25
6705,2,25
4273,1,25
6055,2,25
7026,1,25
3605,2,25
3880,2,25
4412,2,25
1376,1,25
341,2,25
2119,2,25
8519,2,25
6652,2,25
8659,2,25
6883,2,25
5864,2,25
834,2,25
1999,2,25
84,2,25
8503,2,25
2131,2,25
5577,2,25
6926,2,25
3609,2,25
2538,2,25
5185,2,25
7172,2,25
6976,2,25
1843,2,25
2134,2,25
6978,2,25
3306,1,25
7297,2,25
2747,2,25
2071,2,25
1550,2,25
7632,1,25
7826,1,25
3148,2,25
935,2,25
3167,2,25
2771,2,25
1427,2,25
688,2,25
7900,2,25
4139,2,25
5144,2,25
329,2,25
2642,2,25
174,2,25
6806,2,25
1975,5,26
7248,0,26
7575,0,26
7131,0,26
2086,0,26
4377,0,26
6254,0,26
3165,0,26
3568,0,26
1823,0,26
8014,0,26
1691,0,26
4115,0,26
3919,0,26
1731,0,26
2737,0,26
2891,0,26
865,0,26
4079,0,26
8265,0,26
5464,0,26
5497,0,26
3209,0,26
6933,0,26
8197,0,26
7786,0,26
6058,0,26
5870,0,26
5139,0,26
7057,0,26
3865,2,26
5029,1,26
7014,1,26
5272,1,26
3894,1,26
8320,1,26
4507,1,26
4119,1,26
1918,1,26
8113,1,26
345,1,26
6386,2,26
1349,2,26
5821,2,26
6875,2,26
8258,2,26
8794,2,26
2665,2,26
1585,2,26
4141,2,26
7606,2,26
4152,2,26
7590,2,26
6409,2,26
265,2,26
566,2,26
1836,2,26
4269,2,26
2092,2,26
5688,2,26
3939,2,26
5954,2,26
2439,2,26
4957,2,26
2900,2,26
5623,2,26
6359,2,26
774,2,26
5703,2,26
547,2,26
3583,2,26
7063,2,26
983,2,26
7780,2,26
785,2,26
8231,2,26
4861,2,26
2601,2,26
2171,2,26
4047,2,26
6162,2,26
1651,2,26
6567,2,26
4539,2,26
7128,2,26
7829,2,26
5605,2,26
3611,2,26
3620,2,26
4137,2,26
6455,2,26
4149,2,26
1396,2,26
1938,2,26
8554,2,26
3844,2,26
4708,2,26
1900,2,26
3638,2,26
508,2,26
3386,2,26
291,2,26
7120,2,26
4530,2,26
4867,2,26
6708,2,26
7053,2,26
6325,2,26
1017,2,26
6663,2,26
156,2,26
8531,2,26
7233,2,26
7362,2,26
154,2,26
4368,2,26
8296,2,26
3330,2,26
8920,2,26
7865,2,26
690,2,26
2928,2,26
1861,2,26
4793,2,26
7742,0,27
7634,0,27
8200,0,27
5578,0,27
7772,0,27
6757,0,27
5845,0,27
6608,0,27
2031,0,27
2497,0,27
6784,0,27
7109,0,27
5899,2,27
6656,0,27
8614,0,27
3592,0,27
680,0,27
2924,0,27
5040,0,27
2452,0,27
2173,0,27
4081,0,27
4767,0,27
5589,0,27
5278,0,27
6437,0,27
4751,0,27
6174,0,27
1609,0,27
591,0,27
6449,0,27
3396,0,27
533,0,27
2736,0,27
1536,0,27
5970,0,27
2649,0,27
2263,0,27
6360,1,27
5194,1,27
4855,1,27
640,1,27
5165,2,27
3734,1,27
5302,2,27
4086,1,27
2731,1,27
1856,1,27
4171,1,27
2477,1,27
537,2,27
404,2,27
497,2,27
683,2,27
4510,2,27
737,2,27
608,2,27
5700,2,27
6303,2,27
7213,2,27
2871,2,27
3393,2,27
4652,2,27
282,2,27
4504,2,27
6828,2,27
343,2,27
3180,2,27
126,2,27
8029,2,27
5231,2,27
2961,2,27
6495,2,27
1566,2,27
5190,2,27
8909,2,27
8311,2,27
974,2,27
3422,2,27
359,2,27
5989,2,27
1092,2,27
6598,2,27
2081,2,27
3069,2,27
8230,2,27
7353,2,27
746,2,27
7927,2,27
4609,2,27
2794,2,27
8117,2,27
1385,2,27
3968,2,27
3644,2,27
8009,2,27
1476,2,27
7299,2,27
452,2,27
2399,2,27
3820,2,27
1906,2,27
1255,2,27
6874,2,27
6890,2,27
3490,2,27
4095,2,27
1410,2,27
8027,2,27
8750,2,27
3715,2,27
6067,2,27
2104,2,27
5958,2,27
1924,2,27
1477,2,27
4281,2,27
2839,2,27
6538,2,27
6357,2,27
8789,2,27
854,2,27
4960,2,27
7558,2,27
4771,2,27
1151,2,27
5401,2,27
859,2,27
8224,7,28
1522,2,28
1399,0,28
8559,0,28
4658,0,28
8561,0,28
5075,0,28
1033,0,28
4753,0,28
2029,0,28
3052,0,28
8313,0,28
1839,0,28
8837,0,28
2147,0,28
7823,0,28
4296,0,28
919,0,28
5275,0,28
7759,0,28
2553,0,28
1995,0,28
1458,0,28
8724,0,28
8404,0,28
3198,0,28
8718,0,28
5122,0,28
3856,0,28
6783,0,28
1677,0,28
2242,0,28
7554,0,28
3800,0,28
96,0,28
5586,0,28
4549,0,28
8408,0,28
4336,1,28
7858,1,28
3540,1,28
4229,1,28
6033,1,28
6381,1,28
7746,1,28
4975,2,28
209,2,28
1871,2,28
2990,2,28
8655,2,28
3483,2,28
268,2,28
6995,2,28
2356,2,28
552,2,28
7145,2,28
2594,2,28
3625,2,28
8268,2,28
535,2,28
601,2,28
5418,2,28
6688,2,28
826,2,28
8876,2,28
1714,2,28
3783,2,28
2680,2,28
8619,2,28
4466,2,28
4465,2,28
2378,2,28
7275,2,28
1177,2,28
5726,2,28
7357,2,28
56,2,28
7965,2,28
4116,2,28
1827,2,28
3936,2,28
3577,2,28
3999,2,28
4048,2,28
2207,2,28
178,2,28
3744,2,28
6682,2,28
292,2,28
3317,2,28
7100,2,28
996,2,28
8665,2,28
1243,2,28
8511,2,28
6781,2,28
1680,2,28
691,2,28
782,2,28
5641,2,28
3200,2,28
2287,2,28
7446,2,28
1952,2,28
6288,2,28
6619,2,28
1791,2,28
122,2,28
2645,2,28
5907,2,28
5198,2,28
3300,2,28
2686,2,28
8865,2,28
3101,2,28
917,2,28
5288,2,28
5543,2,28
997,2,28
4602,2,28
2783,2,28
4529,2,28
1037,2,28
5697,2,28
2036,2,28
2630,2,28
8880,4,29
3244,7,29
2221,6,29
8506,1,29
3037,0,29
3922,0,29
8483,0,29
4517,0,29
5483,0,29
2226,0,29
6269,0,29
7576,0,29
6057,0,29
1354,0,29
7445,0,29
2410,0,29
4442,0,29
2068,0,29
984,0,29
5849,0,29
5805,0,29
1753,0,29
8933,0,29
2102,0,29
8942,0,29
5396,2,29
6898,0,29
5611,0,29
5219,0,29
3320,0,29
5988,0,29
2063,0,29
784,0,29
356,0,29
5477,2,29
5524,1,29
1851,1,29
923,1,29
551,1,29
8274,1,29
669,1,29
6188,2,29
7300,2,29
1670,2,29
7356,2,29
3982,2,29
4378,2,29
1198,2,29
8084,2,29
7990,2,29
4260,2,29
4885,2,29
588,2,29
5218,2,29
3551,2,29
8410,2,29
2094,2,29
7740,2,29
247,2,29
1409,2,29
2445,2,29
340,2,29
6636,2,29
7794,2,29
3184,2,29
3112,2,29
6473,2,29
4080,2,29
8578,2,29
6654,2,29
8349,2,29
1436,2,29
3284,2,29
6373,2,29
7921,2,29
3748,2,29
717,2,29
8141,2,29
7049,2,29
2083,2,29
8188,2,29
2919,2,29
5833,2,29
3841,2,29
463,2,29
803,2,29
7859,2,29
7337,2,29
4008,2,29
4317,2,29
611,2,29
2307,2,29
5317,2,29
7724,2,29
4780,2,29
4750,2,29
6528,2,29
1509,2,29
6147,2,29
4777,2,29
4370,2,29
4714,2,29
1786,2,29
6695,2,29
1056,2,29
3688,2,29
1247,2,29
7688,2,29
3984,2,29
6302,2,29
6548,2,29
4210,2,29
8473,2,29
3036,2,29
5109,2,29
6299,2,29
6814,1,30
8364,1,30
5959,6,30
3242,0,30
4132,0,30
3737,0,30
7631,0,30
3812,0,30
4148,0,30
2120,0,30
2014,0,30
8816,0,30
2673,0,30
870,0,30
6765,0,30
2139,0,30
7782,0,30
8860,0,30
7390,0,30
5902,0,30
7651,0,30
6811,0,30
3039,0,30
4311,0,30
6611,0,30
526,0,30
524,0,30
7388,0,30
3974,0,30
48,0,30
2589,0,30
6267,0,30
8570,0,30
1813,0,30
3886,0,30
6760,0,30
3954,0,30
8172,0,30
6062,0,30
3073,2,30
4445,0,30
230,2,30
8917,0,30
599,0,30
8144,0,30
7373,0,30
1261,1,30
1141,1,30
6990,2,30
4090,1,30
2331,1,30
4196,1,30
8088,2,30
8996,1,30
8266,1,30
4976,1,30
5180,1,30
7922,1,30
2597,2,30
6751,1,30
4199,1,30
3713,1,30
7738,2,30
6602,2,30
4605,2,30
8605,2,30
6370,2,30
4017,2,30
2144,2,30
1732,2,30
4351,2,30
1801,2,30
7776,2,30
3249,2,30
4328,2,30
3891,2,30
6493,2,30
4425,2,30
4614,2,30
8701,2,30
3559,2,30
3116,2,30
7709,2,30
2168,2,30
5191,2,30
3105,2,30
1182,2,30
3779,2,30
8489,2,30
4584,2,30
7880,2,30
6447,2,30
8330,2,30
873,2,30
3673,2,30
6503,2,30
1514,2,30
7875,2,30
8085,2,30
8038,2,30
1125,2,30
5394,2,30
913,2,30
5112,2,30
6685,2,30
7678,2,30
1333,2,30
8954,2,30
6245,2,30
6893,2,30
6924,2,30
1825,2,30
5651,2,30
5648,2,30
5004,2,30
2809,2,30
4108,2,30
7464,2,30
2093,2,30
8438,2,30
2300,2,30
4687,2,30
4981,2,30
151,2,30
8767,2,30
5759,2,30
893,2,30
5558,2,30
4698,2,30
5014,2,30
2294,2,30
6416,2,30
8310,2,30
3580,2,30
2078,2,30
4133,2,30
6977,2,30
8995,2,30
2136,2,30
5387,2,30
3149,2,30
8991,2,30
7378,2,30
716,2,30
1152,2,30
2734,2,30
4928,2,30
2140,2,30
366,2,30
838,2,30
3074,2,30
6752,2,30
7142,2,30
8898,2,30
6578,2,30
3517,2,30
4787,2,30
5858,3,31
4293,0,31
4143,0,31
3550,2,31
2976,0,31
5355,0,31
7270,2,31
5580,0,31
1388,0,31
53,0,31
5762,0,31
7907,0,31
2387,0,31
3094,0,31
429,0,31
6305,2,31
6110,0,31
7105,0,31
4511,0,31
8445,0,31
1593,0,31
4232,0,31
845,0,31
6942,0,31
6445,0,31
3333,0,31
54,0,31
7599,0,31
7081,0,31
363,0,31
1749,0,31
6013,0,31
4879,0,31
6419,0,31
2334,0,31
2098,2,31
5509,0,31
3326,0,31
1277,0,31
1811,0,31
4651,0,31
3374,0,31
3544,0,31
813,0,31
6335,1,31
4279,2,31
8210,1,31
3515,1,31
3950,1,31
1781,1,31
7962,2,31
4678,1,31
3186,1,31
5179,1,31
4362,1,31
8264,2,31
2299,1,31
3319,1,31
1799,2,31
3971,2,31
7404,2,31
4840,2,31
8983,2,31
3494,2,31
8757,2,31
3438,2,31
431,2,31
1738,2,31
7168,2,31
3797,2,31
8903,2,31
4794,2,31
5323,2,31
5949,2,31
3614,2,31
286,2,31
1692,2,31
989,2,31
8914,2,31
7578,2,31
3484,2,31
3555,2,31
5798,2,31
226,2,31
1818,2,31
5755,2,31
6306,2,31
489,2,31
891,2,31
103,2,31
4446,2,31
6476,2,31
7313,2,31
507,2,31
2632,2,31
7662,2,31
1329,2,31
6962,2,31
8057,2,31
2784,2,31
2495,2,31
6330,2,31
625,2,31
2509,2,31
6475,2,31
3864,2,31
5195,2,31
7460,2,31
4749,2,31
8779,2,31
4786,2,31
5683,2,31
3900,2,31
2393,2,31
1716,2,31
895,2,31
6358,2,31
6973,2,31
3817,2,31
6412,2,31
184,2,31
7198,2,31
2097,2,31
950,2,31
5156,2,31
8747,2,31
2732,2,31
1244,2,31
5945,2,31
4953,2,31
3095,2,31
123,2,31
5382,2,31
1117,2,31
8745,2,31
4851,2,31
3833,2,31
5587,2,31
8436,2,31
8132,2,31
7263,2,31
872,2,31
8866,2,31
8270,2,31
6106,2,31
427,2,31
1586,2,31
7350,2,31
6558,2,31
3223,2,31
6531,2,31
2455,2,31
6894,2,31
5058,2,31
4243,2,31
4629,2,31
6981,6,32
5301,6,32
2001,6,32
5103,6,32
1584,0,32
1743,1,32
985,2,32
1654,6,32
3437,0,32
614,0,32
5357,0,32
5513,0,32
5351,0,32
335,0,32
7973,0,32
28,0,32
396,0,32
7936,0,32
4344,0,32
3813,0,32
5426,0,32
4732,0,32
2833,0,32
4543,0,32
6697,0,32
3639,0,32
5012,0,32
6948,0,32
4775,0,32
3276,0,32
5610,0,32
6022,0,32
1682,0,32
5307,1,32
2492,1,32
1103,0,32
420,1,32
2456,1,32
6872,0,32
5742,1,32
6440,1,32
4287,1,32
8195,1,32
7857,1,32
3038,1,32
696,1,32
7375,1,32
3811,1,32
1088,2,32
3767,2,32
8953,2,32
3600,1,32
4134,2,32
4130,2,32
6111,2,32
3904,2,32
4492,2,32
8115,2,32
5366,2,32
6241,2,32
297,2,32
8405,2,32
459,2,32
8669,2,32
4308,2,32
5360,2,32
2531,0,32
4662,2,32
2576,2,32
7244,2,32
5222,2,32
1260,2,32
4379,2,32
6293,2,32
4956,2,32
8158,2,32
7143,2,32
5318,2,32
4452,1,32
5415,2,32
2213,2,32
6069,2,32
7807,2,32
4331,2,32
7888,2,32
1299,2,32
1237,2,32
3597,2,32
4436,2,32
4319,2,32
6246,2,32
8702,2,32
4522,2,32
3448,2,32
7737,2,32
4838,2,32
1073,2,32
4450,2,32
1765,2,32
676,2,32
8378,2,32
6706,2,32
2205,2,32
5150,2,32
3212,2,32
3876,2,32
3612,2,32
2991,2,32
6048,2,32
1696,2,32
6827,2,32
4875,2,32
1313,2,32
2754,2,32
924,2,32
7094,2,32
6714,2,32
5936,2,32
3710,2,32
8587,2,32
2666,2,32
8863,2,32
8385,2,32
7006,2,32
7653,2,32
6029,2,32
3758,2,32
3657,2,32
5875,0,32
2646,2,32
4573,2,32
1928,2,32
2493,2,32
8164,2,32
3694,2,32
2767,2,32
1878,2,32
8288,2,32
6574,2,32
7886,0,33
134,0,33
6078,0,33
3009,0,33
6564,0,33
7024,0,33
7928,0,33
5332,0,33
4250,0,33
7179,0,33
8018,0,33
7035,0,33
25,0,33
1567,0,33
794,0,33
2123,0,33
4482,0,33
1882,0,33
2121,0,33
2723,0,33
1730,0,33
2562,0,33
1417,0,33
6177,0,33
2178,0,33
3115,0,33
889,0,33
3924,0,33
4931,0,33
1755,1,33
1321,1,33
7088,1,33
4924,2,33
5736,1,33
6392,1,33
4440,1,33
2527,1,33
6766,1,33
5454,1,33
8444,1,33
3716,1,33
7547,2,33
3798,2,33
7147,2,33
2374,2,33
2733,2,33
8698,2,33
3761,2,33
2679,2,33
4217,2,33
1989,2,33
8684,2,33
8516,2,33
2496,2,33
6456,2,33
5049,2,33
8877,2,33
3137,2,33
2500,2,33
3884,2,33
397,2,33
7617,2,33
3225,2,33
3637,2,33
4039,2,33
6727,2,33
7940,2,33
4112,2,33
554,2,33
3067,2,33
4278,2,33
6788,2,33
7656,2,33
7167,2,33
350,2,33
8905,2,33
3746,2,33
6056,2,33
6812,2,33
3010,2,33
5854,2,33
8784,2,33
7061,2,33
6728,2,33
1107,2,33
7458,2,33
3534,2,33
1966,2,33
5493,2,33
2650,2,33
7023,2,33
4716,2,33
6297,2,33
4063,2,33
4092,2,33
4768,2,33
1044,2,33
7956,2,33
4423,2,33
954,2,33
6213,2,33
2789,2,33
6256,2,33
5157,2,33
8617,2,33
263,2,33
2741,2,33
5625,2,33
7355,2,33
8510,2,33
7307,2,33
5541,2,33
4084,2,33
1295,2,33
6500,2,33
7288,2,33
8937,2,33
7644,2,33
1330,2,33
6576,2,33
2342,2,33
4074,2,33
8183,2,33
3401,2,33
2176,2,33
2927,2,33
3378,2,33
4395,2,33
4644,2,33
6899,2,33
2449,2,33
1727,0,34
1265,1,34
2358,2,34
8227,0,34
4590,0,34
3430,0,34
6809,0,34
8768,0,34
2551,0,34
239,0,34
6649,0,34
5020,0,34
106,0,34
2753,0,34
6622,0,34
6234,0,34
790,0,34
3975,0,34
2697,0,34
4411,0,34
1723,0,34
5031,0,34
7347,0,34
8579,0,34
8638,0,34
2999,2,34
2740,0,34
4324,0,34
128,0,34
6331,0,34
8324,0,34
2529,0,34
5047,1,34
2552,1,34
5909,1,34
1420,1,34
4419,1,34
3331,1,34
7016,1,34
4570,1,34
1832,2,34
6167,2,34
5391,2,34
5799,2,34
4947,2,34
8449,2,34
4557,2,34
4177,2,34
1229,2,34
4335,2,34
5405,2,34
7625,2,34
6127,2,34
4480,2,34
6075,2,34
8233,2,34
767,2,34
8044,2,34
3903,2,34
8171,2,34
3566,2,34
7550,2,34
4680,2,34
8535,2,34
6644,2,34
5868,2,34
8651,2,34
4042,2,34
4752,2,34
7988,2,34
4600,2,34
2549,2,34
1311,2,34
5789,2,34
5154,2,34
7517,2,34
6199,2,34
6417,2,34
6606,0,34
3205,2,34
8836,2,34
1762,2,34
655,2,34
5236,2,34
694,2,34
3810,2,34
3780,2,34
847,2,34
6469,0,34
8358,2,34
5018,2,34
4231,2,34
6704,2,34
2596,2,34
1581,2,34
3271,2,34
5971,2,34
4998,2,34
2423,2,34
1082,2,34
582,2,34
7572,2,34
8618,2,34
4636,2,34
1196,2,34
5168,2,34
2400,2,34
5086,2,34
322,2,34
4364,2,34
6016,2,34
7720,2,34
4340,2,34
2414,2,34
5527,2,34
4829,2,34
2981,2,34
5001,2,34
7833,2,34
6982,2,34
7597,2,34
2484,2,34
1778,2,34
464,2,34
8964,2,34
4236,2,34
7383,2,34
1858,2,34
1543,2,34
8334,2,34
3507,2,34
1475,2,34
3685,2,34
8946,2,34
6178,2,35
5823,0,35
584,0,35
5618,1,35
1279,2,35
7566,2,35
6595,0,35
7937,0,35
2832,0,35
4516,0,35
2349,0,35
7912,0,35
3983,0,35
77,0,35
1604,0,35
2556,0,35
7152,0,35
7911,0,35
2485,0,35
7838,0,35
5674,0,35
5916,0,35
1802,0,35
3257,0,35
6719,0,35
2821,1,35
4883,1,35
4053,1,35
892,1,35
2561,1,35
7809,1,35
3955,1,35
7814,0,35
3379,1,35
8526,1,35
168,1,35
5872,1,35
3830,0,35
7993,2,35
7957,2,35
5634,2,35
7201,2,35
7630,2,35
1106,2,35
8847,2,35
5404,2,35
943,2,35
5489,2,35
5844,2,35
8290,2,35
7733,2,35
6179,2,35
8944,2,35
667,2,35
3910,2,35
4779,2,35
1561,2,35
7096,2,35
8604,2,35
5757,2,35
7309,2,35
5760,2,35
5628,2,35
5584,2,35
7496,2,35
3750,2,35
7181,2,35
6107,2,35
8894,2,35
5689,2,35
4104,2,35
1978,2,35
6999,2,35
1048,2,35
8545,2,35
5427,2,35
8240,2,35
8095,2,35
3547,2,35
7328,2,35
7646,2,35
7265,2,35
7425,2,35
2517,2,35
33,2,35
8703,2,35
3083,2,35
2483,2,35
2880,2,35
7605,2,35
5293,2,35
3633,2,35
191,2,35
471,2,35
138,2,35
1290,2,35
1043,2,35
7992,2,35
7514,2,35
3206,2,35
6861,2,35
8275,2,35
8352,2,35
378,2,35
6190,2,35
6421,2,35
4704,2,35
5265,2,35
7132,2,35
2869,2,35
3429,2,35
311,2,35
5657,2,35
4601,2,35
6403,2,35
4633,2,35
843,2,35
115,2,35
8276,2,35
1767,2,35
8795,2,35
2111,2,35
2321,7,36
960,0,36
3522,2,36
550,1,36
4905,0,36
1603,0,36
7532,0,36
5337,0,36
7750,0,36
6732,0,36
8089,0,36
3405,0,36
719,0,36
1841,0,36
1991,0,36
3215,0,36
903,0,36
376,0,36
3803,0,36
7085,0,36
2438,0,36
1990,0,36
939,0,36
4124,0,36
7702,0,36
7469,0,36
3222,0,36
6387,0,36
5221,0,36
3090,0,36
4470,0,36
1493,1,36
835,1,36
628,1,36
4343,1,36
5333,1,36
818,1,36
7805,1,36
150,2,36
8249,2,36
4508,2,36
2034,2,36
3398,2,36
3626,2,36
1112,2,36
4742,2,36
7918,2,36
4733,2,36
7316,2,36
5203,2,36
2112,2,36
3928,2,36
901,2,36
137,2,36
5217,2,36
6344,2,36
1276,2,36
6687,2,36
6494,2,36
2008,2,36
4631,2,36
1371,2,36
3622,2,36
8714,2,36
7123,2,36
3651,2,36
1830,2,36
5643,2,36
3650,2,36
6970,2,36
4266,2,36
3156,2,36
377,2,36
3570,2,36
2059,2,36
5933,2,36
8915,2,36
4046,2,36
7657,2,36
4489,2,36
6304,2,36
2116,2,36
7334,2,36
2475,2,36
8699,2,36
8642,2,36
8848,2,36
590,2,36
4772,2,36
8751,2,36
7397,2,36
407,2,36
6028,2,36
1744,2,36
7604,2,36
4617,2,36
3564,2,36
6866,2,36
1187,2,36
167,2,36
5807,2,36
4899,2,36
2746,2,36
3144,2,36
7113,2,36
3730,2,36
4946,2,36
5174,2,36
8297,2,36
3499,2,36
6761,2,36
6553,0,36
6290,2,36
5613,2,36
2372,2,36
5290,2,36
7628,2,36
5702,2,36
6916,2,36
6878,3,37
5599,6,37
6114,2,37
3417,0,37
866,0,37
7997,0,37
2651,0,37
8639,0,37
2283,0,37
3288,0,37
3645,0,37
3104,0,37
4424,0,37
3110,0,37
995,0,37
8135,0,37
8017,0,37
8001,0,37
4968,0,37
7525,0,37
6813,0,37
4523,0,37
5824,0,37
7441,0,37
4901,0,37
2726,0,37
8247,0,37
5033,0,37
2995,0,37
1681,1,37
2364,1,37
1860,1,37
4164,1,37
2631,1,37
1326,1,37
1710,1,37
1569,1,37
659,1,37
7614,1,37
708,0,37
5608,1,37
6568,1,37
6996,1,37
1523,2,37
2796,2,37
6923,2,37
4487,2,37
4306,2,37
3089,2,37
8712,2,37
158,2,37
3446,2,37
6027,2,37
5251,2,37
7639,2,37
446,2,37
476,2,37
2326,0,37
2693,2,37
4734,2,37
3937,2,37
962,2,37
333,2,37
8109,2,37
761,2,37
7743,2,37
2654,2,37
2235,2,37
8323,2,37
1161,2,37
3395,2,37
6301,2,37
1909,2,37
2743,2,37
8419,2,37
6600,2,37
3046,2,37
7287,2,37
3203,2,37
3980,2,37
7079,2,37
2150,2,37
1703,2,37
2146,2,37
7279,2,37
3584,2,37
2100,0,37
7042,0,37
3557,2,37
8470,2,37
1935,2,37
4773,2,37
7924,2,37
8634,2,37
8468,2,37
5414,2,37
1163,2,37
2668,2,37
2877,2,37
5475,2,37
1943,0,37
5549,2,37
604,0,37
435,0,37
4962,2,37
1079,0,37
3349,2,37
7521,2,37
8975,2,37
5819,2,37
2913,2,37
2952,2,37
298,2,37
8116,2,37
5062,2,37
2216,2,37
520,2,37
8923,2,37
5644,2,37
8046,2,37
3369,2,37
809,2,37
5808,2,37
4249,2,37
5465,2,37
2424,2,37
7296,2,37
2074,2,37
6382,2,37
1345,2,37
3868,2,37
8544,2,37
6836,2,37
5164,2,37
6472,2,37
4858,2,37
3994,2,37
1673,2,37
5220,2,37
1424,2,37
27,2,37
4747,2,37
1111,2,37
4757,2,37
5321,2,37
7745,2,37
7372,2,37
8536,1,37
4632,5,38
4059,2,38
4774,5,38
8130,0,38
6193,0,38
11,0,38
8455,0,38
5693,0,38
5908,0,38
5635,0,38
3255,0,38
7516,0,38
2115,0,38
7454,0,38
3071,0,38
1222,0,38
105,0,38
8317,0,38
2431,0,38
8760,0,38
4764,0,38
7681,1,38
521,1,38
6123,1,38
192,1,38
1908,1,38
7559,1,38
6819,1,38
2544,1,38
1492,1,38
8221,1,38
1623,1,38
822,1,38
3654,1,38
6971,1,38
8927,2,38
1116,2,38
6250,2,38
3399,2,38
936,2,38
5894,2,38
221,2,38
3357,2,38
539,2,38
4939,2,38
7660,2,38
6758,2,38
2975,2,38
8958,2,38
5361,2,38
4310,2,38
6194,2,38
6150,2,38
6679,2,38
2490,2,38
7149,2,38
4888,2,38
3303,2,38
8051,2,38
5556,2,38
76,0,38
8384,2,38
7317,2,38
5125,2,38
8781,2,38
6534,2,38
55,2,38
618,2,38
2222,2,38
1555,2,38
5005,2,38
4020,2,38
6393,2,38
7948,2,38
2947,2,38
7705,2,38
1640,2,38
2186,2,38
4674,2,38
6247,2,38
3598,2,38
2170,2,38
8505,2,38
7960,2,38
8609,2,38
2056,2,38
7470,2,38
6725,2,38
1191,2,38
8931,2,38
1647,2,38
4434,2,38
7692,2,38
1175,2,38
744,2,38
5147,2,38
1967,2,38
7315,2,38
639,2,38
6516,2,38
5974,2,38
4954,2,38
6059,2,38
3899,2,38
6367,2,38
3125,2,38
2248,2,38
3287,2,38
7005,2,38
6134,0,39
5325,4,39
8648,1,39
4142,5,39
2710,0,39
8786,0,39
4002,0,39
8957,0,39
4431,1,39
7402,0,39
7873,0,39
6792,0,39
1419,0,39
6854,0,39
295,0,39
824,0,39
4121,0,39
5710,0,39
1628,0,39
7898,0,39
271,0,39
3295,0,39
1540,0,39
4282,0,39
5472,0,39
6791,0,39
3238,0,39
7432,0,39
8647,0,39
3659,0,39
1294,0,39
1193,0,39
3070,0,39
2779,0,39
2522,1,39
4941,1,39
6195,1,39
2113,1,39
8987,1,39
6772,1,39
3394,1,39
4366,1,39
4992,1,39
5207,2,39
1356,2,39
5544,2,39
7701,2,39
7202,2,39
502,2,39
1150,2,39
58,2,39
6764,2,39
6859,2,39
1568,2,39
6157,2,39
8962,2,39
5573,1,39
668,2,39
7051,2,39
3857,2,39
4274,2,39
8036,2,39
7478,2,39
5680,2,39
3607,2,39
6471,2,39
89,2,39
403,2,39
6319,2,39
1553,2,39
703,2,39
5271,2,39
5019,1,39
1126,2,39
687,2,39
3816,2,39
7238,2,39
4697,2,39
7593,2,39
5704,2,39
5282,2,39
7380,2,39
2953,2,39
7839,2,39
6087,2,39
3002,2,39
4850,2,39
220,2,39
7012,2,39
8999,2,39
5268,2,39
473,2,39
842,2,39
1446,2,39
5665,2,39
636,2,39
5551,2,39
3846,2,39
5598,2,39
597,2,39
7155,2,39
5137,2,39
7855,2,39
1105,2,39
7059,2,39
6399,2,39
6216,2,39
6947,2,39
5060,2,39
7996,2,39
7129,2,39
8431,2,39
8685,2,39
8335,2,39
7652,2,39
6816,2,39
4099,2,39
6176,2,39
7412,2,39
2560,2,39
3294,2,39
5243,2,39
2526,2,39
7984,2,39
8004,6,40
3942,1,40
577,1,40
2941,0,40
8881,0,40
7797,0,40
7408,0,40
6810,0,40
4467,0,40
81,0,40
7226,0,40
2099,0,40
8705,0,40
6118,0,40
5335,0,40
1353,0,40
7054,0,40
641,0,40
1029,0,40
433,1,40
7092,0,40
207,0,40
4637,1,40
2432,0,40
4833,0,40
2390,1,40
2217,1,40
678,1,40
5990,1,40
4859,1,40
4973,1,40
3269,1,40
695,1,40
1916,1,40
1156,1,40
1948,1,40
7158,1,40
4604,1,40
8815,1,40
7836,1,40
2133,1,40
6533,2,40
1108,2,40
7783,2,40
8892,2,40
1620,2,40
4022,2,40
8482,2,40
766,2,40
6967,2,40
7114,2,40
1495,2,40
1134,2,40
7203,2,40
4860,2,40
6205,2,40
3819,2,40
3353,2,40
2585,2,40
1721,2,40
346,2,40
7416,2,40
622,2,40
3895,2,40
3337,2,40
2366,2,40
8740,2,40
3699,2,40
2048,2,40
7806,2,40
6131,2,40
406,2,40
3528,2,40
5153,2,40
3486,2,40
697,2,40
2161,2,40
2994,2,40
385,2,40
5502,2,40
3495,2,40
2893,2,40
4921,2,40
2518,2,40
6577,2,40
3335,1,40
5128,2,40
8687,2,40
3339,2,40
2426,2,40
2185,2,40
586,2,40
6291,2,40
7946,2,40
1635,1,40
5630,2,40
414,2,40
3801,2,40
7371,2,40
8058,2,40
4932,6,41
4754,1,41
7564,5,41
5170,0,41
5013,0,41
1008,3,41
6829,6,41
428,6,41
5706,6,41
4353,0,41
4037,0,41
1497,0,41
8956,0,41
5955,0,41
4893,0,41
1953,0,41
6005,0,41
6496,0,41
7680,0,41
6104,0,41
5781,0,41
3293,0,41
8732,0,41
7212,0,41
2988,0,41
4318,0,41
3586,0,41
2600,0,41
3061,0,41
8083,0,41
8841,0,41
5538,0,41
1987,0,41
6498,1,41
8124,1,41
6676,1,41
1109,1,41
5570,1,41
7216,1,41
7982,1,41
5249,1,41
7861,1,41
7438,2,41
8022,2,41
451,2,41
3121,2,41
2719,2,41
8309,2,41
8901,2,41
1145,2,41
1532,2,41
3122,2,41
1482,2,41
1519,2,41
7310,2,41
7140,2,41
6673,2,41
2897,2,41
7211,2,41
8287,2,41
7650,2,41
4418,2,41
4437,2,41
107,2,41
3072,2,41
6801,2,41
2023,2,41
3487,2,41
3154,2,41
1622,2,41
2911,2,41
3082,2,41
2698,2,41
4613,0,41
8010,2,41
2158,2,41
6236,2,41
7176,2,41
357,2,41
2780,2,41
2696,2,41
1003,2,41
6365,2,41
7904,1,41
1834,2,41
1863,2,41
8260,2,41
5344,2,41
2571,2,41
3964,2,41
3874,2,41
5768,2,41
2633,2,41
6149,2,41
5471,2,41
6549,2,41
3064,2,41
6009,2,41
6775,2,41
5816,2,41
679,2,41
1248,2,41
3593,2,41
3590,2,41
7693,2,41
926,2,41
8040,2,41
4985,1,41
902,2,41
7110,2,41
8363,2,41
4563,2,41
1034,2,41
1428,1,41
3945,2,41
2763,2,41
5446,2,41
2868,2,41
6135,2,41
3911,2,41
3778,2,41
7856,2,41
2787,2,41
7784,2,41
666,2,41
6464,2,41
1798,2,41
4363,2,41
261,2,41
3221,2,41
4172,2,41
3873,2,41
6196,2,41
702,2,41
1845,2,41
8835,2,41
5206,2,41
4052,2,41
7884,2,41
4205,2,41
3341,2,41
657,2,41
2898,2,41
6892,2,41
7323,2,41
6427,2,41
8414,2,41
1139,2,41
2770,4,42
4474,5,42
1690,7,42
8407,7,42
4723,0,42
253,0,42
5614,0,42
2107,0,42
2032,0,42
7910,0,42
4291,0,42
7846,0,42
3781,0,42
2314,0,42
5951,0,42
4289,0,42
6309,0,42
1028,0,42
3097,0,42
8941,0,42
4944,0,42
853,0,42
1080,0,42
8173,1,42
8416,1,42
3862,1,42
6833,1,42
4186,1,42
900,1,42
1352,2,42
306,2,42
7072,2,42
7974,2,42
7451,2,42
6183,2,42
3909,2,42
5966,2,42
4312,2,42
7732,2,42
1855,2,42
337,2,42
2820,0,42
4987,2,42
3263,2,42
898,2,42
6025,2,42
7543,2,42
802,2,42
538,2,42
6563,2,42
2539,2,42
8096,2,42
2252,2,42
4527,2,42
817,2,42
999,2,42
6506,2,42
2574,2,42
3825,2,42
264,2,42
2851,2,42
5851,2,42
2634,2,42
6968,2,42
4770,2,42
4852,2,42
7253,2,42
1847,2,42
2694,2,42
6951,2,42
4595,2,42
1241,2,42
1950,2,42
6065,2,42
21,2,42
129,2,42
6307,2,42
4128,2,42
6523,2,42
5585,2,42
7398,2,42
8420,2,42
899,2,42
6624,2,42
4357,2,42
7792,2,42
7041,2,42
5257,2,42
718,2,42
8059,2,42
266,2,42
4275,2,42
5637,2,42
3606,2,42
4800,2,42
2525,2,42
519,2,42
5183,2,42
2520,2,42
3368,2,42
2993,2,42
518,2,42
39,2,42
1760,2,42
576,2,42
7545,2,42
8613,2,42
7620,2,42
124,2,42
3506,2,42
6274,2,42
5632,2,42
202,2,42
5051,3,43
6023,6,43
71,6,43
1025,0,43
7160,2,43
5540,2,43
1066,2,43
4011,2,43
4796,0,43
831,0,43
1153,0,43
8277,0,43
2622,0,43
7497,2,43
1093,0,43
4170,0,43
1892,0,43
2881,0,43
5374,0,43
8855,0,43
3960,0,43
3109,0,43
4569,0,43
6711,0,43
6628,0,43
225,0,43
6220,0,43
8494,0,43
6295,0,43
8460,1,43
6458,1,43
169,1,43
7976,1,43
7791,1,43
6088,1,43
1384,1,43
3872,1,43
6422,1,43
60,1,43
6376,1,43
6599,1,43
2807,2,43
7830,1,43
2461,1,43
4705,2,43
4657,2,43
8576,2,43
8722,2,43
7666,2,43
1577,2,43
7491,2,43
22,2,43
2367,2,43
2418,2,43
6489,2,43
8556,2,43
2212,2,43
8328,2,43
5306,2,43
1565,2,43
3325,2,43
723,2,43
7246,2,43
5545,2,43
8377,2,43
69,2,43
2482,2,43
742,2,43
6425,2,43
4820,2,43
8336,2,43
1559,2,43
5841,2,43
2415,2,43
7170,2,43
8548,2,43
3,2,43
757,2,43
8263,2,43
8885,2,43
2969,2,43
6152,2,43
5083,2,43
1776,2,43
2785,2,43
1728,2,43
2926,2,43
4982,2,43
3297,2,43
4061,2,43
3111,2,43
1592,2,43
4253,2,43
8960,2,43
2702,2,43
4024,2,43
5766,2,43
3029,2,43
7030,2,43
6052,2,43
66,2,43
8437,2,43
4706,2,43
6482,2,43
1263,2,43
5169,2,43
1207,2,43
7472,2,43
806,2,43
1097,2,43
2671,2,43
8520,2,43
6284,2,43
4917,2,43
5943,2,43
3147,2,43
7903,2,43
3432,2,43
2175,2,43
8755,2,43
5803,2,43
2724,2,43
7339,2,43
450,2,43
143,2,43
800,2,43
7616,2,43
2375,2,43
2256,2,43
5701,2,43
8594,2,43
4795,7,44
8314,3,44
1188,6,44
4870,5,44
7512,2,44
6003,1,44
8625,1,44
5244,0,44
4484,0,44
6501,0,44
2335,0,44
4854,0,44
7133,0,44
6922,0,44
2943,0,44
4531,0,44
7896,0,44
2984,0,44
2232,0,44
5102,0,44
6537,0,44
2546,0,44
4497,0,44
3248,0,44
7871,0,44
5364,0,44
4082,0,44
162,0,44
556,0,44
3119,1,44
4524,1,44
5072,1,44
7184,1,44
6573,1,44
8774,0,44
3129,1,44
6929,1,44
5071,1,44
5695,1,44
738,1,44
4294,1,44
3028,1,44
8279,2,44
6086,2,44
8552,2,44
6166,2,44
5866,2,44
2470,2,44
7394,2,44
7658,2,44
2208,2,44
8828,2,44
6630,2,44
1498,2,44
3226,2,44
4322,2,44
5011,2,44
4622,2,44
5422,2,44
3532,2,44
8938,2,44
355,2,44
3832,2,44
8804,2,44
5063,2,44
6049,2,44
1281,2,44
1646,2,44
1888,2,44
2983,2,44
3003,2,44
609,2,44
1202,2,44
2278,2,44
8791,2,44
8170,2,44
4184,2,44
87,2,44
2888,2,44
3619,2,44
3897,2,44
6530,2,44
4903,2,44
4175,2,44
4916,2,44
6737,2,44
727,2,44
8567,2,44
7480,2,44
7549,2,44
8539,2,44
5161,2,44
8111,2,44
5167,2,44
3170,2,44
6146,2,44
6207,2,44
5939,2,44
237,2,44
3243,2,44
3589,2,44
7913,2,44
7571,2,44
4276,2,44
6031,2,44
7180,2,44
8259,2,44
559,2,44
7710,2,44
8560,2,44
4817,2,44
1026,2,44
8434,2,44
3859,2,44
6172,2,44
135,2,44
5216,2,44
1078,2,44
1114,2,44
5299,2,44
8301,2,44
8562,2,44
5504,2,44
6230,2,44
7013,2,44
1415,2,44
4719,2,44
8801,2,44
4321,2,44
2918,2,44
5640,2,44
425,2,44
3460,2,44
5896,7,45
2603,7,45
4735,0,45
7527,4,45
235,1,45
3387,0,45
3636,0,45
5142,0,45
2501,0,45
5069,0,45
5010,0,45
6507,0,45
4648,0,45
5729,0,45
3080,0,45
6837,0,45
170,0,45
1859,0,45
2350,0,45
5448,0,45
3915,0,45
3839,0,45
6987,0,45
7802,0,45
6191,0,45
1104,0,45
2704,0,45
7428,0,45
6277,0,45
232,0,45
5384,0,45
7055,0,45
1912,0,45
1854,0,45
2831,0,45
5837,0,45
1970,0,45
6182,0,45
1460,0,45
4032,0,45
7694,0,45
8889,1,45
1213,1,45
5642,1,45
3062,1,45
2257,2,45
4013,1,45
213,2,45
7989,2,45
5379,2,45
4094,2,45
7161,2,45
8802,2,45
6406,2,45
4122,2,45
4748,2,45
5367,2,45
6579,2,45
6308,2,45
1124,2,45
7518,2,45
2244,2,45
2909,2,45
986,2,45
4457,2,45
885,2,45
1490,2,45
7573,2,45
2265,2,45
4641,2,45
8067,2,45
2590,2,45
2573,2,45
3451,2,45
848,2,45
808,2,45
811,2,45
3721,2,45
5735,2,45
334,2,45
5105,2,45
4414,2,45
4496,2,45
457,2,45
1742,2,45
8140,2,45
2363,2,45
1771,2,45
6037,2,45
4582,2,45
8464,2,45
1983,2,45
2923,2,45
7429,2,45
8025,2,45
65,2,45
6785,2,45
5300,2,45
2416,2,45
5343,2,45
7127,2,45
3821,2,45
5124,2,45
1170,2,45
3208,2,45
8180,2,45
5436,2,45
3992,2,45
5791,2,45
8366,2,45
7272,2,45
3084,2,45
2812,2,45
434,2,45
3878,2,45
8063,2,45
4166,2,45
5455,2,45
3171,2,45
6339,2,45
814,2,45
3043,2,45
6192,2,45
7034,2,45
8589,2,45
5266,2,45
2403,2,45
3025,2,45
5078,0,46
5675,5,46
3892,2,46
3100,0,46
7661,0,46
542,0,46
7400,0,46
1308,0,46
5242,0,46
1872,0,46
2117,0,46
7787,0,46
3691,0,46
1758,0,46
2903,0,46
5980,0,46
1780,0,46
2557,0,46
7959,0,46
6880,0,46
3117,0,46
4138,0,46
1697,0,46
6589,0,46
5107,2,46
5042,0,46
1816,0,46
3281,0,46
7485,0,46
1562,0,46
4307,1,46
8500,1,46
391,1,46
1014,1,46
5874,1,46
4479,1,46
987,1,46
6211,1,46
8800,1,46
3723,1,46
7523,2,46
8298,2,46
5440,2,46
8900,2,46
4866,2,46
2611,2,46
4709,2,46
6460,2,46
5230,2,46
3307,2,46
4710,2,46
7863,2,46
7879,2,46
5438,2,46
7290,2,46
6906,2,46
8608,2,46
1852,2,46
4430,2,46
4659,2,46
8641,2,46
8413,2,46
6820,2,46
3280,2,46
1761,2,46
2451,2,46
2005,2,46
5496,2,46
1529,2,46
8504,2,46
4688,2,46
2297,2,46
4663,2,46
6076,2,46
8472,2,46
4759,2,46
5377,2,46
2816,2,46
3682,2,46
6826,2,46
369,2,46
3057,2,46
6651,2,46
1256,2,46
2187,2,46
2662,2,46
4373,2,46
956,2,46
735,2,46
6040,2,46
1870,2,46
1699,2,46
2564,2,46
7665,2,46
8884,2,46
1814,2,46
4778,2,46
3879,2,46
7602,2,46
7636,2,46
3513,2,46
8577,2,46
1917,2,46
6379,2,46
981,2,46
1734,2,46
1896,2,46
281,2,46
1397,2,46
8725,2,46
5383,2,46
3736,2,46
1694,2,46
2921,2,46
1148,2,46
6914,2,46
6900,2,46
2296,2,46
7949,2,46
4413,2,46
4240,2,46
257,2,46
4147,2,46
6212,2,46
8295,2,46
4208,2,46
2524,2,46
2718,2,46
1923,2,46
7765,2,46
1227,2,46
1573,2,46
2811,2,46
2705,6,47
6617,4,47
3707,5,47
7199,2,47
8427,0,47
675,1,47
7917,7,47
1413,7,47
4283,0,47
3647,0,47
448,0,47
634,0,47
2748,0,47
8256,0,47
8181,0,47
5089,0,47
1915,0,47
4943,0,47
6279,0,47
1733,0,47
2125,0,47
3510,0,47
879,0,47
5481,0,47
6081,0,47
7667,0,47
6232,0,47
3425,0,47
1648,0,47
1504,0,47
3322,0,47
4608,0,47
4448,0,47
2306,0,47
2559,0,47
19,0,47
7171,0,47
4157,0,47
2595,0,47
6407,1,47
8101,1,47
3042,2,47
6744,1,47
8602,1,47
7690,1,47
4695,1,47
8469,1,47
2274,1,47
5208,1,47
8864,2,47
760,2,47
8273,2,47
91,2,47
399,2,47
739,2,47
6002,2,47
821,2,47
6723,2,47
142,2,47
4064,2,47
4167,2,47
6404,2,47
6036,2,47
259,2,47
4066,2,47
2191,2,47
7489,2,47
8114,2,47
1389,2,47
1910,2,47
1642,2,47
1387,2,47
5034,2,47
4843,2,47
911,2,47
1652,2,47
7800,2,47
4911,2,47
5765,2,47
1891,2,47
5930,2,47
4100,2,47
5091,2,47
1030,2,47
2163,2,47
7311,2,47
6665,2,47
8302,2,47
3058,2,47
4839,2,47
4021,2,47
1366,2,47
1886,2,47
2266,2,47
4449,2,47
8773,2,47
5810,2,47
6509,2,47
574,2,47
6227,2,47
8859,2,47
888,2,47
5934,2,47
2844,2,47
5565,2,47
724,2,47
7258,2,47
7074,2,47
3683,2,47
3195,2,47
4093,2,47
5380,2,47
6124,2,47
4872,2,47
8226,2,47
6655,2,47
8818,2,47
8151,2,47
7538,2,47
4224,2,47
2955,2,47
1985,2,47
8959,2,47
3459,2,47
4101,2,47
5631,2,47
2678,2,47
749,2,47
6983,2,47
7332,2,47
7548,2,47
5826,2,47
1515,2,47
7799,2,47
4740,2,47
5486,2,47
7361,2,47
181,2,47
5552,2,47
7242,2,47
929,3,48
3233,0,48
7073,0,48
1364,0,48
3344,0,48
4495,0,48
7393,0,48
2247,0,48
1340,0,48
4284,0,48
3692,0,48
6163,0,48
6839,0,48
5320,0,48
7725,0,48
1459,0,48
4478,0,48
63,0,48
5739,0,48
8921,0,48
8739,0,48
2,0,48
3410,0,48
7239,0,48
2938,0,48
2391,0,48
43,0,48
5372,0,48
6450,0,48
6867,0,48
133,0,48
3930,0,48
3047,0,48
6569,0,48
6089,0,48
1067,0,48
5490,0,48
384,0,48
4986,0,48
7670,1,48
4369,1,48
8849,1,48
8803,1,48
1596,1,48
7914,1,48
1169,1,48
93,2,48
3621,1,48
6927,1,48
4244,1,48
3505,1,48
910,1,48
6543,1,48
3370,1,48
5616,1,48
8422,1,48
1626,1,48
5656,2,48
7015,2,48
5855,2,48
8086,2,48
4596,2,48
8904,2,48
2276,2,48
2428,2,48
8456,2,48
642,2,48
1089,2,48
352,2,48
3321,2,48
5525,2,48
4,2,48
8783,2,48
1137,2,48
8139,2,48
3988,2,48
5285,2,48
2937,2,48
8612,2,48
8072,2,48
7728,2,48
1101,2,48
2405,2,48
4264,2,48
6175,2,48
4964,2,48
6575,2,48
5451,2,48
1118,2,48
5626,2,48
18,2,48
6137,2,48
2822,2,48
2087,2,48
6908,2,48
8415,2,48
5910,2,48
7524,2,48
7259,2,48
2332,2,48
24,2,48
1010,2,48
994,2,48
1885,2,48
3285,2,48
7298,2,48
5698,2,48
7851,2,48
2338,2,48
6782,2,48
3697,2,48
8161,2,48
4571,2,48
2261,2,48
1020,2,48
1431,2,48
8963,2,48
3296,2,48
224,2,48
8148,2,48
4894,2,48
2901,2,48
5484,2,48
1284,2,48
2310,2,48
5596,2,48
206,2,48
177,2,48
7144,2,48
1595,2,48
2027,2,48
3665,2,48
6756,2,48
7320,2,48
1972,2,48
5924,2,48
2977,2,48
671,2,48
7162,2,48
4545,4,49
2621,3,49
7869,7,49
7449,2,49
5731,2,49
1015,2,49
1486,0,49
401,0,49
8882,0,49
3217,0,49
1249,0,49
5526,0,49
5995,0,49
6138,0,49
2259,0,49
5865,0,49
2511,0,49
3714,0,49
1036,0,49
2055,0,49
8723,0,49
4560,0,49
6263,0,49
7588,0,49
5503,0,49
2148,0,49
5905,0,49
1996,0,49
7031,0,49
13,0,49
2065,1,49
2878,1,49
7293,1,49
5546,1,49
6799,1,49
1971,2,49
3578,1,49
2939,1,49
1954,1,49
8222,1,49
2810,2,49
4810,2,49
6542,2,49
5121,2,49
1578,2,49
20,2,49
6151,2,49
5225,2,49
5462,2,49
7268,2,49
5853,2,49
3013,2,49
8278,2,49
2639,2,49
5046,2,49
5253,2,49
424,2,49
7970,2,49
7574,2,49
4910,2,49
7513,2,49
5505,2,49
7106,2,49
8627,2,49
3656,2,49
7370,2,49
4001,2,49
2940,2,49
7747,2,49
5948,2,49
4268,2,49
8371,2,49
8513,2,49
5067,2,49
8480,2,49
4625,2,49
1788,2,49
6041,2,49
5597,2,49
5671,2,49
8128,2,49
1091,2,49
6869,2,49
8615,2,49
2327,2,49
6483,2,49
4333,2,49
6635,2,49
7712,2,49
959,2,49
2896,2,49
2271,2,49
6691,2,49
8251,2,49
871,2,49
8037,2,49
8968,2,49
4083,2,49
770,2,49
5092,2,49
1685,2,49
6018,2,49
234,2,49
242,2,49
1829,2,49
975,2,49
1357,2,49
8832,2,49
3521,2,49
3836,2,49
7018,2,49
4908,2,49
2460,2,49
8622,2,49
1589,2,49
328,2,49
3318,2,49
2138,2,49
2379,2,49
3336,2,49
3134,2,49
3542,2,49
7037,2,49
8478,2,49
4995,2,49
2250,2,49
381,2,49
8212,2,49
8340,2,49
1857,2,49
136,2,49
6332,2,49
8629,2,49
4494,2,49
8446,6,50
8245,2,50
5239,4,50
4033,4,50
1448,0,50
5593,0,50
3802,0,50
4744,0,50
2352,0,50
2507,0,50
2279,0,50
4416,0,50
6424,0,50
4077,0,50
5548,0,50
2502,0,50
3687,0,50
5533,0,50
6243,0,50
4107,0,50
3701,0,50
1478,0,50
6364,0,50
276,0,50
5619,0,50
4222,0,50
8592,0,50
1121,0,50
6864,0,50
4566,0,50
4765,0,50
8726,0,50
6391,1,50
2711,1,50
4722,1,50
7418,1,50
5832,1,50
8771,1,50
884,1,50
5771,1,50
8305,1,50
1369,1,50
3096,2,50
6129,2,50
2467,2,50
699,2,50
7341,2,50
1936,2,50
3081,2,50
7234,2,50
1575,2,50
1242,2,50
6717,2,50
4031,2,50
8136,2,50
5276,2,50
2836,2,50
1976,2,50
1729,2,50
8127,2,50
3917,2,50
736,2,50
2672,2,50
4701,2,50
7462,2,50
2434,2,50
7050,2,50
6912,2,50
6428,2,50
2079,2,50
7218,2,50
4040,2,50
2908,2,50
4889,2,50
1790,2,50
3414,2,50
7735,2,50
5136,2,50
7089,2,50
1,2,50
348,2,50
2925,2,50
2915,2,50
6054,2,50
8312,2,50
2200,2,50
2280,2,50
7415,2,50
8093,2,50
4085,2,50
7321,2,50
3576,2,50
2260,2,50
3938,2,50
7474,2,50
4811,2,50
2479,2,50
1704,2,50
277,2,50
3210,2,50
8727,2,50
5100,2,50
2998,2,50
5878,2,50
3006,2,50
2396,2,50
741,2,50
5061,2,50
4376,2,50
196,2,50
5469,2,50
4346,2,50
4844,2,50
2448,2,50
1750,2,50
2513,2,50
8023,2,50
4219,2,50
1961,2,50
1679,2,50
1086,2,50
8754,2,50
710,2,50
4959,2,50
8406,2,50
7785,2,50
1041,2,50
8765,2,50
8681,2,50
8984,2,50
8932,2,50
1210,2,50
1862,2,50
2154,1,51
5537,0,51
8939,0,51
6374,0,51
2886,0,51
4460,0,51
3065,0,51
3953,0,51
729,0,51
5456,0,51
5690,0,51
4239,0,51
4896,0,51
426,0,51
684,0,51
5518,0,51
1245,0,51
7676,0,51
2184,0,51
3601,0,51
1085,0,51
8895,0,51
1840,0,51
5088,0,51
8432,0,51
6073,0,51
4554,0,51
1304,0,51
7938,0,51
4724,0,51
4488,0,51
5911,0,51
1587,1,51
6401,1,51
8150,1,51
2700,1,51
3668,1,51
8206,2,51
8833,2,51
3808,2,51
5978,2,51
5173,2,51
7358,2,51
4579,2,51
908,2,51
5952,2,51
2885,2,51
5716,2,51
1669,2,51
3925,2,51
7070,2,51
4715,2,51
2905,2,51
8011,2,51
8564,2,51
700,2,51
5393,2,51
548,2,51
579,2,51
7717,2,51
4616,2,51
2488,2,51
4285,2,51
6349,2,51
8916,2,51
4192,2,51
5082,2,51
2727,2,51
6233,2,51
2499,2,51
5912,2,51
5193,2,51
4237,2,51
5962,2,51
2044,2,51
6953,2,51
751,2,51
8692,2,51
5843,2,51
8517,2,51
5417,2,51
5466,2,51
3843,2,51
7360,2,51
8997,2,51
6945,2,51
4025,2,51
7998,2,51
977,2,51
6709,2,51
7065,2,51
3140,2,51
4506,2,51
4292,2,51
5961,2,51
6984,2,51
1350,2,51
82,2,51
8965,2,51
1511,2,51
1005,2,51
6888,2,51
2512,2,51
4005,2,51
498,2,51
4102,2,51
1375,2,51
5931,2,51
3548,2,51
4136,2,51
4930,2,51
4225,2,51
3634,2,51
2211,2,51
8293,2,51
1833,2,51
1315,2,51
2892,2,51
5588,2,51
6716,2,51
3015,2,51
4397,2,51
1040,2,51
3235,2,51
1373,2,51
5761,2,51
5733,2,51
6012,2,51
8606,2,51
3641,2,51
4551,7,52
7022,0,52
5880,4,52
6085,6,52
6355,0,52
2944,0,52
1993,0,52
4737,0,52
3166,0,52
8204,0,52
5491,0,52
4581,0,52
8392,0,52
146,0,52
3613,0,52
1472,0,52
3814,0,52
3449,0,52
8943,0,52
4562,0,52
3435,0,52
1842,0,52
2623,0,52
6222,0,52
179,0,52
7484,0,52
2890,0,52
3793,0,52
152,1,52
4965,1,52
2380,1,52
38,1,52
6004,1,52
1347,1,52
2586,1,52
1757,1,52
8007,2,52
2605,2,52
30,2,52
1768,2,52
2103,2,52
2324,2,52
764,2,52
5473,2,52
8852,2,52
5529,2,52
4091,2,52
4988,2,52
7401,2,52
647,2,52
8060,2,52
5904,2,52
7407,2,52
8215,2,52
1687,2,52
5188,2,52
2707,2,52
3827,2,52
850,2,52
6627,2,52
5705,2,52
2407,2,52
5187,2,52
1022,2,52
2285,2,52
4309,2,52
8746,2,52
172,2,52
6142,2,52
8440,2,52
3815,2,52
7798,2,52
4023,2,52
1929,2,52
5678,2,52
5719,2,52
7930,2,52
1218,2,52
1848,2,52
6315,2,52
8129,2,52
3582,2,52
7569,2,52
4926,2,52
789,2,52
3338,2,52
4575,2,52
8788,2,52
8949,2,52
6683,2,52
5802,2,52
4639,2,52
5399,2,52
2075,2,52
1217,2,52
8861,2,52
8423,2,52
6776,2,52
2745,2,52
1344,2,52
2929,2,52
3240,2,52
8521,2,52
7767,2,52
7958,2,52
6821,2,52
6283,2,52
1653,2,52
1828,2,52
7729,2,52
8105,2,52
4498,2,52
3245,2,52
3408,2,52
155,2,52
3267,2,52
6769,2,52
3482,2,52
455,2,52
4863,2,52
269,2,52
1614,2,52
6992,2,52
3809,2,52
1280,2,52
8319,2,52
2624,2,52
440,2,52
4242,2,52
6610,2,52
5035,2,53
3847,3,53
3191,0,53
3456,1,53
7477,4,53
5123,0,53
6525,0,53
5574,0,53
7866,0,53
5935,0,53
3411,0,53
7975,0,53
2454,0,53
4630,0,53
1588,0,53
8742,0,53
7130,0,53
833,0,53
7083,0,53
3871,0,53
5664,0,53
3934,0,53
2282,0,53
860,0,53
1130,0,53
4087,0,53
6865,0,53
2523,0,53
3901,0,53
5326,0,53
3143,0,53
6848,0,53
5026,0,53
8292,0,53
561,1,53
8441,1,53
2755,1,53
5828,1,53
3019,1,53
5389,1,53
3403,1,53
8731,1,53
2756,1,53
488,1,53
1977,1,53
3214,0,53
5727,1,53
1508,1,53
1746,2,53
8156,2,53
5212,2,53
2951,2,53
1803,2,53
8974,2,53
2262,2,53
1160,2,53
3571,2,53
3328,2,53
5482,2,53
1968,2,53
8048,2,53
6850,2,53
3361,2,53
966,2,53
3799,2,53
3667,2,53
4003,2,53
5178,2,53
3346,2,53
1741,2,53
7506,2,53
5699,2,53
2463,2,53
2532,2,53
8998,2,53
3376,2,53
4348,2,53
998,2,53
5104,2,53
4109,2,53
3643,2,53
4721,2,53
7154,2,53
5245,2,53
3869,2,53
2376,2,53
411,2,53
4050,2,53
4385,2,53
2037,2,53
7529,2,53
1305,2,53
1777,2,53
658,2,53
7739,2,53
3628,2,53
7654,2,53
3189,2,53
8986,2,53
5452,2,53
480,2,53
2440,2,53
444,2,53
7196,2,53
2498,2,53
8924,2,53
2614,2,53
8637,2,53
3157,2,53
4338,2,53
6745,2,53
2656,2,53
5775,2,53
7217,2,53
8250,2,53
5830,2,53
6824,2,53
7795,2,53
1571,2,53
2681,2,53
8911,2,53
5723,2,53
4756,2,53
6266,2,53
4068,2,53
1133,2,53
1667,2,53
2795,2,53
2024,0,54
4791,3,54
7686,6,54
8143,7,54
8369,7,54
3277,4,54
6925,0,54
8778,0,54
578,0,54
4014,0,54
5922,0,54
3218,0,54
4327,0,54
1639,0,54
8537,0,54
8354,0,54
339,0,54
2190,0,54
6441,0,54
3684,0,54
44,0,54
5057,0,54
759,0,54
3220,0,54
6000,0,54
6201,0,54
1129,0,54
2842,0,54
4693,0,54
3591,0,54
4895,0,54
4295,0,54
2183,0,54
5582,0,54
8743,0,54
4204,0,54
8591,0,54
4028,0,54
6080,0,54
7333,2,54
8166,1,54
7515,1,54
7190,1,54
2609,1,54
4190,1,54
7819,1,54
1630,1,54
331,1,54
8452,1,54
3273,1,54
5561,1,54
5787,2,54
1466,2,54
2792,2,54
7645,2,54
1629,2,54
613,2,54
2061,2,54
6102,2,54
5467,2,54
1297,2,54
7004,2,54
2663,2,54
5918,2,54
1201,2,54
7119,2,54
5881,2,54
2773,2,54
8708,2,54
2963,2,54
7894,2,54
721,2,54
5756,2,54
8272,2,54
3213,2,54
7503,2,54
8715,2,54
5339,2,54
4502,2,54
5127,2,54
5532,2,54
3478,2,54
7902,2,54
6281,2,54
4918,2,54
1819,2,54
3616,2,54
6155,2,54
6738,2,54
2804,2,54
3497,2,54
8496,2,54
6715,2,54
3503,2,54
1463,2,54
398,2,54
1774,2,54
2675,2,54
5116,2,54
7881,2,54
1398,2,54
2791,2,54
6830,2,54
4188,2,54
3741,2,54
250,2,54
7684,2,54
468,2,54
349,2,54
4574,2,54
6521,2,54
7623,2,54
8677,2,54
1158,2,54
5522,2,54
102,2,54
1474,2,54
413,2,54
6703,2,54
3421,2,54
6159,2,54
5171,2,54
7183,2,54
5669,2,54
6385,2,54
7540,2,54
3558,2,54
1547,2,54
3967,2,54
1481,2,54
8599,2,54
5002,2,54
8217,2,54
2009,2,54
7499,2,54
4763,2,54
1234,2,54
3190,2,54
5818,2,54
2397,2,54
2344,2,55
7883,1,55
5498,2,55
5973,0,55
5149,5,55
5612,4,55
3164,6,55
504,6,55
5334,0,55
3362,0,55
8485,0,55
971,0,55
1913,0,55
294,0,55
5003,0,55
5724,0,55
7817,0,55
3933,0,55
2902,0,55
2162,0,55
8000,0,55
8704,0,55
8100,0,55
4880,0,55
4241,0,55
147,0,55
8879,0,55
3752,0,55
2588,0,55
1383,0,55
8326,0,55
194,0,55
2298,0,55
8839,0,55
4356,0,55
4856,0,55
6936,0,55
2684,1,55
3247,1,55
1009,1,55
2319,1,55
2245,1,55
8707,1,55
1395,1,55
2437,1,55
1275,1,55
2875,2,55
527,2,55
549,2,55
4642,2,55
8862,2,55
6477,2,55
1132,2,55
8853,2,55
7097,2,55
5730,2,55
7789,2,55
4882,2,55
2241,2,55
6020,2,55
8106,2,55
6693,2,55
6351,2,55
8888,2,55
7264,2,55
4355,2,55
1467,2,55
6647,2,55
758,2,55
5885,2,55
8673,2,55
3989,2,55
7619,2,55
3302,2,55
1997,2,55
8830,2,55
5950,2,55
1988,2,55
2069,2,55
7153,2,55
603,2,55
4111,2,55
2845,2,55
1016,2,55
3054,2,55
7423,2,55
73,2,55
3931,2,55
2328,2,55
8585,2,55
3991,2,55
4027,2,55
3424,2,55
6161,2,55
8631,2,55
3381,2,55
324,2,55
2920,2,55
148,2,55
6671,2,55
1747,2,55
8557,2,55
1674,2,55
7864,2,55
2320,2,55
5507,2,55
787,2,55
5536,2,55
7878,2,55
4717,2,55
1100,2,55
4552,2,55
7327,2,55
2388,2,55
1269,2,55
3091,2,55
3262,2,55
7766,2,55
1289,2,55
4447,2,55
2473,2,56
1894,7,56
4476,4,56
6689,0,56
2954,0,56
1393,0,56
5926,0,56
6209,0,56
3997,0,56
8814,2,56
4195,0,56
6453,0,56
4228,0,56
3705,0,56
5649,0,56
5550,0,56
991,0,56
6341,0,56
3007,0,56
8168,0,56
4886,0,56
47,0,56
5141,0,56
3199,0,56
8372,0,56
240,0,56
7136,0,56
5146,0,56
6957,0,56
6749,0,56
6079,0,56
7862,0,56
2267,0,56
2914,0,56
1552,1,56
4105,1,56
650,1,56
5267,1,56
5752,1,56
1706,1,56
5604,1,56
3311,1,56
275,1,56
5998,1,56
3049,1,56
1797,1,56
5196,1,56
3981,2,56
644,2,56
1570,2,56
7648,2,56
6237,2,56
7038,2,56
6442,2,56
7528,2,56
8499,2,56
1725,2,56
4540,2,56
6202,2,56
2206,2,56
3717,2,56
4873,2,56
7897,2,56
5654,2,56
3040,2,56
2020,2,56
7351,2,56
7999,2,56
509,2,56
1300,2,56
2347,2,56
8540,2,56
8752,2,56
3001,2,56
4589,2,56
7490,2,56
4257,2,56
3185,2,56
279,2,56
2834,2,56
7306,2,56
8155,2,56
2051,2,56
3021,2,56
4887,2,56
6741,2,56
4548,2,56
2453,2,56
4415,2,56
3567,2,56
8261,2,56
6845,2,56
6640,2,56
2837,2,56
2487,2,56
4054,2,56
5120,2,56
1958,2,56
4501,2,56
7389,2,56
7509,2,56
3563,2,56
3231,2,56
571,2,56
6296,2,56
5365,2,56
2153,2,56
4125,2,56
1403,2,56
3951,2,56
4270,2,56
8709,2,56
6949,2,56
839,2,56
6712,2,56
8234,2,56
4555,2,56
922,2,56
5370,2,56
1656,2,56
3918,2,56
1162,2,56
2855,2,56
1312,2,56
8382,2,56
3345,2,56
1002,2,57
3160,3,57
5827,6,57
7075,0,57
5929,0,57
1615,0,57
8799,0,57
2368,0,57
940,0,57
8122,0,57
4341,0,57
4544,0,57
4016,0,57
8683,0,57
5201,0,57
663,0,57
7715,0,57
4669,0,57
3627,0,57
7642,0,57
3818,0,57
2619,0,57
8737,0,57
2160,0,57
3920,0,57
400,1,57
2884,1,57
1328,1,57
1240,1,57
3356,1,57
5500,1,57
4881,1,57
1031,1,57
6626,1,57
2974,2,57
2966,2,57
2035,2,57
1594,2,57
5566,2,57
8159,2,57
2072,2,57
2122,2,57
6396,2,57
4673,2,57
347,2,57
7221,2,57
4455,2,57
304,2,57
6657,2,57
5717,2,57
4471,2,57
823,2,57
2883,2,57
1123,2,57
301,2,57
6112,2,57
7329,2,57
6825,2,57
883,2,57
1933,2,57
6015,2,57
4532,2,57
1887,2,57
8341,2,57
2348,2,57
4520,2,57
4075,2,57
5794,2,57
6210,2,57
4212,2,57
8661,2,57
8039,2,57
6136,2,57
1769,2,57
6148,2,57
7456,2,57
5315,2,57
8152,2,57
3375,2,57
2269,2,57
161,2,57
3471,2,57
1339,2,57
1314,2,57
1331,2,57
90,2,57
1572,2,57
2076,2,57
7629,2,57
5050,2,57
2295,2,57
3146,2,57
4427,2,57
916,2,57
8982,2,57
8992,2,57
6735,2,57
3469,2,57
4923,2,57
1027,2,57
4271,2,57
3489,2,57
1038,2,57
5774,2,57
2464,2,57
7338,2,57
6659,2,57
4183,2,57
2722,2,57
8994,2,57
315,2,57
1868,2,58
5327,5,58
1701,3,58
7981,6,58
1521,2,58
3792,2,58
569,2,58
3106,0,58
5346,0,58
7796,0,58
799,0,58
8729,0,58
4358,0,58
8989,0,58
6160,0,58
8649,0,58
7193,0,58
2189,0,58
4514,0,58
5940,0,58
4198,0,58
2302,0,58
3923,0,58
7178,0,58
4884,0,58
4979,0,58
2053,0,58
8549,0,58
4830,0,58
1606,0,58
7890,0,58
1766,0,58
5352,0,58
1598,0,58
4583,0,58
562,1,58
7208,1,58
500,1,58
7340,1,58
2613,1,58
7977,2,58
1969,1,58
4610,1,58
2188,1,58
4159,1,58
788,1,58
711,1,58
595,2,58
1422,2,58
382,2,58
6555,2,58
887,2,58
2545,2,58
8333,2,58
2033,2,58
1982,2,58
4332,2,58
3794,2,58
6661,2,58
442,2,58
1421,2,58
7757,2,58
4603,2,58
7283,2,58
6068,2,58
7025,2,58
6797,2,58
2322,2,58
1503,2,58
6165,2,58
1502,2,58
4316,2,58
1361,2,58
7537,2,58
6536,2,58
1232,2,58
5470,2,58
6452,2,58
2986,2,58
5081,2,58
6529,2,58
8291,2,58
3479,2,58
8223,2,58
3201,2,58
1533,2,58
5172,2,58
4010,2,58
1381,2,58
5842,2,58
4832,2,58
4906,2,58
78,2,58
7175,2,58
6961,2,58
3066,2,58
5770,2,58
50,2,58
5938,2,58
5182,2,58
5660,2,58
3764,2,58
8961,2,58
481,2,58
2738,2,58
1528,2,58
7185,2,58
7968,2,58
7222,2,58
1076,2,58
5692,2,58
7669,2,58
6014,2,58
5347,2,58
6119,2,58
3078,2,58
6694,2,58
2264,2,58
3533,2,58
67,2,58
5255,2,58
8902,2,58
5709,2,58
1094,2,58
251,2,58
7156,2,58
5331,2,58
8398,2,58
958,2,58
8006,2,58
5602,2,58
5298,2,58
8770,2,58
5458,2,58
5636,2,58
1590,2,58
3472,2,58
2118,7,59
2156,1,59
6046,0,59
3168,0,59
7492,0,59
1204,0,59
8303,0,59
5106,0,59
2371,0,59
5205,0,59
2827,0,59
1893,0,59
7424,0,59
478,0,59
6702,0,59
2798,0,59
5840,0,59
210,0,59
1507,0,59
4088,0,59
5737,0,59
6790,0,59
6934,0,59
2757,0,59
2286,0,59
2688,0,59
5946,0,59
4391,0,59
3995,0,59
1676,0,59
4491,1,59
1544,1,59
5055,1,59
918,2,59
7366,1,59
3696,1,59
5077,1,59
2777,1,59
3791,2,59
4462,2,59
5432,2,59
3087,2,59
4712,2,59
3672,2,59
256,2,59
3655,2,59
7139,2,59
1661,2,59
5356,2,59
7459,2,59
7835,2,59
3985,2,59
8653,2,59
8838,2,59
3642,2,59
6108,2,59
7039,2,59
4000,2,59
3666,2,59
1616,2,59
3480,2,59
819,2,59
1625,2,59
1166,2,59
3234,2,59
4473,2,59
6413,2,59
2895,2,59
8380,2,59
7319,2,59
4822,2,59
83,2,59
7969,2,59
6625,2,59
2419,2,59
1216,2,59
689,2,59
3867,2,59
4736,2,59
7876,2,59
8479,2,59
6242,2,59
318,2,59
2660,2,59
6678,2,59
7621,2,59
5763,2,59
8565,2,59
3724,2,59
1115,2,59
3881,2,59
6113,2,59
417,2,59
3227,2,59
768,2,59
7487,2,59
4660,2,59
1789,2,59
3804,2,59
2840,2,59
5296,2,59
2466,2,59
4679,2,59
5457,2,59
2284,2,59
1895,2,59
8285,2,59
6753,2,59
4815,2,59
6660,2,59
5115,2,59
4805,2,59
7730,2,59
786,2,59
5920,2,59
829,2,59
3053,2,59
5074,2,59
7828,2,59
7778,2,59
1416,2,59
127,2,59
6586,2,59
643,2,59
6130,5,60
4620,1,60
1678,3,60
3524,4,60
8596,6,60
1684,2,60
6187,2,60
6692,0,60
1663,0,60
4803,0,60
844,0,60
1176,0,60
1494,0,60
6287,0,60
45,0,60
2739,0,60
4393,0,60
2870,0,60
7501,0,60
6434,0,60
1964,0,60
5993,0,60
4564,0,60
1702,0,60
4277,0,60
1752,0,60
3887,0,60
5927,0,60
405,1,60
4185,1,60
7741,1,60
6581,1,60
8242,1,60
1214,1,60
2786,1,60
3962,1,60
7760,1,60
6420,1,60
7102,1,60
3806,1,60
3782,1,60
6817,1,60
801,1,60
4813,2,60
4577,2,60
7600,2,60
5617,2,60
3055,2,60
6474,2,60
6823,2,60
4372,2,60
5499,2,60
3462,2,60
1206,2,60
523,2,60
949,2,60
4153,2,60
7174,2,60
6566,2,60
7058,2,60
4720,2,60
6259,2,60
6588,2,60
2528,2,60
6886,2,60
2617,2,60
8547,2,60
7804,2,60
7510,2,60
2040,2,60
7122,2,60
4371,2,60
4823,2,60
1358,2,60
7721,2,60
7562,2,60
5653,2,60
4792,2,60
6632,2,60
1488,2,60
395,2,60
302,2,60
8887,2,60
4062,2,60
6258,2,60
5410,2,60
52,2,60
479,2,60
5915,2,60
5797,2,60
4500,2,60
7001,2,60
6235,2,60
2435,2,60
941,2,60
1534,2,60
153,2,60
1740,2,60
5646,2,60
7504,2,60
3860,2,60
1110,2,60
3436,2,60
5093,2,60
2584,2,60
560,2,60
330,2,60
1542,2,60
8809,2,60
6672,2,60
3898,2,60
2582,2,60
6380,2,60
2782,2,60
3139,2,60
4769,2,60
1513,2,60
6353,2,60
3770,2,60
4824,2,60
1579,2,60
4538,2,60
5413,2,60
6634,2,60
3561,2,60
7103,2,60
4966,2,60
1426,2,60
2236,2,60
2291,2,60
7280,2,60
6524,2,60
5132,2,60
2202,2,60
4762,2,60
7607,2,60
4536,2,60
5777,1,61
2357,4,61
4789,2,61
4578,3,61
8514,3,61
1441,3,61
2515,0,61
6720,0,61
1582,0,61
5960,0,61
5459,0,61
1715,0,61
1805,0,61
5443,0,61
2629,0,61
6770,0,61
4972,0,61
2965,0,61
7150,0,61
5516,0,61
5363,0,61
7868,0,61
6731,0,61
7486,0,61
6035,0,61
7209,0,61
2066,0,61
1266,0,61
8588,0,61
6964,0,61
6551,0,61
2234,1,61
7205,1,61
3172,1,61
7860,1,61
5795,1,61
5214,1,61
6268,1,61
773,1,61
1822,1,61
3618,1,61
927,1,61
6214,1,61
8203,1,61
7069,2,61
3824,2,61
3188,2,61
211,2,61
8908,2,61
6122,2,61
8338,2,61
3463,2,61
6851,2,61
8733,2,61
120,2,61
5006,2,61
5030,2,61
8316,2,61
3363,2,61
5407,2,61
7613,2,61
1262,2,61
7568,2,61
6505,2,61
3323,2,61
2587,2,61
6596,2,61
5900,2,61
7084,2,61
4853,2,61
8307,2,61
8253,2,61
2422,2,61
95,2,61
1406,2,61
1745,2,61
3313,2,61
6592,2,61
3397,2,61
1959,2,61
8515,2,61
2685,2,61
3402,2,61
3256,2,61
1390,2,61
5836,2,61
4565,2,61
6436,2,61
7466,2,61
3120,2,61
7045,2,61
3913,2,61
3440,2,61
4809,2,61
3033,2,61
2181,2,61
5913,2,61
2575,2,61
2667,2,61
1024,2,61
5017,2,61
3749,2,61
1631,2,61
5408,2,61
4261,2,61
4788,2,61
163,2,61
2709,2,61
244,2,61
7435,2,61
589,2,61
7882,2,61
3943,2,61
8399,2,61
8146,2,61
5345,2,61
7277,2,61
8241,2,61
2080,2,61
4444,2,61
3603,2,61
812,2,61
7821,2,61
1864,2,61
3192,2,61
327,2,61
2841,2,61
2658,2,61
3447,2,61
6276,2,61
3108,2,61
8819,2,61
1644,2,61
5746,2,61
4948,2,61
945,2,61
8858,2,61
7261,2,61
6802,2,61
8525,2,61
6584,2,61
7195,2,61
4380,2,61
2751,5,62
6298,3,62
7541,4,62
6913,0,62
423,0,62
585,0,62
6490,0,62
5620,0,62
2293,0,62
5479,0,62
6467,0,62
2394,0,62
6140,0,62
8672,0,62
8766,0,62
8077,0,62
4486,0,62
7971,0,62
7641,0,62
734,0,62
6642,0,62
8080,0,62
1267,0,62
6326,0,62
8125,0,62
4439,0,62
731,0,62
3194,0,62
8361,0,62
6047,0,62
5175,0,62
2323,0,62
1883,0,62
4681,0,62
5721,0,62
2882,1,62
4922,1,62
3286,1,62
1487,1,62
1919,1,62
8118,1,62
2635,1,62
6931,1,62
7815,2,62
7703,2,62
7060,2,62
5629,2,62
4300,2,62
781,2,62
5184,2,62
499,2,62
6126,2,62
5110,2,62
1049,2,62
8194,2,62
5434,2,62
61,2,62
7431,2,62
1306,2,62
1748,2,62
6466,2,62
2618,2,62
2458,2,62
3663,2,62
610,2,62
6876,2,62
3365,2,62
8315,2,62
5838,2,62
8321,2,62
445,2,62
6218,2,62
3660,2,62
3253,2,62
2689,2,62
7899,2,62
26,2,62
3492,2,62
5117,2,62
1695,2,62
4694,2,62
4878,2,62
7391,2,62
5741,2,62
5263,2,62
5691,2,62
3493,2,62
7731,2,62
7919,2,62
7260,2,62
7752,2,62
4891,2,62
5283,2,62
4576,2,62
952,2,62
2670,2,62
8871,2,62
2655,2,62
36,2,62
2227,2,62
2152,2,62
3543,2,62
1711,2,62
23,2,62
3908,2,62
8175,2,62
380,2,62
8381,2,62
605,2,62
4699,2,62
2038,2,62
3023,2,62
5248,2,62
1468,2,62
3541,2,62
6350,2,62
3498,2,62
7007,2,62
5663,2,62
6324,2,62
354,2,62
1939,2,62
2398,2,62
692,2,62
5386,2,62
3392,2,62
5994,2,62
4689,2,62
5453,2,62
1147,2,62
7453,0,63
654,1,63
7551,4,63
2867,6,63
7399,7,63
2018,0,63
4127,2,63
7700,0,63
223,0,63
3674,0,63
4096,0,63
2336,0,63
5476,0,63
5449,0,63
4381,0,63
272,0,63
791,0,63
4342,0,63
4110,0,63
5871,0,63
70,0,63
5676,0,63
6690,0,63
7934,0,63
8940,0,63
722,0,63
2370,0,63
8913,0,63
5743,0,63
1720,2,63
6021,0,63
5784,0,63
3771,0,63
1524,0,63
6492,0,63
5521,0,63
6282,0,63
7495,1,63
3536,1,63
7422,1,63
8409,1,63
6552,1,63
776,1,63
1611,1,63
496,1,63
5353,1,63
7003,1,63
7101,1,63
4301,1,63
113,1,63
880,1,63
5264,1,63
6430,1,63
8102,2,63
4671,2,63
6955,2,63
3787,2,63
1756,2,63
85,2,63
1632,2,63
8597,2,63
8069,2,63
2304,2,63
2547,2,63
5009,2,63
8787,2,63
7609,2,63
7241,2,63
1236,2,63
8345,2,63
1144,2,63
4541,2,63
5032,2,63
1293,2,63
57,2,63
1435,2,63
8207,2,63
6917,2,63
2459,2,63
882,2,63
5162,2,63
7359,2,63
7254,2,63
4290,2,63
6116,2,63
419,2,63
6229,2,63
2607,2,63
2386,2,63
796,2,63
5166,2,63
7853,2,63
6431,2,63
5679,2,63
2957,2,63
1077,2,63
4897,2,63
914,2,63
6680,2,63
7087,2,63
3409,2,63
6974,2,63
5224,2,63
6918,2,63
6546,2,63
2427,2,63
7556,2,63
938,2,63
8930,2,63
5402,2,63
7825,2,63
1074,2,63
6185,2,63
460,2,63
8600,2,63
7157,2,63
6975,2,63
6593,2,63
3229,2,63
662,2,63
5555,2,63
3554,2,63
7335,2,63
2543,2,63
367,2,63
558,2,63
4248,2,63
3454,2,63
6998,2,63
6920,2,63
8462,2,63
8359,2,63
7553,2,63
1541,2,63
8580,3,64
3646,7,64
8583,7,64
6777,3,64
3727,4,64
8383,2,64
3211,2,64
7284,0,64
1605,0,64
118,0,64
3265,0,64
5510,0,64
5159,0,64
3853,0,64
1853,0,64
392,0,64
195,0,64
7224,0,64
8490,0,64
2728,0,64
4890,0,64
6265,0,64
1173,0,64
6985,0,64
2441,0,64
3777,0,64
8670,0,64
7447,0,64
5542,0,64
4044,0,64
260,0,64
4392,0,64
8187,0,64
7788,0,64
8897,0,64
6200,0,64
3905,0,64
41,0,64
7923,0,64
8442,0,64
5754,0,64
3465,0,64
1810,1,64
1821,1,64
930,1,64
5942,1,64
6189,1,64
3153,2,64
7452,2,64
7210,2,64
8978,2,64
2803,2,64
8145,2,64
990,2,64
8667,2,64
7679,2,64
2128,2,64
2669,2,64
7915,2,64
635,2,64
2157,2,64
6132,2,64
3182,2,64
1633,2,64
2228,2,64
2843,2,64
5563,2,64
6514,2,64
4730,2,64
5385,2,64
5624,2,64
1484,2,64
8028,2,64
3179,2,64
4526,2,64
1914,2,64
4402,2,64
5972,2,64
412,2,64
616,2,64
541,2,64
2760,2,64
7000,2,64
4154,2,64
4731,2,64
6228,2,64
8216,2,64
5048,2,64
5270,2,64
190,2,64
633,2,64
8869,2,64
3987,2,64
6204,2,64
8189,2,64
1722,2,64
3202,2,64
7920,2,64
3525,2,64
5008,2,64
4129,2,64
2413,2,64
8823,2,64
4703,2,64
1963,2,64
336,2,64
4475,2,64
698,2,64
1817,2,64
827,2,64
8662,2,64
1000,2,64
5615,2,64
4404,2,64
241,2,64
2085,2,64
5981,2,64
6979,0,65
805,0,65
3059,0,65
3163,0,65
8160,0,65
4700,0,65
6768,0,65
7040,0,65
8344,0,65
4758,0,65
1412,0,65
1619,0,65
7476,0,65
4643,0,65
2987,0,65
4432,0,65
6084,0,65
2145,0,65
1259,0,65
7980,0,65
2830,0,65
5176,0,65
1068,0,65
7111,0,65
3133,0,65
8893,0,65
1378,0,65
953,0,65
1301,0,65
1627,0,65
648,0,65
904,0,65
462,0,65
3728,0,65
8693,0,65
503,0,65
6378,1,65
7533,1,65
3722,1,65
8553,1,65
6762,1,65
5409,1,65
2446,2,65
6091,1,65
3742,1,65
5468,1,65
6446,1,65
6321,2,65
8073,2,65
7663,2,65
3733,2,65
1181,2,65
3251,2,65
6461,2,65
2657,2,65
2761,2,65
6074,2,65
3016,2,65
4967,2,65
6125,2,65
2013,2,65
7376,2,65
693,2,65
6938,2,65
1136,2,65
5686,2,65
8184,2,65
1613,2,65
7266,2,65
8728,2,65
5338,2,65
8388,2,65
5235,2,65
6911,2,65
4120,2,65
4238,2,65
4553,2,65
4421,2,65
6623,2,65
7273,2,65
5984,2,65
1172,2,65
8568,2,65
2558,2,65
7582,2,65
7289,2,65
7166,2,65
2701,2,65
1911,2,65
175,2,65
8611,2,65
2012,2,65
7465,2,65
7141,2,65
5087,2,65
6724,2,65
6261,2,65
4012,2,65
4006,2,65
6248,2,65
816,2,65
1122,2,65
8874,2,65
5101,2,65
4304,2,65
1238,2,65
6363,2,65
5397,2,65
951,2,65
4259,2,65
8529,2,65
7500,2,65
8070,2,65
8178,2,65
1035,2,65
5028,2,65
4904,2,65
7843,2,65
4409,2,65
3385,2,65
8016,2,65
5857,2,65
332,2,65
1270,0,66
1668,1,66
575,3,66
31,0,66
8421,0,66
8308,0,66
2769,0,66
305,0,66
1154,0,66
6580,2,66
4821,0,66
5200,0,66
4990,0,66
1032,0,66
8032,0,66
5892,0,66
6557,0,66
5559,0,66
1809,0,66
7845,0,66
5694,0,66
2130,0,66
3585,0,66
5038,0,66
2534,0,66
3829,0,66
3720,0,66
5708,0,66
7941,0,66
8185,2,66
5052,0,66
2000,0,66
8891,0,66
5118,1,66
7104,1,66
6053,1,66
1423,2,66
7255,1,66
837,1,66
4519,2,66
6921,2,66
6,2,66
3152,2,66
2337,2,66
5487,2,66
2750,2,66
1505,2,66
4848,2,66
4690,2,66
3342,2,66
7563,2,66
485,2,66
7302,2,66
1096,2,66
4320,2,66
510,2,66
2762,2,66
2749,2,66
3966,2,66
1724,2,66
5412,2,66
4755,2,66
5376,2,66
7354,2,66
2003,2,66
8002,2,66
4089,2,66
8257,2,66
7542,2,66
2198,2,66
5600,2,66
2224,2,66
7126,2,66
2084,2,66
2960,2,66
4846,2,66
8186,2,66
2959,2,66
1518,2,66
501,2,66
6963,2,66
5594,2,66
6794,2,66
3959,2,66
205,2,66
1444,2,66
8694,2,66
8710,2,66
325,2,66
4073,2,66
968,2,66
681,2,66
8174,2,66
8228,2,66
3159,2,66
7267,2,66
2887,2,66
3298,2,66
5304,2,66
1658,2,66
8426,2,66
528,2,66
6684,2,66
525,2,66
4326,2,66
8465,2,66
1341,2,66
3366,2,66
512,2,66
8719,2,66
6959,2,66
2106,2,66
4015,2,66
7793,2,66
171,2,66
8281,2,66
8439,2,66
4173,2,66
5381,2,66
387,2,66
4542,2,66
2659,2,66
7640,2,66
5373,2,66
1712,2,66
6064,2,66
4568,2,66
7952,2,66
1019,2,66
5441,2,66
3259,6,67
4485,1,67
2706,2,67
5817,0,67
6943,0,67
7214,0,67
8030,0,67
6522,0,67
8676,0,67
3704,0,67
6793,0,67
8238,0,67
8282,0,67
8042,0,67
8289,0,67
3204,0,67
5685,0,67
5501,0,67
8068,0,67
2303,0,67
3549,0,67
7406,0,67
166,0,67
6141,0,67
4638,0,67
1483,0,67
5085,0,67
6956,0,67
7691,0,67
461,1,67
6336,1,67
3351,1,67
8362,1,67
8043,1,67
6800,1,67
273,1,67
4725,1,67
3888,1,67
4499,1,67
4194,2,67
218,2,67
2022,2,67
3882,2,67
238,2,67
4041,2,67
3608,2,67
3921,2,67
7555,2,67
4187,2,67
8566,2,67
1574,2,67
2251,2,67
4056,2,67
2932,2,67
2025,2,67
6206,2,67
7718,2,67
7947,2,67
8947,2,67
7080,2,67
4857,2,67
2231,2,67
409,2,67
7762,2,67
388,2,67
6838,2,67
3470,2,67
3854,2,67
2626,2,67
8082,2,67
4374,2,67
1007,2,67
7219,2,67
4707,2,67
474,2,67
5659,2,67
2096,2,67
1302,2,67
6700,2,67
6653,2,67
4743,2,67
8370,2,67
7365,2,67
3364,2,67
7801,2,67
2149,2,67
7064,2,67
706,2,67
8512,2,67
8663,2,67
1904,2,67
756,2,67
2936,2,67
2429,2,67
6479,2,67
4618,2,67
6935,2,67
7774,2,67
3739,2,67
1179,2,67
2950,2,67
98,2,67
1286,2,67
7118,2,67
5647,2,67
7442,2,67
7237,2,67
8601,2,67
4456,2,67
1583,2,67
1057,2,67
5350,2,67
8133,2,67
6550,2,67
3347,4,68
3834,1,68
1338,3,68
3274,2,68
5313,2,68
7978,0,68
4525,0,68
3075,0,68
4978,0,68
6083,0,68
4984,0,68
6484,0,68
1591,0,68
8593,0,68
5535,0,68
2362,0,68
1127,0,68
5753,0,68
4481,0,68
7758,0,68
8322,0,68
1785,2,68
7257,0,68
6094,0,68
6677,0,68
6895,0,68
6740,0,68
8477,0,68
3431,0,68
2577,0,68
3406,0,68
2608,0,68
4686,1,68
4058,1,68
1880,1,68
4970,1,68
2805,1,68
6798,1,68
3706,1,68
6937,1,68
1890,1,68
6395,1,68
5975,1,68
8428,2,68
4226,2,68
5511,2,68
8977,2,68
6940,2,68
68,2,68
5095,2,68
5718,2,68
5517,2,68
5314,2,68
2591,2,68
2385,2,68
3972,2,68
4313,2,68
7565,2,68
4256,2,68
5303,2,68
484,2,68
2062,2,68
8808,2,68
8558,2,68
7322,2,68
5508,2,68
8654,2,68
6755,2,68
5581,2,68
704,2,68
7708,2,68
2219,2,68
7292,2,68
1013,2,68
4367,2,68
7326,2,68
7249,2,68
3675,2,68
638,2,68
4798,2,68
364,2,68
1491,2,68
6508,2,68
6457,2,68
5133,2,68
6115,2,68
2579,2,68
3560,2,68
1065,2,68
5369,2,68
3085,2,68
858,2,68
8713,2,68
2045,2,68
119,2,68
1838,2,68
6646,2,68
7987,2,68
3703,2,68
8854,2,68
7895,2,68
754,2,68
1837,2,68
869,2,68
3024,2,68
29,2,68
7021,2,68
2239,2,68
1307,2,68
6681,2,68
2166,2,68
5979,2,68
4503,2,68
4594,2,68
6739,2,68
6759,2,68
798,2,68
5576,2,68
5262,2,68
51,2,68
1271,2,68
8356,2,68
3127,2,68
4572,2,68
344,2,68
973,2,68
3514,2,68
932,2,68
4802,2,68
285,2,68
5682,2,68
6429,2,68
2339,2,68
7773,6,69
8533,5,69
7245,5,69
2978,5,69
5779,3,69
4207,0,69
2354,0,69
3423,0,69
4849,0,69
5579,2,69
615,0,69
8284,0,69
2989,0,69
443,0,69
3270,0,69
5286,0,69
1546,0,69
2301,0,69
6597,0,69
1713,0,69
8555,0,69
117,0,69
2382,0,69
2462,0,69
8935,0,69
6082,0,69
469,0,69
3743,0,69
6034,0,69
5884,0,69
5903,0,69
3261,0,69
963,0,69
7842,0,69
534,1,69
532,1,69
4158,1,69
8658,1,69
8886,1,69
8149,1,69
6262,1,69
5860,1,69
4647,1,69
7331,1,69
5662,1,69
4407,2,69
5667,2,69
2108,2,69
288,2,69
139,2,69
8950,2,69
1282,2,69
390,2,69
3428,2,69
1457,2,69
5747,2,69
5992,2,69
7086,2,69
6007,2,69
3535,2,69
8696,2,69
6754,2,69
4727,2,69
5390,2,69
4223,2,69
2077,2,69
5392,2,69
3329,2,69
3360,2,69
8636,2,69
492,2,69
6561,2,69
3690,2,69
4818,2,69
8054,2,69
7655,2,69
8013,2,69
617,2,69
8236,2,69
8394,2,69
928,2,69
6778,2,69
2193,2,69
2581,2,69
8777,2,69
5328,2,69
5096,2,69
8481,2,69
4726,2,69
8342,2,69
1226,2,69
6289,2,69
652,2,69
3371,2,69
5681,2,69
8551,2,69
2866,2,69
621,2,69
5406,2,69
3367,2,69
6857,2,69
2468,2,69
3552,2,69
4057,2,69
283,2,69
752,2,69
4227,2,69
707,2,69
664,2,69
3664,2,69
3380,2,69
439,2,69
1414,2,69
8267,2,69
1253,2,69
7403,2,69
1450,2,69
8793,2,69
351,2,69
4329,2,69
7643,2,69
8899,3,72
3354,2,74
8459,0,74
1184,6,80
6747,1,82
2365,6,84
7706,2,85
3355,7,86
2695,5,89
5226,6,92
4045,4,93
765,2,104
3241,2,106
372,3,108
5064,2,119
3197,2,136
8411,6,137
8744,6,143
4135,2,155
3725,4,164
1610,2,170
920,5,180
8,2,187
7384,6,188
4263,6,194
6807,2,206
4330,2,221
5557,2,238
6612,6,239
7420,6,245
5258,2,257
3676,2,272
8690,2,289
5152,6,290
4055,6,296
3850,2,308
7544,2,323
8738,2,340
3289,6,341
1252,6,347
8012,2,359
8433,2,374
1386,2,391
1675,6,392
7824,2,425
8094,2,442
6038,2,476
4034,2,493
2412,2,527
6950,2,544
6941,2,578
1438,2,595
5607,2,629
1480,2,646
5240,2,680
7508,4,693
1360,2,697
157,2,731
7324,2,748
2775,2,782
8254,6,782
1624,2,799
4826,2,833
1897,6,833
8759,6,884
1564,6,935
3732,6,986
8454,6,1037
8834,6,1088
1772,2,1113
6614,6,1139
1194,2,1164
4862,6,1190
5044,2,1215
243,6,1241
5883,2,1266
2593,6,1292
4929,2,1317
3790,6,1343
5024,2,1368
164,6,1394
2648,2,1419
2201,6,1445
660,2,1470
3826,6,1496
1439,2,1521
5192,6,1547
5661,2,1572
6468,6,1598
980,2,1623
1455,6,1649
5098,2,1674
362,6,1700
7707,2,1725
3224,6,1751
4245,2,1776
3102,2,1827
7312,2,1878
6215,2,1929
4784,2,1980
7117,2,2031
3520,2,2082
321,2,2133
7125,2,2184
5562,2,2235
3088,2,2286
2225,2,2337
3258,2,2388
6225,2,2439
482,2,2490
4069,2,2541
7342,2,2592
3822,2,2643
862,2,2694
2465,2,2745
2329,2,2796
8878,2,2847
7455,2,2898
149,2,2949
3956,2,3000
1113,2,3051
4994,2,3102
8582,2,3153
2985,2,3204
7925,2,3255
4927,2,3306
8182,2,3357
6873,2,3408
7622,2,3459
3314,2,3510
3769,2,3561
1167,2,3612
6153,2,3663
6818,2,3714
7419,2,3765
8571,2,3816
1317,2,3867
6181,2,3918
5785,2,3968
4325,2,4018
7046,2,4069
3979,2,4119
3183,2,4169
6333,2,4220
1060,2,4271
1826,2,4321
709,2,4372
5831,2,4423
7002,2,4473
6011,2,4524
8550,2,4574
3076,2,4624
5041,2,4674
7107,2,4724
3113,2,4775
8360,2,4826
228,2,4876
4203,2,4926
2766,2,4976
1189,2,5027
