没什么用拿来占位的第一行，这是第3个文件
0,841,53,52
1,966,0,66
2,728,72,16
3,870,64,13
4,363,35,51
5,278,62,79
6,538,15,5
7,452,41,80
8,179,72,54
9,891,41,34
10,978,46,71
11,13,43,36
12,94,38,64
13,641,64,41
14,949,14,72
15,683,3,22
16,869,24,2
17,78,55,11
18,585,9,59
19,262,28,41
20,667,25,47
21,786,5,34
22,365,26,13
23,504,42,9
24,728,62,39
25,583,24,6
26,949,5,18
27,934,14,77
28,572,46,14
29,123,68,22
30,191,58,35
31,265,27,60
32,14,51,34
33,518,35,56
34,646,74,10
35,112,37,31
36,545,17,68
37,778,30,42
38,318,41,32
39,344,3,48
40,97,17,79
41,204,69,26
42,27,35,10
43,13,60,5
44,152,74,11
45,690,57,12
46,660,46,73
47,635,63,63
48,988,13,37
49,655,40,52
50,603,52,62
51,497,15,71
52,122,10,70
53,547,2,71
54,923,33,81
55,330,14,54
56,701,61,76
57,338,27,40
58,172,18,57
59,128,21,61
60,680,27,25
61,665,19,29
62,51,56,3
63,853,23,21
64,235,45,58
65,195,62,81
66,196,35,30
67,432,56,62
68,383,35,44
69,367,75,53
70,79,58,48
71,263,18,63
72,827,24,84
73,797,36,75
74,537,70,80
75,199,16,71
76,823,40,54
77,420,51,22
78,921,37,33
79,17,11,40
80,713,13,10
81,613,51,44
82,211,66,45
83,982,50,77
84,824,39,4
85,308,49,28
86,466,35,36
87,999,58,19
88,596,11,52
89,428,47,27
90,624,7,84
91,565,39,40
92,565,26,42
93,377,39,52
94,501,11,7
95,876,18,44
96,344,31,35
97,451,41,6
98,982,12,61
99,317,71,32
100,528,6,55
101,339,27,7
102,718,15,77
103,491,11,12
104,807,67,51
105,553,11,65
106,929,26,36
107,459,16,17
108,212,49,73
109,812,26,21
110,923,17,27
111,610,67,58
112,188,61,29
113,164,19,28
114,223,69,44
115,838,22,35
116,18,34,33
117,230,48,69
118,470,4,79
119,335,47,29
120,955,30,26
121,249,19,69
122,487,70,30
123,879,73,34
124,155,7,43
125,814,52,69
126,732,58,23
127,252,27,28
128,528,44,40
129,838,2,79
130,202,48,9
131,147,37,8
132,12,27,82
133,217,1,11
134,550,3,19
135,225,40,23
136,737,15,9
137,72,62,4
138,687,46,73
139,146,47,71
140,908,1,24
141,601,31,37
142,480,70,84
143,438,27,65
144,636,12,9
145,946,20,81
146,557,13,65
147,837,24,71
148,17,42,5
149,565,71,25
150,519,38,30
151,834,50,5
152,406,34,56
153,425,59,47
154,418,2,7
155,890,24,20
156,654,40,29
157,794,16,13
158,561,72,39
159,833,40,18
160,449,75,28
161,610,72,79
162,815,26,49
163,74,38,60
164,604,19,38
165,658,20,42
166,109,66,10
167,397,35,75
168,241,51,71
169,383,56,28
170,968,64,15
171,904,34,11
172,494,56,13
173,218,65,16
174,513,28,83
175,366,33,56
176,724,10,58
177,493,2,21
178,807,35,21
179,34,73,17
180,441,37,29
181,547,72,47
182,185,61,31
183,466,70,76
184,813,50,60
185,643,51,74
186,902,22,8
187,891,3,18
188,756,9,69
189,408,54,75
190,680,26,48
191,724,0,60
192,447,49,17
193,365,46,51
194,553,46,9
195,612,8,56
196,553,30,63
197,188,40,42
198,858,75,63
199,210,66,30
200,924,53,8
201,23,41,13
202,706,63,10
203,522,55,52
204,984,67,30
205,308,67,62
206,212,27,40
207,418,35,57
208,771,32,8
209,77,69,83
210,370,53,84
211,146,35,81
212,246,13,80
213,911,2,68
214,254,74,31
215,439,49,34
216,108,56,18
217,516,73,33
218,200,11,53
219,619,4,62
220,477,73,7
221,509,6,19
222,437,59,28
223,357,25,10
224,336,70,52
225,574,44,82
226,36,32,26
227,273,19,28
228,177,14,3
229,253,64,55
230,62,9,1
231,881,53,15
232,83,9,67
233,22,49,80
234,219,60,23
235,363,50,3
236,112,25,43
237,973,29,54
238,772,21,8
239,575,65,77
240,809,46,6
241,197,50,47
242,884,20,24
243,466,61,62
244,853,40,14
245,651,30,36
246,946,5,77
247,196,37,70
248,918,49,43
249,661,67,8
250,45,19,27
251,546,12,17
252,376,19,2
253,620,56,3
254,985,12,31
255,158,19,53
256,714,60,26
257,334,47,12
258,644,44,81
259,522,37,68
260,518,73,27
261,396,27,43
262,36,42,46
263,873,69,58
264,928,49,35
265,418,15,38
266,411,0,26
267,16,45,1
268,559,44,18
269,459,18,35
270,642,47,48
271,917,10,59
272,479,65,30
273,565,6,67
274,286,45,21
275,848,26,72
276,901,40,84
277,94,64,9
278,919,42,2
279,996,41,16
280,986,6,19
281,933,34,33
282,88,45,74
283,121,13,60
284,3,10,73
285,71,18,20
286,834,10,76
287,5,48,56
288,566,26,15
289,511,5,28
290,66,38,78
291,396,30,69
292,896,25,42
293,657,21,39
294,201,56,77
295,805,74,63
296,536,16,78
297,860,32,18
298,439,33,8
299,185,3,65
300,556,36,55
301,194,43,21
302,366,50,27
303,903,63,12
304,369,71,44
305,697,15,59
306,792,43,43
307,849,58,75
308,666,4,1
309,161,1,24
310,977,12,81
311,803,61,56
312,571,30,67
313,721,72,58
314,21,32,5
315,528,13,20
316,962,32,79
317,860,40,5
318,875,9,18
319,923,41,7
320,514,5,39
321,66,47,65
322,974,13,27
323,132,54,8
324,901,66,40
325,833,17,77
326,28,43,9
327,727,6,41
328,139,48,18
329,704,34,31
330,310,0,16
331,161,41,67
332,449,6,81
333,243,37,39
334,742,45,77
335,370,41,70
336,118,41,33
337,483,27,48
338,663,41,64
339,325,29,39
340,627,6,35
341,547,2,4
342,941,46,47
343,677,65,12
344,827,54,46
345,763,47,63
346,13,73,44
347,241,11,67
348,956,53,9
349,384,13,10
350,798,52,36
351,712,38,79
352,191,66,33
353,209,43,10
354,953,37,17
355,970,56,4
356,92,56,9
357,52,64,36
358,870,44,2
359,390,11,47
360,963,48,75
361,251,47,57
362,413,65,60
363,897,50,79
364,651,38,68
365,63,15,60
366,502,38,84
367,791,13,1
368,410,11,69
369,375,28,56
370,10,35,84
371,940,21,59
372,65,5,68
373,676,49,30
374,746,67,80
375,805,53,11
376,265,55,54
377,840,25,35
378,420,18,70
379,312,61,35
380,603,58,66
381,386,17,71
382,724,53,40
383,808,4,49
384,549,5,65
385,549,2,58
386,127,6,73
387,728,57,34
388,403,9,17
389,372,72,66
390,674,31,16
391,975,24,25
392,173,68,67
393,32,31,75
394,97,23,81
395,721,39,71
396,614,2,17
397,279,73,2
398,208,7,67
399,812,75,28
400,465,16,23
401,176,19,51
402,941,27,43
403,471,47,66
404,793,51,26
405,653,47,37
406,207,12,31
407,367,18,17
408,677,14,28
409,555,17,47
410,666,30,24
411,260,49,23
412,427,17,66
413,889,19,29
414,455,44,40
415,24,36,39
416,144,15,36
417,295,61,18
418,555,5,20
419,622,24,54
420,925,37,16
421,136,33,5
422,878,19,43
423,731,19,70
424,672,65,74
425,499,44,11
426,934,12,74
427,589,46,27
428,742,68,77
429,306,25,81
430,91,69,22
431,210,20,3
432,190,49,78
433,676,32,74
434,786,31,59
435,311,5,12
436,257,50,52
437,182,10,2
438,101,12,2
439,41,53,35
440,261,31,65
441,74,68,25
442,93,29,23
443,742,73,83
444,615,34,62
445,110,64,83
446,305,49,18
447,992,18,24
448,169,50,32
449,686,74,65
450,868,70,44
451,992,44,28
452,193,44,62
453,347,29,59
454,537,20,49
455,434,21,17
456,536,17,58
457,481,20,33
458,153,0,11
459,348,41,66
460,373,0,24
461,316,24,72
462,388,28,4
463,129,30,22
464,215,18,74
465,783,39,3
466,143,66,72
467,905,31,40
468,249,19,72
469,275,42,45
470,728,18,33
471,516,70,57
472,711,21,57
473,111,25,11
474,104,63,45
475,657,17,4
476,879,43,55
477,778,55,46
478,697,39,1
479,804,2,31
480,432,17,78
481,504,36,52
482,661,11,25
483,797,1,14
484,908,52,33
485,528,48,2
486,796,26,21
487,246,3,21
488,7,15,32
489,935,62,62
490,377,33,52
491,410,36,64
492,349,64,43
493,933,25,32
494,642,40,12
495,338,35,56
496,859,50,34
497,644,47,61
498,948,25,8
499,371,35,70
500,189,60,79
501,832,41,68
502,111,34,48
503,794,30,77
504,637,40,81
505,449,65,61
506,828,48,59
507,62,63,47
508,574,74,24
509,766,60,76
510,87,24,20
511,970,75,17
512,621,38,35
513,700,59,10
514,5,19,42
515,89,47,75
516,537,55,67
517,144,8,38
518,154,61,52
519,573,2,53
520,40,1,17
521,579,74,81
522,304,30,51
523,210,57,58
524,583,13,1
525,64,30,65
526,695,50,4
527,333,21,64
528,623,34,49
529,862,71,56
530,126,14,21
531,603,33,23
532,123,0,1
533,149,41,42
534,474,52,16
535,790,39,82
536,490,41,4
537,809,14,10
538,456,52,16
539,357,45,3
540,628,27,2
541,4,65,31
542,510,23,67
543,766,15,12
544,471,40,4
545,982,41,40
546,387,7,65
547,223,67,63
548,984,35,71
549,175,15,13
550,370,42,24
551,607,41,33
552,169,10,80
553,359,55,43
554,386,37,23
555,834,31,60
556,765,5,47
557,929,27,31
558,956,26,30
559,818,37,9
560,730,70,63
561,169,4,40
562,385,24,6
563,852,70,1
564,366,31,62
565,752,52,81
566,152,36,11
567,54,25,22
568,620,48,37
569,657,21,74
570,817,67,4
571,431,59,80
572,502,20,80
573,891,31,70
574,715,65,57
575,797,68,46
576,117,7,74
577,711,73,35
578,505,28,35
579,481,61,61
580,166,49,80
581,577,20,71
582,376,45,67
583,379,44,23
584,296,10,16
585,864,58,72
586,269,23,80
587,571,1,45
588,753,5,37
589,68,17,42
590,684,58,28
591,35,2,52
592,937,5,29
593,480,31,5
594,514,14,20
595,757,62,6
596,608,14,5
597,923,60,63
598,755,29,36
599,428,60,42
600,597,67,68
601,728,73,75
602,307,1,12
603,132,24,48
604,148,37,78
605,71,29,76
606,697,69,3
607,493,43,55
608,171,10,16
609,587,13,4
610,868,37,35
611,883,73,20
612,209,63,30
613,221,70,42
614,648,46,40
615,785,16,33
616,849,56,14
617,755,21,14
618,129,19,80
619,21,41,77
620,200,44,46
621,999,71,11
622,802,3,27
623,899,59,73
624,769,42,75
625,628,75,4
626,880,35,32
627,486,13,81
628,367,41,45
629,630,57,38
630,54,45,63
631,587,11,14
632,958,60,5
633,824,27,9
634,316,27,67
635,935,38,6
636,398,13,25
637,105,38,82
638,902,20,64
639,254,13,25
640,803,62,10
641,713,53,57
642,922,42,14
643,287,65,77
644,731,8,76
645,549,26,10
646,879,75,75
647,567,60,34
648,73,17,66
649,820,58,40
650,884,72,30
651,114,45,83
652,858,46,81
653,919,36,50
654,195,58,19
655,454,19,61
656,675,9,13
657,738,47,69
658,775,11,62
659,856,34,72
660,611,6,56
661,93,3,73
662,591,20,8
663,712,75,76
664,981,9,75
665,715,19,26
666,496,21,63
667,424,14,82
668,604,52,38
669,289,36,36
670,732,38,14
671,87,2,25
672,68,41,38
673,595,0,21
674,658,20,10
675,636,35,77
676,77,26,63
677,563,53,81
678,661,56,38
679,442,36,38
680,77,7,36
681,155,25,63
682,83,0,28
683,776,70,12
684,800,28,64
685,702,23,31
686,582,16,57
687,468,74,30
688,449,34,54
689,946,59,26
690,871,48,53
691,130,22,27
692,168,44,55
693,279,0,22
694,822,71,82
695,482,24,57
696,972,46,57
697,789,21,16
698,354,25,10
699,328,66,38
700,941,28,6
701,334,58,12
702,536,49,36
703,670,32,72
704,979,49,16
705,472,18,40
706,433,34,14
707,289,62,84
708,956,19,73
709,742,38,20
710,791,19,44
711,828,44,14
712,359,3,32
713,818,64,40
714,334,55,5
715,57,34,76
716,336,26,70
717,458,63,84
718,537,50,23
719,21,55,22
720,912,61,65
721,376,56,33
722,245,2,80
723,336,64,4
724,631,61,35
725,600,65,2
726,427,8,44
727,380,61,51
728,951,17,34
729,845,70,45
730,38,73,79
731,174,56,11
732,234,1,66
733,105,64,66
734,161,51,83
735,27,70,48
736,880,36,40
737,448,11,74
738,370,29,19
739,307,33,33
740,296,63,3
741,830,60,59
742,736,10,44
743,373,6,33
744,558,38,60
745,680,69,46
746,91,28,66
747,183,35,61
748,708,61,30
749,554,19,35
750,95,58,58
751,241,11,75
752,71,11,37
753,479,75,59
754,151,57,22
755,422,32,83
756,891,35,75
757,984,61,43
758,432,64,76
759,185,17,39
760,143,23,58
761,641,63,1
762,555,42,44
763,119,52,44
764,789,22,17
765,374,3,45
766,604,65,52
767,359,32,33
768,437,7,61
769,856,35,27
770,626,73,46
771,43,49,78
772,640,23,12
773,799,21,16
774,246,50,82
775,890,71,13
776,411,35,62
777,250,45,2
778,591,61,13
779,139,68,40
780,153,41,33
781,23,24,7
782,44,27,78
783,935,1,68
784,174,39,38
785,615,60,5
786,679,38,12
787,256,68,5
788,681,74,26
789,33,60,22
790,552,45,32
791,676,67,24
792,102,38,3
793,32,0,8
794,935,5,83
795,600,75,76
796,752,1,26
797,996,0,70
798,392,60,76
799,674,20,57
800,751,7,82
801,898,50,69
802,509,48,51
803,223,39,39
804,191,45,4
805,657,56,67
806,512,67,32
807,166,38,40
808,867,14,48
809,559,71,28
810,731,49,59
811,536,7,1
812,996,43,33
813,858,50,16
814,408,12,61
815,467,16,37
816,353,48,73
817,744,53,11
818,895,55,65
819,486,53,52
820,901,47,74
821,43,6,37
822,587,13,44
823,988,62,58
824,923,61,42
825,32,31,39
826,208,47,75
827,260,34,52
828,183,40,39
829,367,17,65
830,191,17,60
831,52,31,63
832,200,66,12
833,791,1,43
834,401,59,68
835,570,58,4
836,308,54,83
837,126,69,42
838,893,51,42
839,124,74,52
840,728,28,49
841,139,7,53
842,541,66,63
843,929,64,68
844,215,68,39
845,750,46,38
846,57,13,56
847,488,19,37
848,137,55,77
849,898,42,27
850,609,49,23
851,170,32,10
852,974,28,24
853,608,36,24
854,411,58,25
855,305,4,67
856,970,12,20
857,669,39,39
858,310,43,11
859,426,5,9
860,736,33,59
861,782,10,47
862,263,27,35
863,82,30,76
864,325,4,82
865,449,25,82
866,671,74,35
867,3,71,18
868,569,68,30
869,615,73,31
870,912,68,24
871,538,53,19
872,336,3,22
873,142,32,57
874,941,4,17
875,947,53,26
876,556,55,77
877,178,25,56
878,4,14,40
879,817,60,65
880,867,71,29
881,410,36,38
882,320,63,57
883,218,45,25
884,414,17,5
885,318,39,22
886,236,55,14
887,136,16,39
888,391,39,13
889,958,15,70
890,966,25,49
891,798,59,6
892,587,50,73
893,299,11,70
894,663,20,32
895,3,6,35
896,473,69,38
897,390,12,31
898,812,58,30
899,605,31,62
900,734,36,75
901,462,5,46
902,679,51,37
903,16,41,24
904,21,23,21
905,284,17,43
906,751,61,28
907,328,74,12
908,898,6,46
909,760,22,1
910,785,47,25
911,839,0,62
912,685,71,21
913,289,34,42
914,924,10,61
915,652,50,42
916,494,8,48
917,333,63,46
918,8,5,32
919,909,40,62
920,993,32,37
921,929,22,42
922,810,70,1
923,926,14,23
924,927,18,53
925,475,57,79
926,221,63,7
927,340,11,3
928,221,39,8
929,677,19,52
930,14,0,72
931,263,48,54
932,940,18,1
933,724,19,75
934,982,34,45
935,382,8,15
936,561,52,26
937,619,75,61
938,237,0,48
939,312,60,72
940,603,65,4
941,246,63,36
942,784,10,62
943,548,53,58
944,530,74,60
945,655,24,48
946,573,44,17
947,482,66,12
948,362,3,80
949,926,42,40
950,729,73,38
951,764,66,25
952,311,45,40
953,533,4,81
954,354,34,48
955,53,48,72
956,456,72,24
957,136,65,34
958,432,22,61
959,915,59,28
960,615,59,29
961,544,38,3
962,316,29,49
963,223,21,77
964,988,2,83
965,943,38,19
966,118,45,31
967,777,33,52
968,538,0,63
969,991,38,22
970,94,24,2
971,802,55,4
972,360,43,21
973,256,13,30
974,37,4,84
975,583,62,34
976,550,27,8
977,860,67,65
978,348,5,45
979,22,71,27
980,863,20,12
981,896,17,35
982,588,68,74
983,896,68,44
984,58,20,64
985,425,50,15
986,699,39,50
987,390,31,62
988,578,14,43
989,750,71,50
990,468,49,30
991,699,41,47
992,338,68,19
993,51,39,79
994,710,52,7
995,6,33,50
996,880,35,21
997,801,44,28
998,898,61,82
999,356,74,73
1000,221,29,27
1001,882,44,24
1002,140,21,24
1003,411,35,47
1004,245,25,80
1005,736,54,37
1006,465,65,36
1007,333,9,36
1008,553,31,21
1009,470,74,75
1010,459,59,52
1011,733,20,52
1012,188,68,21
1013,411,42,33
1014,353,26,46
1015,720,41,80
1016,288,61,25
1017,107,66,10
1018,566,26,53
1019,594,15,72
1020,940,61,71
1021,128,45,75
1022,151,24,7
1023,52,6,49
1024,880,31,72
1025,345,30,33
1026,156,22,71
1027,840,72,33
1028,549,14,71
1029,182,43,54
1030,445,39,16
1031,911,30,61
1032,109,60,46
1033,884,31,76
1034,292,38,27
1035,283,62,22
1036,592,5,52
1037,34,40,68
1038,646,69,22
1039,980,62,18
1040,505,34,41
1041,384,28,63
1042,349,20,47
1043,234,63,59
1044,153,3,1
1045,108,1,4
1046,521,40,61
1047,680,45,70
1048,339,66,79
1049,417,69,57
1050,506,10,31
1051,602,25,27
1052,776,9,35
1053,882,2,63
1054,324,27,74
1055,981,54,51
1056,196,38,32
1057,476,1,37
1058,13,31,20
1059,651,67,1
1060,275,16,35
1061,329,69,53
1062,723,44,70
1063,270,2,5
1064,852,49,60
1065,113,45,46
1066,983,20,28
1067,406,28,13
1068,415,16,68
1069,6,71,4
1070,158,9,4
1071,377,34,70
1072,749,36,46
1073,270,37,68
1074,174,40,22
1075,965,48,75
1076,750,19,64
1077,401,52,44
1078,949,58,4
1079,29,43,59
1080,112,33,17
1081,351,5,27
1082,700,33,75
1083,934,18,25
1084,285,56,25
1085,782,52,62
1086,701,30,61
1087,940,58,9
1088,975,47,68
1089,170,27,3
1090,177,38,24
1091,621,64,37
1092,479,72,10
1093,177,73,9
1094,337,25,81
1095,810,55,73
1096,707,71,71
1097,363,2,62
1098,535,60,13
1099,638,33,32
1100,325,69,38
1101,456,25,74
1102,409,43,42
1103,930,8,27
1104,290,32,13
1105,366,21,20
1106,419,39,39
1107,901,13,45
1108,214,72,81
1109,658,17,66
1110,909,13,56
1111,430,65,69
1112,924,9,1
1113,441,46,53
1114,564,60,77
1115,280,29,15
1116,371,23,10
1117,889,56,80
1118,773,65,20
1119,997,7,65
1120,434,75,7
1121,261,21,36
1122,450,60,17
1123,830,36,3
1124,226,39,39
1125,30,50,41
1126,348,48,76
1127,238,44,48
1128,413,40,18
1129,760,36,41
1130,268,22,60
1131,910,34,73
1132,493,71,25
1133,129,8,42
1134,44,21,21
1135,878,67,60
1136,350,46,8
1137,526,43,73
1138,361,27,1
1139,718,70,82
1140,254,38,44
1141,582,35,26
1142,426,68,50
1143,767,68,34
1144,692,23,68
1145,116,9,63
1146,319,38,29
1147,727,59,61
1148,523,24,28
1149,831,41,31
1150,1000,59,53
1151,815,32,56
1152,185,57,72
1153,910,27,37
1154,171,70,72
1155,194,30,49
1156,360,0,52
1157,17,18,67
1158,401,4,59
1159,628,31,45
1160,458,42,20
1161,158,17,44
1162,990,65,21
1163,445,46,57
1164,5,28,23
1165,713,50,65
1166,445,57,30
1167,904,65,8
1168,615,57,73
1169,585,17,12
1170,237,58,74
1171,472,24,51
1172,223,25,8
1173,268,53,78
1174,20,42,39
1175,522,14,1
1176,891,10,66
1177,148,70,52
1178,315,24,57
1179,619,64,26
1180,538,65,29
1181,128,40,33
1182,498,23,10
1183,538,70,71
1184,803,73,81
1185,465,58,31
1186,421,40,6
1187,327,35,56
1188,550,62,40
1189,842,4,12
1190,184,74,57
1191,680,73,70
1192,192,2,49
1193,61,19,15
1194,379,34,64
1195,560,14,10
1196,610,11,83
1197,327,5,62
1198,318,2,36
1199,197,59,77
1200,549,42,67
1201,609,25,80
1202,554,64,38
1203,254,16,34
1204,680,27,56
1205,851,62,18
1206,289,75,1
1207,235,18,74
1208,836,35,72
1209,760,16,56
1210,976,8,6
1211,670,16,76
1212,321,38,44
1213,130,63,49
1214,283,11,28
1215,582,1,66
1216,196,61,61
1217,544,19,63
1218,602,3,39
1219,269,74,71
1220,740,9,43
1221,550,66,51
1222,377,74,37
1223,764,35,9
1224,68,62,20
1225,75,51,45
1226,288,18,51
1227,373,50,38
1228,303,15,21
1229,749,7,39
1230,611,71,80
1231,85,36,2
1232,132,4,8
1233,304,71,8
1234,208,27,34
1235,875,49,13
1236,804,65,48
1237,338,13,50
1238,7,47,9
1239,1000,8,80
1240,426,46,63
1241,966,51,7
1242,583,22,67
1243,655,13,35
1244,958,13,82
1245,127,47,67
1246,95,42,12
1247,410,59,61
1248,615,74,21
1249,959,57,57
1250,415,38,67
1251,73,27,10
1252,132,30,16
1253,670,28,42
1254,452,13,7
1255,897,47,14
1256,80,29,65
1257,991,27,40
1258,300,73,18
1259,12,64,19
1260,228,6,78
1261,206,46,25
1262,736,69,67
1263,947,35,3
1264,440,14,8
1265,478,51,27
1266,232,58,77
1267,208,40,76
1268,743,11,69
1269,845,50,25
1270,863,73,59
1271,224,7,70
1272,245,54,59
1273,507,8,10
1274,18,36,1
1275,85,45,68
1276,836,52,26
1277,716,71,54
1278,487,70,2
1279,411,2,16
1280,152,60,26
1281,122,12,9
1282,747,20,19
1283,158,54,27
1284,23,23,31
1285,147,16,37
1286,130,63,57
1287,51,14,29
1288,901,32,75
1289,978,54,45
1290,997,25,1
1291,834,71,57
1292,46,57,73
1293,720,38,28
1294,155,65,51
1295,437,15,63
1296,397,17,6
1297,618,35,40
1298,306,51,32
1299,204,16,47
1300,860,57,24
1301,136,2,63
1302,257,44,65
1303,817,51,83
1304,972,65,48
1305,443,62,80
1306,313,54,37
1307,771,51,24
1308,530,48,12
1309,78,55,84
1310,528,74,41
1311,679,30,80
1312,654,10,36
1313,902,34,11
1314,228,38,33
1315,8,28,47
1316,739,36,5
1317,551,66,45
1318,494,72,25
1319,821,53,21
1320,861,52,31
1321,609,62,13
1322,252,35,23
1323,483,12,6
1324,78,64,32
1325,486,11,24
1326,848,53,40
1327,856,55,3
1328,184,68,35
1329,433,69,40
1330,157,73,20
1331,919,17,42
1332,856,41,82
1333,222,35,74
1334,891,24,62
1335,130,41,5
1336,85,28,66
1337,69,40,69
1338,499,67,38
1339,609,67,23
1340,476,51,64
1341,627,18,77
1342,740,57,14
1343,173,26,34
1344,827,9,62
1345,576,70,4
1346,485,43,72
1347,586,55,60
1348,783,37,12
1349,920,61,75
1350,818,28,63
1351,337,6,1
1352,789,73,70
1353,723,38,80
1354,676,64,37
1355,373,3,12
1356,300,19,27
1357,8,45,38
1358,999,59,83
1359,810,54,72
1360,225,55,84
1361,751,27,10
1362,307,35,19
1363,748,73,61
1364,647,12,45
1365,544,73,69
1366,623,8,56
1367,265,31,69
1368,538,30,48
1369,996,11,34
1370,543,43,41
1371,358,41,52
1372,715,7,16
1373,57,14,29
1374,558,29,78
1375,394,60,59
1376,142,26,15
1377,638,62,15
1378,466,11,77
1379,762,2,84
1380,795,64,72
1381,384,45,13
1382,215,11,33
1383,430,35,75
1384,399,36,4
1385,148,2,24
1386,50,11,22
1387,756,24,20
1388,274,70,55
1389,250,11,41
1390,550,53,5
1391,45,24,30
1392,837,43,81
1393,233,68,49
1394,332,38,77
1395,779,41,43
1396,119,14,11
1397,972,26,79
1398,308,63,61
1399,310,21,4
1400,679,62,26
1401,955,18,38
1402,145,22,9
1403,17,51,78
1404,629,14,64
1405,890,0,42
1406,840,10,28
1407,30,10,78
1408,393,61,34
1409,449,54,15
1410,609,68,17
1411,18,15,27
1412,763,31,13
1413,60,51,48
1414,337,36,38
1415,344,53,27
1416,877,28,77
1417,689,50,3
1418,182,6,72
1419,631,58,47
1420,989,50,3
1421,805,51,34
1422,123,42,81
1423,780,33,13
1424,7,33,1
1425,841,36,82
1426,707,53,82
1427,723,69,56
1428,566,2,38
1429,189,25,5
1430,607,5,43
1431,498,6,51
1432,815,16,65
1433,408,27,6
1434,940,46,39
1435,744,70,51
1436,709,56,48
1437,26,74,49
1438,374,59,52
1439,847,12,41
1440,247,2,74
1441,478,39,80
1442,612,30,1
1443,60,37,56
1444,881,36,38
1445,763,63,28
1446,49,19,8
1447,969,40,11
1448,209,41,78
1449,304,28,34
1450,884,58,45
1451,290,47,72
1452,677,46,22
1453,169,53,19
1454,897,69,71
1455,866,7,10
1456,270,56,41
1457,165,56,78
1458,275,16,47
1459,165,0,31
1460,374,47,30
1461,158,28,45
1462,718,9,40
1463,515,37,77
1464,310,65,35
1465,40,47,78
1466,802,24,2
1467,654,36,22
1468,271,23,19
1469,82,59,39
1470,228,64,42
1471,661,58,15
1472,210,35,36
1473,485,9,65
1474,545,34,27
1475,271,54,6
1476,425,11,66
1477,758,60,6
1478,536,47,45
1479,670,12,8
1480,112,75,53
1481,97,68,11
1482,915,37,38
1483,242,1,67
1484,951,57,78
1485,937,64,12
1486,418,44,83
1487,663,53,83
1488,540,28,42
1489,621,45,10
1490,420,60,14
1491,312,29,38
1492,806,71,47
1493,971,61,72
1494,322,19,25
1495,519,43,65
1496,954,12,57
1497,428,58,43
1498,946,65,3
1499,780,13,37
1500,361,5,57
1501,566,44,18
1502,463,70,62
1503,557,24,51
1504,684,25,6
1505,389,15,37
1506,941,48,25
1507,470,15,71
1508,732,37,56
1509,262,40,26
1510,730,20,27
1511,951,70,71
1512,668,28,1
1513,149,25,18
1514,635,60,19
1515,428,40,43
1516,464,45,11
1517,512,42,51
1518,234,9,72
1519,874,6,76
1520,699,48,68
1521,129,14,22
1522,179,69,15
1523,952,58,48
1524,473,72,24
1525,711,40,9
1526,889,35,26
1527,608,55,84
1528,998,36,61
1529,5,61,79
1530,408,51,7
1531,567,43,25
1532,401,6,27
1533,371,25,69
1534,386,49,33
1535,777,59,5
1536,285,56,65
1537,498,27,64
1538,293,20,32
1539,697,56,22
1540,324,39,13
1541,902,65,77
1542,439,69,27
1543,897,63,76
1544,129,72,69
1545,121,37,68
1546,302,57,28
1547,134,43,47
1548,129,35,83
1549,872,60,43
1550,941,47,82
1551,682,60,56
1552,574,38,69
1553,500,66,13
1554,707,34,13
1555,723,63,10
1556,554,24,8
1557,794,45,75
1558,48,29,38
1559,315,28,2
1560,949,13,81
1561,7,50,30
1562,406,47,84
1563,546,10,15
1564,150,56,57
1565,955,6,32
1566,88,11,28
1567,483,52,65
1568,989,20,82
1569,251,10,63
1570,964,2,72
1571,101,68,38
1572,266,29,37
1573,897,47,7
1574,891,48,23
1575,728,14,29
1576,527,14,44
1577,295,44,17
1578,459,41,73
1579,501,11,83
1580,291,14,9
1581,122,22,10
1582,27,19,59
1583,875,16,54
1584,221,62,51
1585,419,41,17
1586,543,48,47
1587,498,30,64
1588,726,48,13
1589,330,72,16
1590,624,70,74
1591,909,55,57
1592,542,17,76
1593,224,19,4
1594,558,11,23
1595,988,33,60
1596,524,63,60
1597,551,21,10
1598,902,50,59
1599,270,20,75
1600,553,15,38
1601,66,39,13
1602,614,40,43
1603,110,48,30
1604,153,33,26
1605,635,60,7
1606,635,67,3
1607,30,25,52
1608,764,22,2
1609,646,11,10
1610,528,47,30
1611,997,25,25
1612,230,26,6
1613,252,27,30
1614,937,28,63
1615,858,46,71
1616,785,48,70
1617,611,22,24
1618,834,73,78
1619,179,38,30
1620,329,5,25
1621,610,46,50
1622,578,19,33
1623,127,18,8
1624,832,46,64
1625,250,72,51
1626,368,52,27
1627,62,50,53
1628,233,59,10
1629,430,21,40
1630,275,65,50
1631,320,38,32
1632,333,72,43
1633,577,10,37
1634,513,38,43
1635,644,67,47
1636,958,23,11
1637,89,48,61
1638,769,16,80
1639,411,41,26
1640,714,60,35
1641,855,59,50
1642,830,47,54
1643,572,8,52
1644,332,28,70
1645,47,75,2
1646,277,61,1
1647,808,33,49
1648,248,13,5
1649,136,15,66
1650,297,1,54
1651,763,35,77
1652,144,29,13
1653,665,16,61
1654,805,32,21
1655,98,14,76
1656,91,6,69
1657,503,29,66
1658,451,13,76
1659,463,0,23
1660,969,44,32
1661,594,58,24
1662,11,6,29
1663,551,50,1
1664,791,66,61
1665,947,16,39
1666,662,58,66
1667,599,5,23
1668,844,55,12
1669,167,14,68
1670,34,14,8
1671,453,39,31
1672,632,73,17
1673,752,59,59
1674,385,49,2
1675,509,27,38
1676,228,9,40
1677,113,55,53
1678,675,30,37
1679,163,57,39
1680,710,74,77
1681,318,22,40
1682,396,58,2
1683,792,29,57
1684,818,13,15
1685,631,58,58
1686,680,41,11
1687,56,13,26
1688,908,51,81
1689,744,61,42
1690,970,75,12
1691,962,44,66
1692,610,43,16
1693,627,62,58
1694,563,15,19
1695,561,62,45
1696,567,65,6
1697,241,8,7
1698,887,64,27
1699,995,59,76
1700,436,25,55
1701,891,50,51
1702,516,23,54
1703,592,33,36
1704,573,4,12
1705,843,44,26
1706,912,2,67
1707,709,7,12
1708,348,69,76
1709,854,7,43
1710,37,14,76
1711,312,44,39
1712,642,27,58
1713,776,38,48
1714,503,62,24
1715,994,21,80
1716,231,4,23
1717,894,52,70
1718,389,27,79
1719,272,28,46
1720,990,9,8
1721,514,0,20
1722,804,61,59
1723,821,52,62
1724,840,67,36
1725,127,44,41
1726,891,47,81
1727,401,20,74
1728,898,32,65
1729,916,11,82
1730,153,16,71
1731,692,73,3
1732,127,64,12
1733,621,45,69
1734,118,64,36
1735,190,35,12
1736,678,33,19
1737,847,45,83
1738,756,34,43
1739,456,9,58
1740,97,37,3
1741,771,12,32
1742,85,54,17
1743,33,38,14
1744,741,4,70
1745,712,29,37
1746,643,74,38
1747,414,36,7
1748,268,75,13
1749,299,67,50
1750,424,55,75
1751,338,50,11
1752,554,66,45
1753,226,30,24
1754,175,70,8
1755,888,25,29
1756,549,16,3
1757,342,29,52
1758,725,24,39
1759,889,34,26
1760,455,26,54
1761,573,15,20
1762,936,0,54
1763,372,45,41
1764,151,75,47
1765,94,3,65
1766,390,15,21
1767,717,8,58
1768,920,44,50
1769,106,5,37
1770,436,51,35
1771,301,39,82
1772,528,26,3
1773,497,22,60
1774,945,64,16
1775,964,6,23
1776,912,27,30
1777,136,67,74
1778,697,10,79
1779,214,24,12
1780,690,23,47
1781,196,3,6
1782,422,30,25
1783,624,2,63
1784,675,75,59
1785,102,74,17
1786,144,25,5
1787,349,52,68
1788,59,0,3
1789,349,1,59
1790,460,15,6
1791,198,6,65
1792,487,7,3
1793,911,2,81
1794,545,69,48
1795,188,54,74
1796,932,54,11
1797,224,6,47
1798,724,12,27
1799,54,56,1
1800,672,51,4
1801,13,64,70
1802,377,59,66
1803,995,17,36
1804,11,38,41
1805,723,49,8
1806,444,56,2
1807,87,12,8
1808,433,75,57
1809,236,12,57
1810,356,47,65
1811,835,35,81
1812,868,71,68
1813,877,49,10
1814,189,63,48
1815,773,21,33
1816,788,73,17
1817,377,47,9
1818,241,71,72
1819,437,10,40
1820,313,1,55
1821,681,31,78
1822,90,31,45
1823,729,7,42
1824,806,55,66
1825,921,16,35
1826,205,51,64
1827,998,48,39
1828,818,12,43
1829,742,64,61
1830,821,32,51
1831,432,61,58
1832,233,46,65
1833,602,62,9
1834,883,68,12
1835,440,24,72
1836,643,73,24
1837,638,42,40
1838,513,35,84
1839,699,52,40
1840,783,45,8
1841,825,60,53
1842,955,40,43
1843,95,73,46
1844,123,12,66
1845,227,55,70
1846,530,73,3
1847,821,19,49
1848,180,75,45
1849,143,25,61
1850,202,47,10
1851,966,8,30
1852,818,58,71
1853,849,48,48
1854,786,47,48
1855,787,33,8
1856,772,38,1
1857,299,39,52
1858,715,6,71
1859,839,45,56
1860,412,66,68
1861,253,59,72
1862,499,9,82
1863,29,21,34
1864,444,22,21
1865,980,4,14
1866,427,7,81
1867,75,13,76
1868,915,4,78
1869,809,14,47
1870,457,69,62
1871,640,46,41
1872,887,4,82
1873,152,16,55
1874,529,47,49
1875,846,66,41
1876,679,36,17
1877,207,47,22
1878,306,57,18
1879,804,49,5
1880,546,5,42
1881,383,64,52
1882,632,66,24
1883,813,41,68
1884,776,6,64
1885,952,55,14
1886,129,53,51
1887,781,56,10
1888,558,9,63
1889,824,28,72
1890,120,66,10
1891,209,68,62
1892,345,63,9
1893,376,32,54
1894,332,55,64
1895,7,18,55
1896,380,18,45
1897,878,62,25
1898,927,12,26
1899,441,23,43
1900,581,66,37
1901,802,42,25
1902,95,30,49
1903,995,34,57
1904,5,69,64
1905,4,31,34
1906,839,18,45
1907,539,52,31
1908,959,26,55
1909,460,31,6
1910,494,39,16
1911,958,72,39
1912,235,42,41
1913,307,33,7
1914,339,25,84
1915,754,24,43
1916,855,70,22
1917,771,20,26
1918,634,6,20
1919,352,38,67
1920,398,7,30
1921,593,13,38
1922,147,15,73
1923,756,49,54
1924,794,55,79
1925,946,44,39
1926,568,18,74
1927,393,13,58
1928,298,30,17
1929,562,5,15
1930,624,38,50
1931,770,43,35
1932,799,33,34
1933,159,24,51
1934,492,6,18
1935,506,15,78
1936,205,54,53
1937,778,51,74
1938,411,12,40
1939,767,25,49
1940,953,61,64
1941,463,38,55
1942,957,72,60
1943,671,27,33
1944,909,54,63
1945,363,0,22
1946,784,24,80
1947,28,45,3
1948,217,39,68
1949,984,74,37
1950,33,66,66
1951,112,8,8
1952,166,65,33
1953,693,71,80
1954,449,43,34
1955,875,9,14
1956,620,57,58
1957,604,68,67
1958,866,73,15
1959,409,24,45
1960,442,20,79
1961,939,7,4
1962,671,28,17
1963,787,13,68
1964,446,45,79
1965,139,72,69
1966,429,31,70
1967,166,54,6
1968,129,72,35
1969,783,4,28
1970,839,61,32
1971,657,60,68
1972,996,70,20
1973,516,72,33
1974,239,33,51
1975,722,23,51
1976,678,59,14
1977,243,73,17
1978,444,65,61
1979,147,75,45
1980,686,41,7
1981,93,29,7
1982,184,49,13
1983,772,44,53
1984,252,71,38
1985,74,36,1
1986,112,41,77
1987,690,67,74
1988,410,30,55
1989,138,36,74
1990,634,17,51
1991,692,26,60
1992,898,69,25
1993,626,8,82
1994,662,56,49
1995,99,13,1
1996,780,61,6
1997,132,62,5
1998,321,27,3
1999,179,44,36
2000,488,41,1
2001,734,5,15
2002,277,26,61
2003,114,24,29
2004,111,69,37
2005,803,60,47
2006,967,35,24
2007,280,54,26
2008,984,54,21
2009,874,8,69
2010,97,23,6
2011,42,64,47
2012,448,8,70
2013,204,73,42
2014,729,75,55
2015,977,25,67
2016,23,51,74
2017,978,42,24
2018,883,5,34
2019,795,3,70
2020,907,55,37
2021,149,44,25
2022,563,12,54
2023,752,59,15
2024,341,11,35
2025,992,48,32
2026,802,14,8
2027,904,4,46
2028,75,62,28
2029,341,21,39
2030,526,75,70
2031,823,39,39
2032,611,10,83
2033,872,73,10
2034,719,58,58
2035,965,1,50
2036,60,70,76
2037,675,73,28
2038,737,64,19
2039,580,20,64
2040,78,57,19
2041,679,47,63
2042,777,70,69
2043,819,13,62
2044,9,11,40
2045,426,3,61
2046,47,31,60
2047,246,25,69
2048,2,73,69
2049,196,60,49
2050,327,65,39
2051,949,8,70
2052,563,8,44
2053,731,19,54
2054,557,7,69
2055,380,32,81
2056,193,34,80
2057,852,59,29
2058,556,36,59
2059,437,43,27
2060,833,9,13
2061,919,42,1
2062,573,12,69
2063,700,39,48
2064,525,27,27
2065,470,50,63
2066,146,50,77
2067,965,21,21
2068,953,53,1
2069,143,57,81
2070,818,53,66
2071,702,40,20
2072,530,64,1
2073,726,75,76
2074,814,72,11
2075,448,65,53
2076,759,14,56
2077,439,26,73
2078,735,50,50
2079,352,9,51
2080,780,54,81
2081,401,39,53
2082,461,48,33
2083,577,45,24
2084,128,34,36
2085,318,54,9
2086,582,44,67
2087,409,54,33
2088,354,9,24
2089,323,20,9
2090,754,71,15
2091,478,19,54
2092,118,75,38
2093,246,23,35
2094,209,70,54
2095,589,15,32
2096,501,61,32
2097,796,45,2
2098,788,66,7
2099,727,25,3
2100,811,10,66
2101,153,59,14
2102,158,0,29
2103,355,49,69
2104,470,69,39
2105,315,41,35
2106,42,62,20
2107,705,69,49
2108,798,12,72
2109,353,35,49
2110,423,69,31
2111,789,50,54
2112,202,15,42
2113,122,14,67
2114,478,47,28
2115,45,41,42
2116,491,22,32
2117,102,2,65
2118,934,51,1
2119,45,27,32
2120,405,42,42
2121,119,30,80
2122,368,11,31
2123,269,44,61
2124,67,34,32
2125,323,50,81
2126,328,48,71
2127,231,29,73
2128,531,38,45
2129,663,67,80
2130,59,3,50
2131,528,26,20
2132,575,41,3
2133,357,34,24
2134,582,8,66
2135,717,2,84
2136,78,45,28
2137,408,15,37
2138,413,13,79
2139,889,68,54
2140,540,62,54
2141,438,5,24
2142,425,23,53
2143,1000,11,59
2144,339,44,24
2145,216,33,14
2146,27,34,72
2147,614,69,15
2148,78,49,37
2149,56,57,5
2150,242,29,79
2151,391,38,48
2152,974,38,71
2153,358,57,54
2154,165,63,15
2155,812,30,64
2156,269,40,74
2157,216,49,27
2158,235,26,37
2159,855,42,22
2160,91,55,59
2161,1,41,29
2162,464,26,36
2163,406,51,37
2164,183,15,57
2165,729,2,75
2166,408,31,8
2167,649,10,5
2168,564,16,20
2169,212,18,82
2170,185,40,81
2171,24,36,70
2172,164,43,24
2173,735,68,83
2174,384,3,11
2175,800,43,81
2176,198,55,12
2177,605,27,3
2178,986,14,67
2179,65,21,70
2180,250,14,54
2181,134,53,19
2182,459,40,6
2183,198,15,3
2184,60,50,22
2185,914,13,73
2186,219,10,52
2187,242,7,76
2188,904,52,82
2189,87,36,68
2190,996,1,10
2191,721,34,47
2192,263,8,83
2193,789,41,26
2194,351,48,36
2195,836,30,1
2196,620,4,40
2197,168,17,31
2198,775,65,19
2199,4,27,67
2200,771,14,84
2201,908,6,26
2202,438,9,2
2203,877,21,35
2204,310,51,79
2205,122,10,17
2206,110,33,57
2207,825,24,39
2208,575,26,4
2209,993,70,19
2210,495,24,69
2211,978,40,35
2212,927,49,20
2213,800,1,29
2214,146,63,64
2215,25,12,18
2216,349,29,4
2217,690,18,28
2218,288,32,83
2219,47,33,37
2220,405,55,41
2221,357,41,61
2222,623,39,15
2223,467,43,68
2224,379,16,35
2225,7,40,35
2226,888,53,69
2227,643,58,47
2228,439,13,83
2229,753,75,24
2230,237,27,24
2231,13,7,77
2232,342,65,84
2233,308,15,43
2234,843,30,76
2235,906,24,84
2236,320,7,5
2237,492,74,19
2238,950,52,76
2239,621,44,55
2240,496,60,14
2241,423,48,21
2242,27,65,67
2243,939,8,82
2244,957,31,16
2245,580,28,52
2246,184,75,84
2247,764,3,26
2248,363,28,34
2249,970,32,18
2250,929,32,18
2251,346,54,70
2252,579,49,68
2253,601,71,24
2254,878,71,3
2255,142,39,39
2256,749,74,83
2257,236,17,74
2258,301,63,18
2259,678,13,79
2260,823,17,27
2261,972,58,9
2262,786,52,62
2263,309,64,13
2264,144,66,73
2265,191,71,20
2266,353,59,66
2267,951,39,83
2268,476,7,11
2269,582,33,48
2270,888,7,37
2271,242,7,35
2272,66,4,20
2273,740,4,12
2274,552,31,54
2275,164,25,73
2276,803,46,81
2277,4,32,28
2278,531,32,67
2279,97,45,64
2280,24,12,32
2281,888,41,31
2282,738,50,43
2283,153,29,55
2284,733,33,2
2285,58,72,56
2286,919,51,82
2287,415,74,78
2288,134,52,74
2289,24,64,43
2290,468,3,63
2291,639,6,72
2292,157,28,83
2293,863,12,68
2294,65,56,81
2295,554,58,30
2296,225,44,13
2297,430,58,11
2298,120,19,24
2299,121,26,16
2300,16,21,76
2301,394,43,74
2302,146,23,38
2303,688,41,75
2304,759,41,63
2305,264,23,61
2306,365,43,9
2307,569,29,31
2308,175,56,26
2309,418,36,61
2310,394,15,26
2311,125,37,38
2312,498,34,41
2313,308,13,75
2314,2,3,68
2315,664,54,63
2316,705,54,31
2317,41,26,8
2318,440,45,28
2319,33,70,36
2320,197,47,32
2321,47,55,77
2322,572,41,31
2323,280,48,60
2324,386,73,19
2325,954,36,74
2326,536,12,84
2327,710,61,59
2328,905,72,8
2329,592,36,38
2330,540,41,82
2331,763,47,41
2332,359,54,74
2333,473,69,50
2334,440,31,83
2335,370,24,24
2336,527,11,60
2337,627,69,29
2338,237,41,45
2339,532,33,10
2340,281,48,63
2341,878,58,22
2342,95,8,8
2343,484,40,57
2344,2,31,76
2345,296,44,4
2346,735,75,72
2347,23,57,13
2348,199,1,2
2349,704,44,23
2350,273,60,71
2351,751,6,5
2352,536,44,25
2353,551,63,77
2354,723,52,52
2355,791,8,53
2356,706,42,24
2357,357,32,49
2358,453,23,58
2359,251,42,14
2360,341,50,82
2361,616,72,48
2362,836,51,32
2363,361,41,28
2364,13,19,36
2365,233,49,56
2366,389,63,71
2367,712,71,51
2368,124,24,66
2369,213,38,36
2370,214,54,50
2371,703,17,2
2372,263,29,81
2373,986,37,42
2374,709,37,66
2375,81,29,19
2376,452,13,30
2377,854,64,42
2378,365,11,66
2379,830,23,16
2380,658,68,82
2381,767,71,84
2382,965,21,21
2383,433,70,6
2384,427,39,27
2385,316,11,53
2386,242,70,10
2387,264,32,47
2388,89,36,82
2389,522,13,6
2390,461,6,42
2391,302,5,57
2392,309,5,58
2393,317,73,77
2394,38,55,12
2395,485,14,23
2396,889,16,81
2397,342,63,45
2398,852,75,49
2399,598,0,71
2400,439,44,65
2401,940,33,78
2402,805,2,67
2403,646,70,73
2404,450,32,8
2405,277,16,23
2406,855,68,7
2407,340,33,34
2408,232,69,57
2409,601,34,61
2410,627,44,57
2411,263,31,82
2412,333,7,52
2413,447,53,71
2414,391,42,55
2415,591,75,31
2416,713,9,51
2417,647,24,36
2418,360,44,77
2419,940,0,43
2420,908,42,63
2421,428,40,55
2422,801,60,70
2423,337,63,83
2424,999,45,46
2425,881,47,9
2426,763,55,34
2427,237,53,35
2428,292,0,11
2429,133,15,51
2430,707,54,17
2431,102,9,9
2432,608,66,66
2433,677,30,1
2434,12,48,10
2435,357,16,18
2436,341,10,1
2437,170,70,55
2438,536,61,79
2439,318,37,47
2440,820,4,61
2441,668,49,47
2442,125,8,5
2443,226,40,23
2444,714,47,3
2445,35,11,83
2446,780,67,41
2447,661,13,47
2448,675,24,56
2449,181,10,18
2450,471,61,58
2451,452,25,27
2452,902,1,23
2453,622,66,67
2454,652,71,35
2455,638,45,54
2456,812,9,6
2457,288,1,7
2458,302,15,7
2459,849,35,57
2460,710,50,83
2461,943,5,56
2462,1,2,25
2463,491,47,55
2464,442,18,18
2465,512,55,47
2466,761,38,32
2467,178,37,17
2468,988,2,8
2469,375,54,44
2470,7,36,42
2471,353,10,19
2472,784,43,21
2473,424,65,8
2474,498,74,42
2475,71,57,1
2476,530,10,51
2477,653,15,60
2478,806,11,74
2479,661,21,64
2480,752,55,48
2481,901,56,79
2482,855,31,18
2483,219,15,11
2484,262,40,38
2485,691,59,47
2486,439,24,9
2487,21,52,13
2488,724,69,16
2489,849,74,69
2490,949,73,16
2491,380,26,20
2492,438,28,12
2493,475,67,55
2494,334,52,31
2495,455,3,42
2496,349,5,46
2497,130,22,35
2498,326,13,20
2499,277,14,10
2500,5,18,48
2501,220,45,50
2502,276,47,70
2503,659,65,49
2504,89,30,30
2505,767,48,57
2506,117,69,82
2507,314,74,32
2508,364,3,46
2509,424,35,28
2510,857,7,42
2511,64,22,47
2512,945,45,42
2513,411,47,40
2514,623,59,50
2515,900,30,67
2516,932,50,8
2517,510,7,50
2518,301,75,77
2519,86,50,20
2520,713,6,71
2521,130,34,77
2522,717,22,55
2523,262,0,58
2524,889,51,58
2525,283,58,40
2526,249,74,46
2527,784,11,37
2528,73,59,48
2529,89,21,10
2530,460,61,21
2531,542,3,83
2532,906,11,73
2533,828,12,66
2534,318,13,21
2535,815,43,51
2536,734,75,1
2537,543,58,80
2538,907,66,20
2539,487,42,77
2540,112,37,22
2541,584,42,65
2542,670,35,40
2543,315,63,73
2544,280,52,34
2545,836,46,53
2546,938,31,72
2547,167,57,14
2548,382,55,8
2549,885,25,6
2550,465,49,27
2551,483,56,13
2552,419,6,84
2553,695,56,39
2554,867,11,63
2555,528,74,41
2556,960,15,56
2557,763,45,65
2558,72,55,25
2559,959,43,22
2560,160,16,63
2561,838,50,84
2562,182,12,82
2563,449,66,2
2564,116,28,77
2565,202,47,31
2566,523,30,82
2567,810,8,20
2568,959,23,51
2569,875,21,62
2570,396,60,50
2571,283,25,32
2572,174,34,73
2573,35,47,43
2574,884,6,16
2575,352,23,63
2576,922,25,26
2577,883,59,18
2578,754,73,10
2579,916,63,3
2580,254,70,4
2581,583,8,37
2582,387,9,28
2583,83,19,63
2584,717,18,49
2585,508,33,52
2586,631,2,66
2587,44,33,61
2588,861,2,18
2589,506,74,1
2590,937,3,75
2591,312,33,48
2592,172,63,41
2593,699,45,53
2594,693,2,43
2595,269,21,1
2596,981,15,43
2597,350,30,80
2598,186,59,47
2599,95,48,77
2600,655,68,64
2601,261,11,53
2602,196,71,33
2603,985,37,78
2604,661,6,60
2605,459,42,34
2606,83,34,21
2607,454,7,44
2608,101,36,35
2609,483,42,43
2610,867,12,28
2611,802,17,35
2612,927,20,14
2613,275,16,76
2614,280,40,70
2615,660,51,4
2616,921,65,11
2617,693,58,26
2618,724,31,71
2619,874,1,29
2620,649,60,74
2621,40,57,23
2622,654,59,7
2623,720,37,64
2624,583,37,80
2625,992,0,11
2626,511,24,25
2627,177,64,79
2628,339,60,42
2629,829,25,44
2630,93,53,76
2631,490,48,73
2632,928,50,5
2633,307,9,66
2634,258,55,3
2635,793,42,39
2636,20,28,79
2637,76,49,20
2638,62,35,68
2639,432,39,5
2640,19,43,83
2641,690,45,75
2642,246,0,57
2643,318,22,2
2644,180,67,21
2645,462,8,59
2646,121,63,36
2647,779,70,81
2648,482,43,56
2649,601,58,67
2650,714,72,18
2651,116,37,23
2652,550,27,20
2653,319,56,10
2654,492,71,18
2655,653,33,34
2656,495,33,29
2657,178,19,23
2658,230,57,10
2659,341,9,29
2660,987,38,37
2661,613,1,67
2662,59,7,62
2663,902,45,66
2664,448,64,22
2665,657,60,11
2666,970,75,32
2667,110,16,35
2668,800,54,40
2669,453,26,26
2670,205,49,40
2671,370,29,82
2672,340,11,53
2673,9,57,14
2674,398,68,2
2675,39,36,39
2676,41,45,14
2677,876,6,2
2678,27,5,84
2679,622,25,59
2680,615,50,36
2681,71,75,73
2682,456,2,24
2683,968,26,33
2684,925,51,21
2685,522,14,49
2686,412,6,22
2687,737,18,8
2688,379,52,33
2689,862,45,19
2690,584,52,33
2691,827,6,72
2692,907,45,74
2693,235,40,16
2694,7,52,43
2695,80,9,53
2696,404,49,56
2697,6,49,78
2698,993,11,30
2699,462,5,75
2700,920,56,27
2701,220,19,53
2702,435,73,62
2703,200,3,66
2704,875,18,78
2705,913,5,52
2706,650,44,69
2707,829,45,58
2708,326,14,18
2709,871,47,75
2710,381,2,31
2711,176,37,6
2712,676,75,32
2713,986,74,3
2714,423,44,77
2715,265,52,22
2716,32,37,11
2717,840,37,60
2718,721,54,14
2719,110,4,69
2720,516,9,31
2721,523,0,60
2722,12,43,55
2723,187,48,49
2724,634,11,13
2725,62,43,30
2726,848,34,27
2727,450,33,17
2728,873,29,31
2729,463,35,16
2730,327,70,1
2731,90,56,57
2732,321,12,64
2733,456,26,45
2734,692,71,64
2735,257,61,27
2736,62,0,69
2737,108,9,50
2738,224,41,63
2739,439,67,2
2740,918,58,25
2741,98,75,29
2742,450,51,65
2743,705,46,80
2744,145,74,31
2745,544,26,40
2746,870,47,80
2747,802,6,37
2748,179,50,11
2749,778,64,14
2750,3,69,32
2751,371,14,51
2752,460,35,3
2753,576,39,69
2754,259,16,83
2755,846,67,57
2756,341,9,20
2757,1,42,39
2758,921,65,5
2759,975,30,29
2760,329,64,42
2761,956,27,84
2762,947,50,3
2763,677,25,70
2764,897,40,34
2765,300,29,2
2766,844,69,39
2767,888,9,45
2768,594,42,66
2769,834,24,84
2770,398,72,13
2771,203,32,4
2772,402,38,82
2773,740,6,59
2774,625,74,59
2775,851,13,24
2776,312,33,78
2777,878,28,47
2778,702,5,9
2779,964,30,58
2780,791,31,34
2781,835,17,54
2782,818,2,40
2783,903,37,34
2784,314,69,65
2785,12,55,42
2786,844,2,23
2787,149,55,27
2788,279,45,4
2789,156,20,42
2790,105,58,41
2791,102,41,42
2792,808,26,40
2793,167,65,81
2794,857,62,63
2795,773,57,62
2796,918,4,81
2797,433,64,28
2798,907,35,73
2799,935,34,29
2800,996,26,20
2801,841,23,61
2802,22,42,23
2803,590,1,32
2804,986,25,62
2805,836,69,84
2806,638,70,36
2807,406,2,37
2808,17,1,52
2809,526,55,2
2810,246,58,28
2811,969,74,79
2812,529,28,38
2813,448,29,67
2814,979,22,36
2815,733,50,5
2816,776,75,55
2817,599,24,2
2818,351,44,79
2819,662,45,78
2820,687,31,80
2821,178,75,3
2822,941,68,11
2823,782,67,16
2824,868,61,54
2825,55,53,60
2826,819,24,55
2827,725,39,75
2828,558,41,60
2829,576,51,81
2830,9,73,40
2831,557,27,40
2832,59,59,12
2833,889,44,63
2834,636,75,56
2835,637,41,10
2836,729,71,6
2837,899,39,37
2838,554,25,11
2839,413,28,18
2840,297,45,59
2841,157,41,34
2842,608,47,21
2843,179,75,13
2844,373,18,32
2845,464,66,73
2846,889,58,52
2847,423,37,24
2848,15,58,33
2849,17,14,69
2850,442,42,2
2851,977,6,35
2852,798,73,46
2853,551,23,41
2854,311,75,35
2855,3,19,38
2856,975,59,24
2857,751,69,49
2858,406,28,59
2859,850,36,69
2860,306,26,76
2861,488,10,78
2862,598,59,68
2863,400,53,55
2864,428,64,19
2865,671,62,14
2866,764,12,45
2867,435,46,39
2868,936,23,27
2869,818,28,59
2870,495,46,69
2871,966,45,71
2872,387,50,55
2873,366,65,40
2874,433,29,80
2875,607,19,38
2876,56,74,71
2877,668,68,17
2878,570,11,69
2879,776,5,5
2880,303,3,63
2881,295,4,72
2882,26,14,67
2883,348,48,8
2884,107,52,21
2885,671,42,56
2886,336,69,22
2887,782,24,27
2888,759,54,34
2889,671,65,59
2890,719,3,42
2891,562,62,58
2892,685,39,57
2893,39,70,21
2894,671,72,1
2895,359,50,19
2896,127,50,80
2897,384,55,64
2898,622,21,6
2899,72,3,16
2900,254,30,23
2901,664,71,53
2902,617,51,52
2903,501,6,70
2904,385,16,23
2905,349,50,69
2906,351,36,79
2907,446,64,79
2908,654,49,44
2909,895,20,80
2910,298,58,26
2911,813,13,25
2912,437,73,64
2913,549,42,38
2914,142,26,82
2915,676,19,49
2916,525,1,33
2917,23,59,53
2918,953,32,55
2919,425,22,23
2920,108,20,61
2921,73,72,38
2922,585,60,12
2923,976,24,38
2924,286,18,8
2925,535,69,47
2926,435,61,5
2927,760,0,44
2928,244,32,16
2929,510,12,10
2930,333,35,42
2931,317,71,6
2932,775,39,39
2933,674,7,23
2934,515,72,29
2935,34,6,75
2936,581,45,64
2937,153,12,28
2938,900,15,5
2939,475,45,77
2940,772,1,29
2941,442,1,12
2942,999,75,48
2943,529,8,31
2944,932,10,83
2945,700,32,33
2946,510,16,10
2947,238,72,46
2948,905,31,66
2949,113,1,43
2950,990,20,36
2951,642,49,25
2952,141,8,45
2953,72,48,65
2954,762,59,80
2955,496,43,12
2956,161,8,72
2957,190,49,12
2958,344,74,43
2959,865,54,52
2960,615,63,4
2961,926,32,26
2962,466,1,82
2963,10,40,38
2964,879,66,46
2965,290,29,45
2966,629,13,69
2967,124,63,55
2968,983,70,69
2969,401,18,71
2970,556,60,11
2971,867,61,83
2972,832,22,44
2973,393,20,69
2974,135,2,19
2975,636,11,56
2976,596,63,6
2977,876,54,1
2978,66,56,83
2979,366,40,65
2980,593,67,73
2981,439,37,58
2982,193,1,40
2983,997,57,20
2984,273,27,66
2985,135,2,41
2986,78,69,44
2987,615,57,14
2988,287,74,6
2989,85,60,62
2990,929,52,21
2991,729,54,11
2992,114,38,12
2993,550,6,65
2994,45,14,37
2995,479,36,11
2996,195,42,77
2997,767,44,50
2998,724,63,64
2999,346,43,64
3000,383,68,76
3001,744,12,66
3002,294,46,77
3003,865,55,63
3004,553,27,54
3005,493,73,62
3006,320,52,64
3007,980,42,61
3008,701,21,52
3009,548,2,75
3010,536,9,27
3011,311,32,20
3012,961,65,26
3013,29,1,41
3014,511,21,40
3015,680,2,50
3016,670,21,66
3017,909,12,44
3018,661,48,41
3019,916,51,64
3020,759,6,1
3021,117,73,1
3022,720,61,30
3023,385,9,55
3024,957,47,56
3025,185,7,22
3026,898,16,7
3027,939,56,47
3028,426,37,19
3029,434,20,71
3030,661,50,53
3031,841,59,42
3032,365,58,59
3033,878,67,52
3034,596,15,84
3035,424,55,35
3036,853,16,55
3037,908,42,75
3038,918,39,72
3039,585,13,13
3040,103,13,51
3041,63,34,6
3042,425,46,61
3043,499,56,72
3044,667,47,35
3045,86,74,35
3046,492,3,75
3047,498,6,50
3048,68,19,45
3049,864,31,58
3050,800,17,24
3051,634,60,70
3052,484,36,24
3053,772,66,44
3054,179,8,56
3055,365,1,30
3056,867,52,73
3057,878,41,63
3058,391,41,3
3059,479,12,38
3060,577,67,68
3061,48,28,16
3062,733,47,48
3063,996,30,54
3064,716,44,43
3065,487,61,8
3066,84,43,73
3067,713,24,74
3068,279,46,47
3069,701,13,19
3070,915,29,82
3071,22,16,39
3072,85,56,58
3073,584,27,33
3074,665,2,73
3075,995,44,6
3076,11,0,30
3077,203,40,10
3078,124,2,37
3079,139,75,66
3080,461,1,71
3081,243,26,79
3082,117,74,67
3083,566,45,62
3084,362,65,61
3085,683,8,33
3086,596,26,53
3087,617,36,61
3088,975,3,40
3089,411,45,71
3090,404,38,24
3091,530,48,6
3092,188,44,72
3093,462,57,17
3094,995,59,18
3095,503,33,30
3096,528,40,20
3097,800,33,60
3098,385,67,52
3099,560,37,1
3100,730,48,51
3101,105,53,31
3102,58,68,63
3103,25,29,77
3104,589,55,16
3105,766,58,37
3106,200,21,61
3107,603,36,74
3108,475,8,1
3109,994,75,46
3110,946,24,58
3111,793,24,27
3112,479,41,27
3113,474,29,40
3114,638,1,84
3115,389,71,6
3116,57,2,7
3117,589,64,51
3118,307,6,76
3119,831,75,31
3120,277,13,76
3121,46,41,60
3122,21,55,78
3123,91,24,67
3124,15,21,9
3125,138,29,80
3126,315,37,62
3127,425,70,54
3128,915,24,77
3129,874,58,8
3130,213,14,57
3131,956,60,66
3132,911,52,62
3133,136,58,26
3134,655,48,72
3135,407,17,5
3136,510,67,31
3137,811,39,81
3138,968,30,17
3139,104,63,11
3140,564,63,62
3141,292,54,58
3142,786,17,26
3143,523,68,36
3144,328,70,41
3145,839,72,82
3146,796,53,38
3147,606,31,81
3148,506,71,7
3149,506,42,19
3150,436,37,18
3151,573,37,37
3152,314,54,10
3153,679,52,10
3154,111,55,21
3155,271,42,49
3156,1000,41,3
3157,613,14,70
3158,534,47,49
3159,28,12,16
3160,322,59,17
3161,628,36,66
3162,604,49,60
3163,457,44,16
3164,378,50,84
3165,22,8,82
3166,443,59,15
3167,853,28,41
3168,414,45,24
3169,743,64,24
3170,294,14,51
3171,630,1,79
3172,396,68,81
3173,727,48,37
3174,147,9,67
3175,982,55,83
3176,127,29,82
3177,25,61,58
3178,633,30,3
3179,808,24,12
3180,55,25,14
3181,161,71,27
3182,52,2,3
3183,392,8,75
3184,508,6,40
3185,214,67,3
3186,428,5,12
3187,501,45,25
3188,399,49,28
3189,301,64,24
3190,588,42,34
3191,581,43,69
3192,907,58,71
3193,873,45,11
3194,935,64,34
3195,471,29,5
3196,205,40,51
3197,877,48,16
3198,393,54,22
3199,816,11,6
3200,888,58,77
3201,253,75,72
3202,189,1,30
3203,795,42,71
3204,797,48,19
3205,638,14,24
3206,355,11,84
3207,73,67,28
3208,168,47,35
3209,273,27,26
3210,843,46,52
3211,635,10,39
3212,810,34,57
3213,67,16,19
3214,501,24,83
3215,267,6,34
3216,930,28,45
3217,917,36,40
3218,80,75,43
3219,818,60,38
3220,783,54,4
3221,915,24,14
3222,441,13,12
3223,621,19,24
3224,31,71,57
3225,254,37,19
3226,111,6,79
3227,807,50,39
3228,570,49,78
3229,144,15,50
3230,994,17,84
3231,357,39,4
3232,487,20,45
3233,922,52,68
3234,810,27,19
3235,594,8,80
3236,616,10,22
3237,230,60,12
3238,212,73,38
3239,377,20,1
3240,703,21,14
3241,678,62,2
3242,642,0,42
3243,402,53,66
3244,26,70,5
3245,364,15,69
3246,684,2,35
3247,265,27,31
3248,25,22,56
3249,394,47,65
3250,190,25,54
3251,547,42,64
3252,732,47,68
3253,833,53,78
3254,175,34,28
3255,435,45,64
3256,220,4,70
3257,638,53,42
3258,497,29,56
3259,68,74,67
3260,144,67,36
3261,70,69,7
3262,201,17,62
3263,25,65,35
3264,462,39,77
3265,321,74,39
3266,196,9,39
3267,406,54,56
3268,179,26,57
3269,78,74,39
3270,129,21,82
3271,736,42,32
3272,930,63,13
3273,352,7,26
3274,754,36,50
3275,163,36,4
3276,293,56,1
3277,827,21,67
3278,383,51,70
3279,631,16,60
3280,318,56,17
3281,279,28,36
3282,118,21,11
3283,214,68,6
3284,104,70,14
3285,961,0,18
3286,220,72,42
3287,452,2,67
3288,294,56,46
3289,595,67,39
3290,126,16,23
3291,679,62,35
3292,378,48,81
3293,720,21,49
3294,785,32,15
3295,682,0,59
3296,83,75,47
3297,833,54,18
3298,391,8,26
3299,937,6,45
3300,899,36,69
3301,53,26,8
3302,840,35,64
3303,540,66,77
3304,504,50,30
3305,487,55,14
3306,649,25,30
3307,988,33,76
3308,977,8,52
3309,350,32,67
3310,91,30,11
3311,163,58,25
3312,198,25,60
3313,313,28,82
3314,426,44,52
3315,287,6,23
3316,208,6,12
3317,57,57,62
3318,637,69,66
3319,240,71,30
3320,814,37,32
3321,836,75,50
3322,984,21,36
3323,283,73,68
3324,508,58,68
3325,443,52,6
3326,121,28,25
3327,273,44,2
3328,82,4,40
3329,291,24,35
3330,836,33,72
3331,967,9,11
3332,736,36,68
3333,983,15,10
3334,599,10,80
3335,438,73,13
3336,636,1,29
3337,544,17,33
3338,149,18,58
3339,780,44,30
3340,786,35,11
3341,257,21,56
3342,356,33,61
3343,631,63,80
3344,44,21,70
3345,724,11,79
3346,956,54,45
3347,948,37,62
3348,108,1,65
3349,425,17,77
3350,490,18,1
3351,469,43,74
3352,844,30,11
3353,304,60,15
3354,131,72,24
3355,537,3,63
3356,611,42,13
3357,827,21,66
3358,457,28,12
3359,285,41,13
3360,897,6,63
3361,833,34,62
3362,411,74,20
3363,365,69,49
3364,31,68,69
3365,7,64,76
3366,729,10,78
3367,186,29,63
3368,271,17,19
3369,134,69,48
3370,554,1,7
3371,669,18,29
3372,734,48,47
3373,106,4,33
3374,414,27,25
3375,406,45,5
3376,101,25,11
3377,158,6,4
3378,524,73,41
3379,658,42,22
3380,338,40,20
3381,52,8,78
3382,268,65,58
3383,535,46,54
3384,803,55,81
3385,555,60,34
3386,31,64,16
3387,137,33,38
3388,405,48,39
3389,289,34,30
3390,427,31,22
3391,714,46,74
3392,631,21,35
3393,644,3,54
3394,765,29,49
3395,378,47,6
3396,839,45,82
3397,878,34,60
3398,32,74,84
3399,570,74,6
3400,979,0,41
3401,164,65,23
3402,441,75,65
3403,248,2,44
3404,41,35,34
3405,881,32,17
3406,526,54,39
3407,428,36,65
3408,743,31,15
3409,994,4,53
3410,896,47,34
3411,80,30,55
3412,655,55,71
3413,887,34,49
3414,310,14,4
3415,727,6,12
3416,44,56,67
3417,642,47,11
3418,658,57,50
3419,144,74,10
3420,444,13,5
3421,281,57,56
3422,424,23,67
3423,798,9,69
3424,102,34,35
3425,750,69,9
3426,469,68,81
3427,803,1,80
3428,277,10,21
3429,626,17,28
3430,420,20,21
3431,636,37,42
3432,143,56,65
3433,677,17,74
3434,541,74,65
3435,775,51,30
3436,908,72,26
3437,520,22,47
3438,336,47,33
3439,800,24,34
3440,555,35,22
3441,848,7,27
3442,109,45,59
3443,994,70,64
3444,739,22,47
3445,303,41,6
3446,116,8,82
3447,221,43,1
3448,259,70,68
3449,239,26,76
3450,304,0,76
3451,250,7,31
3452,356,28,76
3453,47,41,70
3454,822,39,37
3455,432,14,10
3456,626,17,38
3457,575,58,33
3458,731,0,76
3459,722,67,14
3460,878,2,42
3461,265,39,58
3462,223,19,14
3463,542,41,19
3464,252,18,18
3465,244,70,72
3466,645,35,46
3467,10,1,84
3468,210,8,64
3469,933,9,63
3470,626,30,66
3471,548,62,53
3472,897,20,8
3473,430,58,29
3474,492,1,12
3475,173,40,42
3476,777,64,81
3477,770,21,42
3478,373,30,10
3479,844,27,8
3480,775,52,66
3481,468,31,53
3482,524,47,37
3483,300,68,7
3484,192,59,36
3485,23,16,32
3486,576,12,4
3487,124,65,73
3488,594,53,60
3489,67,20,83
3490,914,6,67
3491,716,57,55
3492,736,33,58
3493,548,72,11
3494,695,35,10
3495,778,62,74
3496,746,41,62
3497,537,53,59
3498,866,54,20
3499,589,68,53
3500,639,30,7
3501,345,45,33
3502,255,24,54
3503,265,3,78
3504,155,25,9
3505,64,47,67
3506,870,32,41
3507,347,12,10
3508,618,41,56
3509,53,73,20
3510,849,75,34
3511,780,24,39
3512,664,26,43
3513,25,54,79
3514,514,40,32
3515,322,28,59
3516,473,65,67
3517,245,27,16
3518,410,40,61
3519,913,21,11
3520,820,21,30
3521,46,16,54
3522,8,35,53
3523,443,19,43
3524,249,40,32
3525,472,74,28
3526,243,46,21
3527,305,74,28
3528,196,43,65
3529,133,39,22
3530,703,70,79
3531,896,31,32
3532,410,27,35
3533,498,37,59
3534,128,33,7
3535,455,72,57
3536,542,6,63
3537,962,63,65
3538,710,58,28
3539,402,34,3
3540,91,64,10
3541,977,44,81
3542,544,57,84
3543,103,10,17
3544,381,17,46
3545,539,0,71
3546,604,45,65
3547,694,7,8
3548,407,4,43
3549,150,1,17
3550,541,35,26
3551,694,35,54
3552,6,35,71
3553,190,25,45
3554,334,9,14
3555,40,43,10
3556,778,22,56
3557,438,36,7
3558,382,22,11
3559,100,39,48
3560,428,51,55
3561,773,68,66
3562,678,62,69
3563,904,59,58
3564,948,52,47
3565,642,75,83
3566,87,48,53
3567,178,54,21
3568,228,51,7
3569,594,50,83
3570,29,41,38
3571,975,14,51
3572,57,43,73
3573,521,19,60
3574,823,58,28
3575,989,43,24
3576,559,34,72
3577,840,15,26
3578,172,11,61
3579,963,40,7
3580,713,13,9
3581,962,11,3
3582,756,23,2
3583,748,56,33
3584,183,42,56
3585,43,22,83
3586,718,9,81
3587,337,72,61
3588,987,63,28
3589,399,37,76
3590,26,1,41
3591,646,39,61
3592,32,50,72
3593,861,38,60
3594,38,0,82
3595,213,50,57
3596,379,67,66
3597,920,8,30
3598,68,34,57
3599,347,12,67
3600,54,41,56
3601,219,10,63
3602,815,9,54
3603,898,22,56
3604,694,67,44
3605,23,7,3
3606,227,21,82
3607,512,8,14
3608,69,75,36
3609,422,65,81
3610,532,67,30
3611,111,1,13
3612,178,47,34
3613,783,16,8
3614,730,25,7
3615,497,12,46
3616,831,58,36
3617,801,38,56
3618,390,38,84
3619,290,31,17
3620,546,70,16
3621,887,21,33
3622,959,74,4
3623,793,8,81
3624,600,13,70
3625,67,29,54
3626,108,16,5
3627,751,12,27
3628,619,9,65
3629,130,42,49
3630,278,3,83
3631,470,70,12
3632,626,56,66
3633,506,16,42
3634,62,20,83
3635,987,26,17
3636,657,73,17
3637,945,48,37
3638,715,34,46
3639,387,31,37
3640,679,44,48
3641,826,5,22
3642,585,67,15
3643,839,64,15
3644,368,13,31
3645,255,15,69
3646,995,39,3
3647,771,7,79
3648,735,17,57
3649,276,4,60
3650,684,26,24
3651,208,35,2
3652,381,52,69
3653,515,58,61
3654,106,17,10
3655,48,19,73
3656,113,17,5
3657,407,43,20
3658,329,49,18
3659,553,29,62
3660,856,40,72
3661,867,27,8
3662,408,0,44
3663,752,58,34
3664,108,39,19
3665,537,39,39
3666,378,7,68
3667,934,17,36
3668,853,57,21
3669,850,69,26
3670,311,40,43
3671,915,14,78
3672,838,74,22
3673,665,73,21
3674,234,33,40
3675,968,9,27
3676,770,50,50
3677,986,59,23
3678,89,44,68
3679,165,21,69
3680,787,12,45
3681,341,42,16
3682,34,11,22
3683,248,47,51
3684,848,72,72
3685,939,27,58
3686,570,41,32
3687,555,22,84
3688,950,62,64
3689,785,42,69
3690,262,8,77
3691,938,60,75
3692,681,46,70
3693,898,9,57
3694,693,56,69
3695,172,58,41
3696,225,71,10
3697,229,42,84
3698,116,3,46
3699,443,71,84
3700,59,44,57
3701,924,22,45
3702,302,34,83
3703,32,4,68
3704,776,36,60
3705,121,55,55
3706,681,44,34
3707,930,36,48
3708,853,47,35
3709,538,45,59
3710,853,51,63
3711,233,34,49
3712,370,36,28
3713,296,7,24
3714,612,70,80
3715,515,42,63
3716,241,10,67
3717,63,15,79
3718,534,51,58
3719,957,12,19
3720,763,33,75
3721,565,61,49
3722,654,38,13
3723,357,70,80
3724,924,13,51
3725,47,31,77
3726,249,32,72
3727,756,10,83
3728,794,7,27
3729,184,75,71
3730,366,25,48
3731,752,10,10
3732,265,51,40
3733,261,15,14
3734,69,30,39
3735,167,24,7
3736,675,24,55
3737,978,43,5
3738,653,57,72
3739,903,52,40
3740,969,13,5
3741,353,53,75
3742,638,9,42
3743,193,69,17
3744,19,13,23
3745,373,19,11
3746,123,38,44
3747,509,3,59
3748,297,23,8
3749,669,13,32
3750,284,62,66
3751,552,34,55
3752,743,39,8
3753,508,7,61
3754,205,41,83
3755,459,18,38
3756,966,28,48
3757,677,61,56
3758,995,33,15
3759,67,61,37
3760,722,68,23
3761,31,64,17
3762,393,30,28
3763,776,61,51
3764,89,53,17
3765,751,20,47
3766,928,17,19
3767,648,53,32
3768,887,51,2
3769,1,53,83
3770,541,67,64
3771,179,29,72
3772,915,54,14
3773,738,45,11
3774,545,41,41
3775,649,11,37
3776,127,51,54
3777,749,46,47
3778,377,16,30
3779,10,60,56
3780,964,73,23
3781,875,23,40
3782,646,38,34
3783,19,19,12
3784,206,51,29
3785,706,55,45
3786,34,33,8
3787,803,30,10
3788,689,46,22
3789,742,39,54
3790,325,10,19
3791,511,29,63
3792,35,22,73
3793,936,37,36
3794,695,74,84
3795,48,19,23
3796,744,60,25
3797,415,2,23
3798,4,66,5
3799,749,75,12
3800,354,24,46
3801,9,70,43
3802,891,0,30
3803,915,52,19
3804,522,26,61
3805,905,57,72
3806,64,20,44
3807,476,42,70
3808,186,33,68
3809,626,25,23
3810,805,3,75
3811,982,55,78
3812,737,53,26
3813,714,51,78
3814,284,52,33
3815,652,49,6
3816,875,36,39
3817,986,31,53
3818,139,4,15
3819,22,1,72
3820,376,61,23
3821,231,42,54
3822,392,6,15
3823,597,35,62
3824,783,46,59
3825,643,37,48
3826,224,27,52
3827,974,16,7
3828,955,6,19
3829,169,47,8
3830,68,19,65
3831,655,21,27
3832,640,48,62
3833,211,56,25
3834,984,66,64
3835,130,44,65
3836,905,64,21
3837,724,53,9
3838,62,71,60
3839,104,15,27
3840,179,47,14
3841,91,33,15
3842,822,60,19
3843,755,46,52
3844,659,26,18
3845,762,7,79
3846,419,40,71
3847,503,23,72
3848,999,65,48
3849,750,48,55
3850,425,51,38
3851,750,57,59
3852,309,66,4
3853,139,8,54
3854,542,71,60
3855,300,12,76
3856,702,6,68
3857,324,52,83
3858,491,75,84
3859,806,4,49
3860,141,56,20
3861,858,38,65
3862,669,30,80
3863,508,36,40
3864,937,38,55
3865,293,25,20
3866,704,58,38
3867,427,65,47
3868,889,7,10
3869,801,65,26
3870,969,25,39
3871,572,70,61
3872,52,22,63
3873,879,33,19
3874,863,14,21
3875,957,50,42
3876,628,29,36
3877,942,51,73
3878,104,63,53
3879,113,71,22
3880,718,63,35
3881,696,30,1
3882,796,14,20
3883,678,36,53
3884,129,30,71
3885,745,23,45
3886,475,10,10
3887,370,15,73
3888,107,30,21
3889,823,70,64
3890,380,32,40
3891,214,19,50
3892,238,55,32
3893,121,16,21
3894,18,32,55
3895,216,49,18
3896,361,47,17
3897,506,8,84
3898,79,74,59
3899,967,56,25
3900,322,19,57
3901,113,4,61
3902,911,66,16
3903,118,30,64
3904,262,7,17
3905,909,27,58
3906,14,63,61
3907,206,8,21
3908,778,50,52
3909,832,56,32
3910,480,22,72
3911,793,10,32
3912,465,8,38
3913,996,30,69
3914,711,3,4
3915,443,67,83
3916,936,33,58
3917,664,46,19
3918,701,47,77
3919,800,38,46
3920,135,74,28
3921,86,34,62
3922,570,46,31
3923,471,13,49
3924,911,27,52
3925,611,62,8
3926,433,13,17
3927,443,37,55
3928,145,49,39
3929,617,64,61
3930,178,62,67
3931,853,4,25
3932,755,29,79
3933,793,67,76
3934,437,14,36
3935,300,28,54
3936,291,16,23
3937,423,26,84
3938,254,6,5
3939,912,23,1
3940,580,40,24
3941,387,5,56
3942,179,51,45
3943,70,3,68
3944,757,75,70
3945,600,42,50
3946,449,49,51
3947,184,7,41
3948,523,24,84
3949,464,11,39
3950,860,7,39
3951,791,25,24
3952,398,39,55
3953,898,4,78
3954,762,41,53
3955,603,24,76
3956,681,17,65
3957,779,48,36
3958,691,62,5
3959,562,49,44
3960,8,73,7
3961,911,43,44
3962,770,73,8
3963,693,6,60
3964,822,19,25
3965,595,34,22
3966,14,18,15
3967,18,4,71
3968,733,2,61
3969,765,68,31
3970,377,55,64
3971,795,5,55
3972,759,15,16
3973,150,59,35
3974,37,20,46
3975,826,18,80
3976,467,51,62
3977,113,32,78
3978,243,45,5
3979,83,53,49
3980,97,69,36
3981,144,40,6
3982,367,6,65
3983,162,7,56
3984,428,47,56
3985,982,32,75
3986,721,2,18
3987,679,50,75
3988,632,12,72
3989,624,27,49
3990,568,51,55
3991,120,23,7
3992,893,17,77
3993,305,74,16
3994,48,6,51
3995,647,59,80
3996,345,55,82
3997,859,45,29
3998,853,1,69
3999,412,48,56
4000,356,12,60
4001,358,39,55
4002,212,43,12
4003,380,55,70
4004,11,74,56
4005,142,44,55
4006,597,45,19
4007,194,23,48
4008,398,11,57
4009,803,70,2
4010,138,41,58
4011,205,55,9
4012,147,14,24
4013,330,34,83
4014,916,12,29
4015,683,13,1
4016,966,69,30
4017,132,47,9
4018,563,72,8
4019,892,6,14
4020,93,28,76
4021,382,68,35
4022,582,59,21
4023,233,32,27
4024,991,63,64
4025,607,22,57
4026,23,27,83
4027,289,14,14
4028,261,28,82
4029,441,11,25
4030,294,11,61
4031,825,56,81
4032,391,65,52
4033,556,49,29
4034,346,35,76
4035,477,21,42
4036,90,68,21
4037,428,52,27
4038,389,28,28
4039,722,24,75
4040,526,50,43
4041,994,54,31
4042,979,49,5
4043,626,32,70
4044,266,53,54
4045,166,50,27
4046,359,35,75
4047,108,34,59
4048,598,18,68
4049,745,59,68
4050,88,13,70
4051,422,30,21
4052,128,72,38
4053,788,62,14
4054,986,47,55
4055,63,16,61
4056,273,67,84
4057,992,14,82
4058,858,23,64
4059,781,48,28
4060,905,39,37
4061,522,8,23
4062,458,27,28
4063,807,11,14
4064,772,24,53
4065,51,26,10
4066,823,54,49
4067,827,41,23
4068,840,23,2
4069,956,59,10
4070,543,7,81
4071,479,9,1
4072,757,58,57
4073,356,53,80
4074,605,8,16
4075,66,10,42
4076,959,17,56
4077,643,3,10
4078,225,18,41
4079,654,65,8
4080,380,67,20
4081,784,53,57
4082,697,70,15
4083,893,21,12
4084,512,62,17
4085,891,11,43
4086,444,69,64
4087,91,59,83
4088,176,27,10
4089,260,40,31
4090,420,43,7
4091,263,75,12
4092,959,7,70
4093,669,3,80
4094,201,14,54
4095,677,4,1
4096,795,59,54
4097,83,37,53
4098,365,41,56
4099,482,32,68
4100,389,71,56
4101,979,45,15
4102,730,7,66
4103,400,64,17
4104,47,24,27
4105,572,48,27
4106,96,10,58
4107,225,4,7
4108,953,33,8
4109,504,70,17
4110,883,74,80
4111,470,8,6
4112,400,62,61
4113,369,33,49
4114,621,3,17
4115,667,50,69
4116,749,33,32
4117,958,53,56
4118,737,1,53
4119,964,72,32
4120,548,34,22
4121,260,68,71
4122,361,67,21
4123,161,24,26
4124,330,32,41
4125,122,31,71
4126,159,55,76
4127,290,13,25
4128,949,33,10
4129,150,64,42
4130,77,4,64
4131,766,15,4
4132,548,7,84
4133,152,47,76
4134,33,4,76
4135,181,54,67
4136,575,32,75
4137,606,9,32
4138,850,37,65
4139,611,58,57
4140,40,66,25
4141,724,16,84
4142,131,35,31
4143,662,67,51
4144,389,67,67
4145,933,56,53
4146,959,6,33
4147,569,44,38
4148,720,9,40
4149,500,40,2
4150,521,11,1
4151,681,18,13
4152,241,25,20
4153,207,66,3
4154,797,63,67
4155,636,15,43
4156,196,61,81
4157,341,30,49
4158,6,25,55
4159,845,5,19
4160,7,49,26
4161,271,41,13
4162,699,57,18
4163,542,44,4
4164,305,48,39
4165,667,75,74
4166,513,43,48
4167,65,43,78
4168,634,24,63
4169,364,57,72
4170,922,31,73
4171,643,29,7
4172,955,67,80
4173,988,60,28
4174,756,60,69
4175,646,14,56
4176,296,38,3
4177,311,19,66
4178,964,0,71
4179,974,7,12
4180,842,4,19
4181,790,18,48
4182,148,53,67
4183,804,72,11
4184,19,7,52
4185,239,13,2
4186,99,28,69
4187,497,54,80
4188,423,61,44
4189,881,14,51
4190,772,39,79
4191,398,21,69
4192,733,44,74
4193,475,31,67
4194,165,10,10
4195,460,60,63
4196,26,14,51
4197,78,67,17
4198,329,65,38
4199,764,1,9
4200,746,56,40
4201,900,33,37
4202,516,21,2
4203,198,59,57
4204,988,23,59
4205,937,23,76
4206,44,40,74
4207,954,25,17
4208,979,41,10
4209,728,44,79
4210,880,57,67
4211,924,24,76
4212,352,23,65
4213,961,48,56
4214,906,19,64
4215,908,36,51
4216,503,51,19
4217,197,0,36
4218,781,46,53
4219,383,38,73
4220,529,49,14
4221,696,0,82
4222,927,48,49
4223,308,24,30
4224,311,53,5
4225,454,69,65
4226,844,71,64
4227,562,15,49
4228,981,28,35
4229,485,70,61
4230,781,50,47
4231,22,41,75
4232,403,32,55
4233,792,27,28
4234,89,25,49
4235,929,7,54
4236,250,22,70
4237,797,24,45
4238,173,4,37
4239,708,21,55
4240,480,41,6
4241,18,3,83
4242,597,5,67
4243,919,56,18
4244,594,52,36
4245,231,29,55
4246,736,38,41
4247,965,38,9
4248,762,63,78
4249,962,6,3
4250,597,57,28
4251,546,71,35
4252,856,15,21
4253,807,61,77
4254,352,67,62
4255,155,25,23
4256,669,4,61
4257,90,49,75
4258,978,50,66
4259,667,23,72
4260,641,7,26
4261,33,8,13
4262,863,68,24
4263,535,66,29
4264,192,45,52
4265,273,64,61
4266,707,36,22
4267,743,61,3
4268,529,43,5
4269,239,45,64
4270,930,74,64
4271,435,66,52
4272,771,8,68
4273,534,75,10
4274,347,34,20
4275,802,14,48
4276,835,60,24
4277,828,58,70
4278,450,62,25
4279,462,60,46
4280,473,42,52
4281,784,36,70
4282,292,7,47
4283,499,0,46
4284,917,2,60
4285,896,4,62
4286,591,30,74
4287,374,41,32
4288,983,70,46
4289,99,47,19
4290,389,71,61
4291,492,75,29
4292,146,66,60
4293,860,52,5
4294,873,8,19
4295,672,27,27
4296,937,65,5
4297,374,55,54
4298,725,25,12
4299,870,68,3
4300,400,44,7
4301,596,59,46
4302,893,28,84
4303,412,35,20
4304,688,19,33
4305,771,30,12
4306,109,6,46
4307,242,55,73
4308,995,51,34
4309,171,73,38
4310,229,28,2
4311,643,68,58
4312,900,60,66
4313,291,11,30
4314,315,31,77
4315,591,29,56
4316,310,25,66
4317,119,34,14
4318,687,53,53
4319,701,59,18
4320,610,71,55
4321,452,54,55
4322,69,53,3
4323,310,60,82
4324,683,50,5
4325,764,48,38
4326,223,5,40
4327,348,20,14
4328,513,70,15
4329,442,30,50
4330,3,44,38
4331,949,19,24
4332,227,15,9
4333,377,0,77
4334,515,11,35
4335,679,66,83
4336,641,44,21
4337,860,27,61
4338,225,28,23
4339,436,65,66
4340,661,15,58
4341,778,60,41
4342,485,38,28
4343,682,27,84
4344,306,37,71
4345,729,39,61
4346,187,63,65
4347,991,30,21
4348,963,19,25
4349,86,54,42
4350,115,26,5
4351,308,24,13
4352,116,24,32
4353,607,53,63
4354,442,63,64
4355,657,27,35
4356,13,25,55
4357,86,32,77
4358,222,54,72
4359,638,55,54
4360,775,65,29
4361,635,8,29
4362,872,23,37
4363,711,5,19
4364,529,31,6
4365,192,35,33
4366,82,23,10
4367,840,56,42
4368,325,53,61
4369,112,14,48
4370,286,4,66
4371,210,23,2
4372,662,26,62
4373,830,36,63
4374,692,20,46
4375,257,31,37
4376,605,16,13
4377,923,12,77
4378,552,16,39
4379,456,3,5
4380,424,28,54
4381,217,41,69
4382,846,66,55
4383,75,68,47
4384,214,39,63
4385,703,12,38
4386,200,60,46
4387,420,26,58
4388,744,66,62
4389,98,49,46
4390,471,64,18
4391,636,40,48
4392,580,46,78
4393,174,60,62
4394,128,13,18
4395,322,72,34
4396,947,75,54
4397,84,62,45
4398,278,57,47
4399,851,71,76
4400,564,73,13
4401,758,36,5
4402,289,31,51
4403,874,52,44
4404,640,15,45
4405,629,0,13
4406,98,70,68
4407,355,57,54
4408,323,22,48
4409,553,41,43
4410,501,72,84
4411,941,9,60
4412,441,29,31
4413,496,19,15
4414,883,46,10
4415,167,14,38
4416,700,71,8
4417,735,65,5
4418,989,24,4
4419,908,28,61
4420,590,68,53
4421,505,40,83
4422,640,33,68
4423,574,60,3
4424,832,2,33
4425,893,24,7
4426,726,31,82
4427,981,10,16
4428,389,50,60
4429,932,29,52
4430,460,2,65
4431,537,74,25
4432,623,37,22
4433,654,30,62
4434,209,13,20
4435,221,49,25
4436,672,30,44
4437,361,58,62
4438,644,54,4
4439,843,26,1
4440,863,61,7
4441,203,65,21
4442,803,47,62
4443,809,69,28
4444,714,73,61
4445,402,45,42
4446,390,16,48
4447,729,41,46
4448,507,48,77
4449,358,3,63
4450,895,69,56
4451,705,27,30
4452,294,9,21
4453,651,49,54
4454,351,55,47
4455,927,44,73
4456,569,57,53
4457,704,49,30
4458,314,31,55
4459,786,9,18
4460,404,71,15
4461,627,23,22
4462,344,32,59
4463,177,43,25
4464,482,25,20
4465,117,39,20
4466,653,11,49
4467,761,3,26
4468,155,28,10
4469,477,33,47
4470,570,0,10
4471,296,66,69
4472,209,10,38
4473,463,14,17
4474,515,71,74
4475,782,59,17
4476,313,7,13
4477,201,24,68
4478,527,14,16
4479,444,42,17
4480,662,35,45
4481,427,2,31
4482,443,46,5
4483,652,24,27
4484,408,63,23
4485,61,4,38
4486,538,61,18
4487,406,61,54
4488,73,55,52
4489,148,14,18
4490,120,39,13
4491,40,33,7
4492,886,52,21
4493,355,51,69
4494,269,59,48
4495,815,71,61
4496,109,20,82
4497,154,25,35
4498,359,13,71
4499,230,28,69
4500,243,11,37
4501,967,70,62
4502,697,44,6
4503,345,18,70
4504,669,6,57
4505,241,37,80
4506,489,1,33
4507,726,58,46
4508,856,36,24
4509,54,25,16
4510,763,67,44
4511,347,1,18
4512,880,73,58
4513,158,9,40
4514,479,1,31
4515,307,37,12
4516,350,17,61
4517,498,46,67
4518,156,6,83
4519,747,71,76
4520,770,45,59
4521,641,75,44
4522,807,11,37
4523,448,12,14
4524,272,54,83
4525,250,60,81
4526,493,9,22
4527,165,47,77
4528,419,30,19
4529,613,64,6
4530,680,25,20
4531,862,18,11
4532,773,36,42
4533,461,47,74
4534,622,10,4
4535,924,7,16
4536,960,15,62
4537,218,35,5
4538,774,65,55
4539,484,65,27
4540,401,60,16
4541,640,73,26
4542,547,45,30
4543,352,33,42
4544,510,46,16
4545,905,42,68
4546,141,41,79
4547,270,2,27
4548,142,3,12
4549,912,18,38
4550,30,59,6
4551,913,50,60
4552,907,52,73
4553,464,0,39
4554,33,57,53
4555,941,21,67
4556,732,57,81
4557,954,70,27
4558,420,31,67
4559,900,30,49
4560,357,27,20
4561,822,32,83
4562,157,62,39
4563,486,17,55
4564,916,38,76
4565,772,58,22
4566,979,41,75
4567,495,2,42
4568,241,70,53
4569,287,21,36
4570,468,41,15
4571,887,10,3
4572,833,3,29
4573,204,64,35
4574,350,15,57
4575,134,38,71
4576,811,56,16
4577,817,2,54
4578,830,3,84
4579,287,61,33
4580,802,28,62
4581,756,55,9
4582,63,71,60
4583,979,22,32
4584,617,16,7
4585,361,33,33
4586,855,19,54
4587,478,47,64
4588,536,37,3
4589,799,35,21
4590,464,56,41
4591,589,23,40
4592,349,29,56
4593,252,60,42
4594,431,72,54
4595,505,29,43
4596,894,35,26
4597,927,25,38
4598,450,48,31
4599,705,22,18
4600,977,45,74
4601,85,38,45
4602,269,10,15
4603,360,58,15
4604,561,0,75
4605,279,53,40
4606,941,70,64
4607,63,48,33
4608,812,5,45
4609,666,53,55
4610,263,69,53
4611,756,22,15
4612,252,74,33
4613,814,37,83
4614,420,41,68
4615,39,27,77
4616,30,44,59
4617,249,34,23
4618,173,45,76
4619,41,54,6
4620,300,36,83
4621,412,47,57
4622,22,50,7
4623,126,60,68
4624,329,15,74
4625,412,65,73
4626,880,11,69
4627,978,55,83
4628,280,12,72
4629,587,64,62
4630,604,23,70
4631,307,26,45
4632,131,35,28
4633,698,17,32
4634,13,73,71
4635,342,24,53
4636,611,59,12
4637,463,20,11
4638,962,63,83
4639,269,25,16
4640,699,69,31
4641,216,3,14
4642,929,49,57
4643,88,38,26
4644,507,39,7
4645,661,0,19
4646,885,58,58
4647,264,13,10
4648,343,66,65
4649,997,50,7
4650,268,36,44
4651,103,60,7
4652,616,16,36
4653,828,47,55
4654,866,1,46
4655,408,45,78
4656,219,34,17
4657,824,53,54
4658,258,23,60
4659,446,64,22
4660,328,71,43
4661,507,25,67
4662,641,28,51
4663,861,40,66
4664,215,33,11
4665,68,64,84
4666,409,38,2
4667,553,14,68
4668,610,27,79
4669,893,64,75
4670,671,0,31
4671,641,10,12
4672,723,7,77
4673,493,55,25
4674,390,73,10
4675,920,24,34
4676,95,60,33
4677,153,13,63
4678,652,62,2
4679,990,63,2
4680,813,21,66
4681,739,17,69
4682,870,67,56
4683,526,51,63
4684,182,0,56
4685,407,23,40
4686,257,13,48
4687,301,5,13
4688,715,52,68
4689,108,74,19
4690,573,26,12
4691,143,12,45
4692,323,73,16
4693,106,71,59
4694,1000,0,67
4695,571,31,10
4696,238,15,11
4697,113,23,29
4698,398,69,5
4699,701,28,59
4700,619,56,13
4701,470,62,61
4702,894,12,7
4703,965,49,6
4704,527,16,42
4705,617,2,81
4706,858,15,28
4707,344,40,43
4708,228,45,56
4709,865,1,72
4710,539,63,5
4711,768,40,3
4712,936,41,52
4713,618,57,81
4714,987,3,22
4715,577,15,12
4716,793,12,52
4717,597,67,16
4718,935,35,41
4719,875,59,70
4720,522,61,33
4721,154,8,69
4722,561,4,6
4723,768,29,31
4724,880,20,30
4725,897,52,69
4726,741,20,29
4727,648,16,4
4728,83,3,63
4729,443,65,42
4730,780,62,84
4731,64,52,28
4732,764,52,64
4733,125,75,70
4734,759,34,6
4735,248,23,2
4736,208,15,6
4737,496,70,7
4738,807,32,46
4739,722,22,47
4740,455,57,1
4741,194,48,37
4742,58,51,69
4743,629,31,68
4744,230,45,27
4745,495,52,6
4746,352,51,57
4747,594,10,23
4748,168,40,83
4749,9,57,65
4750,991,44,82
4751,987,45,78
4752,504,26,81
4753,452,67,52
4754,600,28,61
4755,178,39,53
4756,83,58,8
4757,111,47,82
4758,853,54,66
4759,95,66,68
4760,927,28,40
4761,832,63,21
4762,873,10,84
4763,165,73,75
4764,832,40,23
4765,336,21,18
4766,220,55,17
4767,747,5,64
4768,708,17,43
4769,613,3,77
4770,536,29,6
4771,931,48,77
4772,992,0,35
4773,127,44,72
4774,965,43,1
4775,87,58,58
4776,341,5,78
4777,725,11,71
4778,832,26,21
4779,534,15,48
4780,839,34,6
4781,736,9,58
4782,564,44,71
4783,178,14,83
4784,381,18,59
4785,421,8,61
4786,827,40,55
4787,328,4,2
4788,90,40,29
4789,262,5,72
4790,642,27,70
4791,803,74,19
4792,280,57,67
4793,594,2,1
4794,613,43,59
4795,167,23,56
4796,943,25,8
4797,161,44,57
4798,567,10,53
4799,571,47,38
4800,786,68,46
4801,747,58,76
4802,90,50,82
4803,156,59,12
4804,721,11,19
4805,99,9,63
4806,434,36,28
4807,362,36,37
4808,310,22,71
4809,758,36,26
4810,943,17,31
4811,1000,16,49
4812,720,41,11
4813,961,60,27
4814,604,28,50
4815,679,55,16
4816,309,72,24
4817,968,61,84
4818,688,10,71
4819,206,67,11
4820,488,70,17
4821,822,61,29
4822,362,40,26
4823,741,20,70
4824,551,64,79
4825,404,18,26
4826,171,58,46
4827,90,41,64
4828,26,61,10
4829,544,18,58
4830,862,69,80
4831,118,70,33
4832,410,48,34
4833,179,24,38
4834,581,58,54
4835,983,9,60
4836,188,40,70
4837,277,49,76
4838,316,74,65
4839,614,61,23
4840,279,3,61
4841,550,68,39
4842,482,46,47
4843,443,24,11
4844,97,48,77
4845,694,10,47
4846,618,73,15
4847,175,50,48
4848,686,49,59
4849,838,6,72
4850,189,64,59
4851,873,5,76
4852,63,27,66
4853,474,49,10
4854,196,1,23
4855,781,55,9
4856,983,0,35
4857,325,46,65
4858,248,24,30
4859,778,69,25
4860,458,49,21
4861,852,49,15
4862,79,64,34
4863,548,5,71
4864,494,4,77
4865,792,12,20
4866,776,70,44
4867,634,50,46
4868,994,50,62
4869,524,35,24
4870,836,8,41
4871,912,4,47
4872,598,58,35
4873,79,22,12
4874,150,71,28
4875,554,42,77
4876,689,37,75
4877,524,55,38
4878,585,24,12
4879,207,55,11
4880,634,18,64
4881,998,10,60
4882,876,35,70
4883,978,46,36
4884,481,31,7
4885,877,52,1
4886,649,60,27
4887,779,55,34
4888,592,7,42
4889,39,33,38
4890,546,50,84
4891,921,32,34
4892,16,59,26
4893,909,29,52
4894,853,37,51
4895,635,13,63
4896,104,1,59
4897,330,40,42
4898,651,59,13
4899,356,18,31
4900,673,59,37
4901,437,23,69
4902,558,6,5
4903,635,6,2
4904,450,30,27
4905,152,13,29
4906,646,72,74
4907,620,49,74
4908,301,75,18
4909,922,38,44
4910,40,71,35
4911,640,39,50
4912,369,60,64
4913,805,19,62
4914,574,68,37
4915,860,56,74
4916,540,65,10
4917,614,21,75
4918,507,37,10
4919,164,2,24
4920,327,69,23
4921,837,17,10
4922,670,45,55
4923,137,45,18
4924,499,46,26
4925,959,41,10
4926,152,45,68
4927,533,58,49
4928,431,0,74
4929,200,52,73
4930,843,50,30
4931,386,55,27
4932,263,12,44
4933,385,37,41
4934,386,27,63
4935,716,61,9
4936,877,44,74
4937,164,20,76
4938,900,22,4
4939,386,65,84
4940,190,51,23
4941,407,52,62
4942,974,31,42
4943,609,3,23
4944,118,65,66
4945,424,56,79
4946,740,32,11
4947,957,16,79
4948,336,11,61
4949,88,12,50
4950,375,21,26
4951,173,48,50
4952,22,17,9
4953,592,65,41
4954,18,10,30
4955,152,66,6
4956,950,61,18
4957,917,58,6
4958,935,53,58
4959,84,48,78
4960,265,19,12
4961,970,47,56
4962,584,37,25
4963,720,16,2
4964,116,5,69
4965,157,4,39
4966,910,58,84
4967,604,58,26
4968,49,72,64
4969,202,15,32
4970,744,28,11
4971,919,41,67
4972,430,16,48
4973,954,60,36
4974,395,71,9
4975,575,8,34
4976,917,33,60
4977,809,12,14
4978,910,37,58
4979,205,14,82
4980,485,1,10
4981,771,67,75
4982,589,32,32
4983,664,49,56
4984,235,48,19
4985,376,22,75
4986,533,11,21
4987,712,43,81
4988,829,12,50
4989,466,17,25
4990,115,1,2
4991,336,27,30
4992,803,8,78
4993,746,71,48
4994,941,6,60
4995,151,45,62
4996,534,57,45
4997,702,8,8
4998,906,64,17
4999,196,69,10
5000,476,56,59
5001,489,35,6
5002,154,5,42
5003,252,58,6
5004,383,26,52
5005,294,73,65
5006,911,70,78
5007,152,35,62
5008,175,72,30
5009,891,7,79
5010,856,6,39
5011,906,11,43
5012,108,28,40
5013,753,15,15
5014,506,37,25
5015,601,66,42
5016,117,65,16
5017,882,44,47
5018,663,62,8
5019,936,73,67
5020,167,0,2
5021,173,30,61
5022,939,37,17
5023,619,29,37
5024,957,3,34
5025,245,71,73
5026,283,52,82
5027,306,17,22
5028,665,68,24
5029,616,39,21
5030,354,17,62
5031,59,14,36
5032,867,32,33
5033,988,50,50
5034,672,18,49
5035,949,71,41
5036,465,69,1
5037,778,66,6
5038,743,54,34
5039,831,13,70
5040,635,59,63
5041,660,29,53
5042,163,28,38
5043,603,7,56
5044,733,58,39
5045,57,22,6
5046,881,27,43
5047,969,16,77
5048,259,35,32
5049,708,25,77
5050,605,43,72
5051,820,31,58
5052,820,49,50
5053,601,44,65
5054,77,0,11
5055,907,40,49
5056,984,41,40
5057,294,69,61
5058,790,67,52
5059,841,27,73
5060,710,3,20
5061,453,30,39
5062,778,14,81
5063,551,50,5
5064,815,66,29
5065,889,36,73
5066,426,47,54
5067,185,0,52
5068,353,70,27
5069,968,66,58
5070,212,35,46
5071,72,20,48
5072,206,5,34
5073,130,48,41
5074,94,50,79
5075,534,55,20
5076,155,8,35
5077,188,28,80
5078,603,57,22
5079,658,68,56
5080,411,28,8
5081,820,55,32
5082,704,28,57
5083,233,46,5
5084,9,43,24
5085,460,69,35
5086,139,71,47
5087,733,14,15
5088,536,1,80
5089,985,6,41
5090,977,72,53
5091,868,52,48
5092,815,7,28
5093,891,27,26
5094,352,72,46
5095,363,27,71
5096,813,49,50
5097,831,5,32
5098,897,33,25
5099,421,65,15
5100,17,17,16
5101,897,32,72
5102,484,54,15
5103,983,13,6
5104,229,64,82
5105,314,14,69
5106,772,26,26
5107,461,32,72
5108,568,0,73
5109,697,4,6
5110,855,36,52
5111,806,64,8
5112,721,67,31
5113,655,14,48
5114,489,26,64
5115,286,71,62
5116,155,22,28
5117,232,26,52
5118,603,21,20
5119,155,41,13
5120,521,60,65
5121,380,13,22
5122,951,62,9
5123,697,44,55
5124,860,4,57
5125,791,14,20
5126,204,40,50
5127,911,71,72
5128,446,6,30
5129,354,0,75
5130,758,72,55
5131,322,59,25
5132,295,70,11
5133,808,66,71
5134,898,18,80
5135,443,64,38
5136,106,24,50
5137,12,42,17
5138,267,64,51
5139,496,57,56
5140,691,58,76
5141,409,27,80
5142,457,62,74
5143,555,61,84
5144,710,54,74
5145,409,24,23
5146,290,26,31
5147,507,37,41
5148,291,7,17
5149,598,51,62
5150,581,25,64
5151,760,37,84
5152,571,10,58
5153,612,36,35
5154,580,69,25
5155,685,69,46
5156,719,34,28
5157,885,36,21
5158,446,11,52
5159,846,24,67
5160,440,16,12
5161,335,75,26
5162,854,34,4
5163,291,53,80
5164,805,64,30
5165,646,69,59
5166,255,27,78
5167,738,24,46
5168,810,25,21
5169,737,50,13
5170,664,65,73
5171,335,68,21
5172,456,9,23
5173,187,60,20
5174,83,36,57
5175,852,69,78
5176,606,47,21
5177,283,12,45
5178,389,1,18
5179,269,54,41
5180,466,69,46
5181,262,71,54
5182,418,39,20
5183,856,57,84
5184,836,71,24
5185,640,30,74
5186,953,64,69
5187,493,70,34
5188,498,26,27
5189,763,19,17
5190,487,12,70
5191,757,5,26
5192,962,31,37
5193,605,30,18
5194,680,13,6
5195,992,44,72
5196,185,40,20
5197,513,61,11
5198,418,38,45
5199,357,12,60
5200,417,35,24
5201,615,35,54
5202,932,64,81
5203,528,13,83
5204,589,0,41
5205,198,3,45
5206,910,31,50
5207,329,24,75
5208,739,41,77
5209,528,53,33
5210,667,10,28
5211,271,40,59
5212,952,19,56
5213,128,46,37
5214,654,58,81
5215,70,36,45
5216,15,9,84
5217,792,13,56
5218,246,28,78
5219,226,35,7
5220,494,53,25
5221,890,35,37
5222,168,18,20
5223,995,1,54
5224,271,31,29
5225,732,0,73
5226,664,74,46
5227,955,37,51
5228,767,26,11
5229,868,3,14
5230,966,73,76
5231,479,58,7
5232,19,9,30
5233,575,68,11
5234,968,34,74
5235,140,61,7
5236,992,32,61
5237,433,39,79
5238,440,45,45
5239,454,16,37
5240,356,21,42
5241,107,11,48
5242,33,70,25
5243,382,36,29
5244,985,47,52
5245,142,55,45
5246,628,66,14
5247,105,75,37
5248,715,34,6
5249,407,47,78
5250,55,74,7
5251,152,32,71
5252,939,33,9
5253,232,18,9
5254,728,22,40
5255,699,60,3
5256,876,55,10
5257,625,39,65
5258,549,33,3
5259,766,64,6
5260,791,14,45
5261,293,18,65
5262,47,56,74
5263,127,3,57
5264,403,63,63
5265,547,73,43
5266,697,64,83
5267,846,40,34
5268,778,8,56
5269,932,61,68
5270,114,31,62
5271,30,4,36
5272,434,34,37
5273,64,57,44
5274,300,63,43
5275,126,25,1
5276,389,74,1
5277,363,3,58
5278,856,25,78
5279,583,52,68
5280,302,25,59
5281,420,50,15
5282,735,8,50
5283,891,67,83
5284,767,50,82
5285,145,71,40
5286,21,23,2
5287,326,69,61
5288,331,5,26
5289,584,47,27
5290,555,33,68
5291,34,52,23
5292,312,62,83
5293,141,29,66
5294,295,47,28
5295,881,27,31
5296,444,60,31
5297,33,73,68
5298,845,15,5
5299,307,2,65
5300,701,5,22
5301,492,26,18
5302,710,53,48
5303,788,46,61
5304,789,0,60
5305,364,72,84
5306,991,59,48
5307,705,67,37
5308,572,8,20
5309,97,14,34
5310,565,30,19
5311,630,53,69
5312,359,43,35
5313,190,22,5
5314,663,75,17
5315,246,22,30
5316,85,12,77
5317,552,24,77
5318,620,36,49
5319,323,68,55
5320,597,48,1
5321,643,69,30
5322,848,63,41
5323,874,0,72
5324,214,2,19
5325,810,72,73
5326,895,68,18
5327,912,8,46
5328,892,39,14
5329,32,26,54
5330,638,46,62
5331,762,44,15
5332,247,63,10
5333,452,64,15
5334,515,17,1
5335,577,31,29
5336,1,9,10
5337,130,44,74
5338,668,67,45
5339,185,70,27
5340,131,23,53
5341,420,16,14
5342,979,59,61
5343,572,58,18
5344,334,36,11
5345,631,68,58
5346,59,56,64
5347,704,74,56
5348,117,25,28
5349,918,65,26
5350,484,7,22
5351,709,35,10
5352,586,5,65
5353,314,56,11
5354,767,38,7
5355,510,60,27
5356,351,42,56
5357,538,54,30
5358,982,58,31
5359,573,35,72
5360,694,11,40
5361,983,63,39
5362,553,8,80
5363,649,1,44
5364,724,16,74
5365,994,41,2
5366,333,75,61
5367,148,9,11
5368,513,70,45
5369,151,66,41
5370,246,39,24
5371,929,58,47
5372,971,34,79
5373,350,26,52
5374,638,17,24
5375,519,43,5
5376,977,35,53
5377,69,50,58
5378,851,26,76
5379,439,64,6
5380,751,17,1
5381,622,30,39
5382,112,32,45
5383,454,74,84
5384,18,15,77
5385,217,45,76
5386,914,73,23
5387,810,21,13
5388,443,19,71
5389,794,50,19
5390,435,28,49
5391,763,42,35
5392,410,1,55
5393,982,7,61
5394,777,44,8
5395,870,8,58
5396,605,1,39
5397,668,38,57
5398,852,52,32
5399,23,69,50
5400,33,63,67
5401,129,74,65
5402,591,39,2
5403,390,68,1
5404,226,53,25
5405,738,26,58
5406,147,30,59
5407,77,25,38
5408,301,1,6
5409,317,59,40
5410,618,67,15
5411,956,12,57
5412,600,30,36
5413,718,19,41
5414,58,53,22
5415,695,70,56
5416,492,40,10
5417,362,52,32
5418,171,69,5
5419,361,33,40
5420,372,10,71
5421,694,30,19
5422,91,73,6
5423,970,66,37
5424,314,32,50
5425,603,30,8
5426,354,53,8
5427,524,26,49
5428,131,21,58
5429,675,73,23
5430,530,40,77
5431,728,45,31
5432,399,59,77
5433,132,13,43
5434,372,6,59
5435,642,17,61
5436,733,26,22
5437,441,49,41
5438,193,35,26
5439,642,17,27
5440,752,38,35
5441,492,30,24
5442,171,20,8
5443,739,23,21
5444,561,74,59
5445,400,15,16
5446,948,52,75
5447,698,28,72
5448,362,72,84
5449,111,41,69
5450,657,60,64
5451,371,3,54
5452,298,53,58
5453,529,55,37
5454,385,32,67
5455,180,15,75
5456,515,34,63
5457,449,51,83
5458,505,64,11
5459,516,62,76
5460,452,14,44
5461,899,4,35
5462,232,50,77
5463,849,42,80
5464,233,71,40
5465,756,6,59
5466,762,32,26
5467,632,9,1
5468,510,17,26
5469,588,16,80
5470,859,39,23
5471,722,50,11
5472,372,49,29
5473,980,26,40
5474,636,18,19
5475,251,41,69
5476,226,18,33
5477,859,17,26
5478,847,6,79
5479,256,73,19
5480,844,15,43
5481,970,0,41
5482,4,32,66
5483,893,71,4
5484,220,70,19
5485,370,45,4
5486,170,26,35
5487,134,48,44
5488,768,26,31
5489,222,10,4
5490,13,17,36
5491,943,62,44
5492,263,73,60
5493,556,41,76
5494,320,8,42
5495,138,45,43
5496,413,22,5
5497,611,48,37
5498,363,55,56
5499,825,0,82
5500,288,68,27
5501,259,38,81
5502,163,8,42
5503,18,12,64
5504,861,31,56
5505,975,68,78
5506,961,28,72
5507,694,7,68
5508,734,21,47
5509,225,33,4
5510,478,24,40
5511,984,27,71
5512,64,57,11
5513,74,70,7
5514,553,3,22
5515,776,61,70
5516,761,17,31
5517,29,66,18
5518,360,28,31
5519,579,20,60
5520,202,54,20
5521,945,25,75
5522,399,41,16
5523,530,70,23
5524,540,30,46
5525,454,53,83
5526,55,2,8
5527,461,22,35
5528,282,37,31
5529,880,15,51
5530,783,16,5
5531,927,33,47
5532,921,43,44
5533,929,72,38
5534,319,72,48
5535,952,57,1
5536,802,51,63
5537,181,68,5
5538,487,69,63
5539,749,45,70
5540,544,75,75
5541,52,17,28
5542,906,66,3
5543,521,66,48
5544,970,12,84
5545,157,75,9
5546,858,28,12
5547,184,40,84
5548,165,43,30
5549,511,3,3
5550,800,34,62
5551,586,54,56
5552,517,11,62
5553,936,24,8
5554,427,41,40
5555,178,2,35
5556,994,51,75
5557,929,54,79
5558,149,34,2
5559,230,44,38
5560,756,24,68
5561,861,5,54
5562,824,22,42
5563,213,57,30
5564,12,47,51
5565,539,48,25
5566,393,13,40
5567,79,37,27
5568,130,25,33
5569,327,74,74
5570,476,49,10
5571,120,26,39
5572,309,21,65
5573,302,42,42
5574,971,1,61
5575,286,4,77
5576,402,48,14
5577,178,11,8
5578,500,40,13
5579,476,26,64
5580,321,66,29
5581,834,41,15
5582,953,21,73
5583,193,35,11
5584,843,13,4
5585,327,14,4
5586,176,40,1
5587,381,5,72
5588,224,40,80
5589,853,43,26
5590,496,60,32
5591,964,53,77
5592,415,45,51
5593,727,74,74
5594,761,44,47
5595,232,34,66
5596,680,1,66
5597,848,66,3
5598,167,21,71
5599,414,61,50
5600,971,48,10
5601,963,32,48
5602,507,54,29
5603,265,0,63
5604,538,48,19
5605,297,3,42
5606,178,22,35
5607,231,17,13
5608,689,59,63
5609,347,68,32
5610,384,71,21
5611,122,13,17
5612,97,55,75
5613,261,40,15
5614,512,45,15
5615,338,41,74
5616,771,26,29
5617,986,72,46
5618,10,32,26
5619,124,54,6
5620,124,14,9
5621,912,3,66
5622,100,75,42
5623,102,47,70
5624,348,70,11
5625,894,52,77
5626,27,58,83
5627,75,75,48
5628,885,33,16
5629,622,28,59
5630,51,63,53
5631,848,50,8
5632,269,21,55
5633,878,62,10
5634,235,5,21
5635,582,66,61
5636,214,21,43
5637,660,75,47
5638,151,35,36
5639,727,4,32
5640,85,7,24
5641,609,38,30
5642,420,50,64
5643,966,24,74
5644,859,74,32
5645,963,51,74
5646,615,40,63
5647,586,24,27
5648,212,14,50
5649,855,44,75
5650,286,32,18
5651,333,68,60
5652,259,19,50
5653,810,36,34
5654,439,31,77
5655,846,73,20
5656,924,64,65
5657,698,17,41
5658,596,8,79
5659,502,70,24
5660,388,35,60
5661,305,28,69
5662,452,70,60
5663,97,75,1
5664,471,61,68
5665,455,35,29
5666,334,46,25
5667,970,55,58
5668,374,19,2
5669,49,32,16
5670,72,23,8
5671,175,31,40
5672,671,18,58
5673,979,18,81
5674,711,12,14
5675,430,14,57
5676,450,60,71
5677,35,69,75
5678,472,51,54
5679,622,67,14
5680,41,70,69
5681,16,32,68
5682,583,23,70
5683,296,61,80
5684,668,47,9
5685,490,44,51
5686,606,33,63
5687,293,35,61
5688,895,51,48
5689,712,12,11
5690,245,20,61
5691,233,20,1
5692,980,54,68
5693,641,58,25
5694,960,13,84
5695,760,30,60
5696,495,52,62
5697,849,48,73
5698,793,30,24
5699,52,17,40
5700,674,25,13
5701,82,33,29
5702,99,72,3
5703,450,40,77
5704,763,75,35
5705,98,71,17
5706,238,41,37
5707,279,1,37
5708,959,66,7
5709,47,13,84
5710,218,3,69
5711,162,12,26
5712,246,74,66
5713,405,16,46
5714,285,34,46
5715,203,23,29
5716,1000,0,2
5717,984,58,27
5718,449,5,37
5719,287,59,79
5720,915,4,78
5721,871,30,50
5722,445,3,37
5723,910,11,21
5724,260,20,67
5725,453,58,6
5726,601,21,67
5727,198,21,13
5728,92,61,42
5729,77,35,53
5730,555,21,42
5731,552,60,16
5732,445,32,7
5733,389,25,55
5734,481,20,27
5735,835,60,41
5736,901,36,31
5737,915,65,28
5738,507,57,69
5739,637,33,76
5740,701,7,46
5741,270,58,6
5742,153,62,62
5743,948,35,71
5744,410,51,80
5745,472,10,4
5746,688,26,81
5747,410,24,58
5748,269,62,3
5749,417,10,32
5750,789,47,59
5751,298,72,73
5752,519,9,84
5753,896,60,39
5754,986,69,82
5755,753,72,28
5756,297,7,50
5757,921,49,82
5758,822,49,53
5759,445,58,3
5760,864,2,26
5761,339,71,35
5762,67,37,4
5763,198,40,64
5764,120,73,13
5765,314,38,5
5766,965,10,80
5767,975,26,13
5768,256,75,83
5769,964,63,21
5770,439,55,27
5771,380,41,18
5772,58,35,83
5773,977,9,71
5774,436,28,8
5775,492,37,58
5776,968,18,56
5777,904,56,78
5778,356,55,18
5779,650,19,41
5780,850,17,56
5781,392,68,33
5782,629,62,45
5783,375,54,50
5784,229,30,38
5785,825,41,8
5786,266,57,30
5787,850,8,66
5788,551,63,73
5789,488,33,16
5790,809,18,21
5791,728,38,70
5792,585,10,32
5793,445,5,30
5794,858,45,4
5795,943,9,6
5796,366,71,39
5797,739,44,15
5798,92,30,70
5799,625,30,35
5800,356,62,10
5801,725,29,20
5802,110,65,82
5803,921,53,27
5804,134,2,5
5805,890,49,66
5806,679,2,57
5807,821,17,77
5808,867,12,76
5809,228,44,26
5810,203,12,52
5811,640,68,81
5812,635,69,63
5813,816,33,80
5814,911,58,55
5815,147,71,64
5816,996,21,30
5817,429,73,23
5818,645,7,24
5819,844,39,60
5820,865,65,64
5821,516,44,52
5822,581,74,53
5823,939,61,54
5824,90,11,41
5825,540,45,16
5826,287,37,66
5827,993,41,19
5828,451,73,11
5829,402,57,30
5830,470,53,63
5831,713,65,79
5832,857,45,53
5833,657,59,66
5834,387,40,62
5835,531,52,39
5836,330,6,24
5837,111,74,29
5838,46,29,47
5839,1000,66,24
5840,553,63,25
5841,555,48,14
5842,349,12,75
5843,217,40,14
5844,678,30,79
5845,995,40,27
5846,962,66,45
5847,277,8,40
5848,18,1,29
5849,180,68,35
5850,959,52,75
5851,867,62,83
5852,773,38,67
5853,255,22,39
5854,605,48,54
5855,263,50,62
5856,769,75,40
5857,409,8,53
5858,528,57,74
5859,280,8,71
5860,715,54,71
5861,653,36,10
5862,159,20,48
5863,89,67,27
5864,451,7,11
5865,984,33,61
5866,218,61,5
5867,833,21,33
5868,941,5,46
5869,939,56,50
5870,473,74,64
5871,799,62,72
5872,472,68,1
5873,840,28,8
5874,118,15,67
5875,40,42,84
5876,896,15,45
5877,704,32,74
5878,388,8,43
5879,317,22,64
5880,318,22,42
5881,405,61,9
5882,389,48,1
5883,97,55,42
5884,432,72,45
5885,702,59,59
5886,817,35,67
5887,897,74,59
5888,998,66,7
5889,353,50,66
5890,592,52,12
5891,725,48,81
5892,109,16,70
5893,550,68,25
5894,135,43,14
5895,19,24,45
5896,833,0,52
5897,147,16,79
5898,793,50,73
5899,416,30,75
5900,601,13,11
5901,172,73,24
5902,633,62,60
5903,102,63,73
5904,770,73,72
5905,459,3,37
5906,504,15,9
5907,855,22,74
5908,865,38,48
5909,625,73,62
5910,100,13,51
5911,958,49,12
5912,309,13,38
5913,837,14,1
5914,693,63,66
5915,660,6,25
5916,88,53,61
5917,145,27,71
5918,78,20,69
5919,885,4,19
5920,622,47,28
5921,176,65,25
5922,327,29,42
5923,481,49,28
5924,537,41,44
5925,983,49,22
5926,187,36,3
5927,631,20,38
5928,165,17,38
5929,582,1,71
5930,296,2,46
5931,259,49,11
5932,996,64,33
5933,137,48,2
5934,137,4,32
5935,764,6,65
5936,829,57,57
5937,483,51,54
5938,284,72,3
5939,746,37,77
5940,492,64,39
5941,973,62,69
5942,500,5,49
5943,28,58,57
5944,745,22,53
5945,48,21,60
5946,244,17,57
5947,773,3,64
5948,130,22,64
5949,40,3,41
5950,444,58,53
5951,963,67,4
5952,419,50,37
5953,843,53,31
5954,715,33,9
5955,219,33,14
5956,394,56,67
5957,74,64,42
5958,242,1,61
5959,413,37,72
5960,522,52,23
5961,510,34,38
5962,989,48,44
5963,10,6,73
5964,356,32,82
5965,165,71,19
5966,254,52,28
5967,101,18,40
5968,186,51,66
5969,498,71,63
5970,430,40,63
5971,824,38,22
5972,5,66,46
5973,472,55,17
5974,604,3,69
5975,793,7,4
5976,792,28,49
5977,843,8,7
5978,422,42,22
5979,307,15,77
5980,537,24,42
5981,612,35,56
5982,789,39,34
5983,190,58,54
5984,10,53,61
5985,963,74,64
5986,266,61,28
5987,666,27,25
5988,588,36,7
5989,625,75,34
5990,838,43,11
5991,451,42,82
5992,974,74,34
5993,395,8,76
5994,724,61,74
5995,668,11,60
5996,743,49,13
5997,203,30,44
5998,147,50,20
5999,465,6,47
