532,2,0
5020,2,0
5716,2,0
1788,2,0
793,2,0
4470,2,0
458,2,0
2428,2,0
2625,1,0
5054,2,0
4405,1,0
330,2,0
3285,1,0
4645,1,0
1721,1,0
673,3,0
693,3,0
1945,3,0
1659,3,0
460,3,0
266,3,0
682,2,0
2102,1,0
3076,1,0
3802,3,0
1459,3,0
4670,3,0
4772,3,0
4856,4,0
4217,3,0
4553,3,0
3400,4,0
5204,4,0
5481,4,0
1405,4,0
3242,4,0
2419,4,0
2927,0,0
3662,0,0
4283,0,0
938,0,0
1156,0,0
5067,0,0
5896,0,0
1762,0,0
4684,0,0
2642,0,0
2523,0,0
3295,0,0
191,0,0
2721,0,0
5304,0,0
911,0,0
968,0,0
5603,0,0
1,0,0
4694,0,0
2736,1,0
797,2,2
2399,0,2
3545,2,10
4178,1,11
930,1,11
5323,2,11
5108,1,13
5225,1,18
4928,2,18
4604,1,19
5129,1,19
3450,1,20
3458,3,21
4333,3,22
3594,2,22
4221,3,23
5499,3,30
2348,1,30
4990,2,30
1045,0,30
5408,3,30
2457,3,30
3370,3,31
4199,4,35
2190,3,35
4980,3,35
133,4,35
602,1,35
2941,3,36
3474,3,38
3611,2,38
483,3,39
520,1,39
3549,3,39
4511,4,41
5178,4,41
2452,4,41
4854,4,41
140,4,42
309,0,42
796,4,42
2213,4,43
2619,4,44
2940,0,44
3336,3,45
5848,1,45
3055,0,45
3202,4,45
4514,3,45
2803,4,46
2916,0,46
4506,3,48
1057,3,50
5707,3,50
5396,0,52
2982,1,52
3013,4,52
3590,3,52
833,0,52
2949,2,52
5363,3,53
587,0,54
4654,0,57
2035,0,59
2808,0,59
4118,4,59
1650,3,59
5223,0,60
1820,0,60
5392,0,60
1789,0,60
4896,1,60
5574,0,63
5958,0,63
3348,1,63
732,0,63
1215,4,64
5596,4,66
1483,0,66
2661,4,66
783,0,66
3998,0,67
3080,4,68
5929,2,72
3819,3,72
4709,4,72
3171,0,73
3427,4,73
5088,0,73
2962,0,73
3114,3,74
3467,3,74
4793,4,75
3182,1,75
341,4,76
1063,2,76
5804,2,76
154,0,76
3116,0,76
2468,4,80
5526,1,80
1279,3,80
396,2,81
2588,1,82
3986,2,83
2974,1,83
5324,4,83
177,2,83
2786,0,83
3797,3,83
1385,3,83
2682,1,86
4919,0,86
671,1,86
2462,0,86
5760,4,88
4547,3,88
479,1,91
2710,3,91
4481,0,91
4424,1,94
3246,0,95
5555,4,95
1198,2,95
2807,3,96
3078,3,96
1428,1,96
2782,3,97
2985,2,97
3460,3,99
4567,2,99
2594,0,99
3403,1,100
5930,1,100
1192,2,100
3015,2,101
591,2,101
519,0,103
4577,0,106
5806,3,106
385,2,106
4284,0,109
3968,1,110
1097,0,110
1053,4,112
1301,1,112
1783,3,112
2117,1,112
4430,3,112
5299,0,112
2586,3,113
1706,0,114
2402,4,114
3287,0,115
213,1,122
53,3,122
1570,0,122
3074,0,124
1440,0,124
2165,1,127
3009,0,129
129,4,130
722,1,130
1793,0,133
4705,3,133
964,4,133
1379,0,134
2135,0,136
1044,2,136
5549,0,136
3914,3,137
4379,1,137
1781,4,137
4077,3,141
2174,3,141
1355,2,141
4548,1,141
4641,0,141
5229,0,142
2899,0,142
4114,4,142
187,2,143
134,3,143
5060,4,144
487,2,144
15,1,144
872,4,144
4714,3,152
5514,2,152
4943,0,152
2247,4,153
4467,2,153
622,0,155
4572,0,156
712,1,156
5024,0,156
5722,3,158
5905,3,158
1218,4,159
3088,0,160
5949,0,160
2495,2,161
2890,3,163
5605,2,163
765,3,163
5205,4,164
2508,4,164
3698,3,164
39,2,164
2130,1,164
3393,1,166
5451,2,166
5263,2,166
5277,4,166
3747,0,169
2045,0,169
4840,1,171
2290,1,171
2880,0,172
3355,2,174
4449,3,174
4728,2,174
5947,3,175
299,4,175
1765,1,175
2703,3,175
5621,0,177
2314,2,177
3943,1,177
5710,3,177
5974,4,177
2019,4,179
661,1,179
2590,3,179
3046,2,179
3810,0,181
4769,4,181
3503,2,181
948,4,181
4093,0,182
2531,0,182
3630,0,185
4241,2,185
4578,1,190
308,0,190
4095,0,190
4787,0,190
4722,0,191
5109,0,191
4107,3,191
1232,0,191
1189,0,194
1704,3,195
2273,3,195
1865,0,197
3818,0,197
874,0,197
4180,0,200
5919,1,202
2272,1,202
1716,1,202
3931,0,202
1969,3,205
5639,2,205
5934,3,205
3373,3,205
5461,0,206
5271,2,206
4238,0,206
4485,3,206
4965,0,206
561,0,206
2196,4,206
3328,3,207
3548,3,207
2027,3,208
4871,4,209
383,0,211
3859,0,214
3409,3,214
5124,0,214
1158,0,214
3649,1,214
2440,4,216
3901,2,216
4256,4,216
219,0,218
4285,0,219
4130,0,219
4370,0,220
855,0,220
3703,3,220
2719,2,220
1744,1,221
3256,0,221
3967,0,221
2881,2,221
4134,4,221
4864,1,221
5575,1,221
1868,0,228
3953,1,234
5720,0,235
118,3,235
953,2,237
2796,2,237
864,4,237
1872,3,238
974,4,238
2879,3,239
859,0,241
2778,0,241
435,1,241
3186,0,243
4687,0,243
1929,3,244
2001,4,246
26,4,249
4159,0,250
4363,3,250
418,0,250
5634,2,250
3641,3,254
5300,3,254
1667,3,254
2141,0,254
1620,1,254
5191,0,256
5288,0,256
1081,2,256
289,4,256
592,4,256
5793,0,256
918,4,256
5097,4,261
21,0,261
2018,0,263
5072,2,263
588,3,263
1769,1,263
5718,0,263
320,4,263
4326,4,263
1880,0,265
5002,0,265
1430,4,267
978,4,267
4608,3,267
901,3,269
2496,3,269
5868,0,269
556,0,271
5942,0,271
1036,0,273
2705,1,274
5561,3,276
3971,4,277
2461,3,277
3941,3,277
1500,2,277
2391,4,277
2392,4,277
1197,0,278
4767,0,280
384,1,280
5352,0,281
4242,0,282
372,4,282
4964,4,282
4863,0,282
4789,0,282
5587,2,283
2699,4,284
4851,4,285
246,0,287
4776,1,291
794,4,293
2678,4,293
1351,1,293
3020,0,295
2677,0,296
4903,2,297
4249,0,297
3377,2,297
2351,1,298
3938,0,298
4902,0,298
3316,0,298
3415,0,300
4019,0,300
3822,1,300
2574,1,303
1934,4,303
221,2,303
280,0,306
3828,0,307
1918,3,307
2686,0,307
1775,0,312
3315,2,312
5836,4,312
5915,3,312
2201,1,312
1532,4,312
1662,2,312
5128,4,312
1565,0,313
743,0,314
4146,0,315
3215,1,315
340,3,315
895,4,315
2851,3,315
821,4,315
2747,0,318
5010,2,318
3184,2,318
327,1,319
5089,0,320
2390,3,320
3299,0,325
908,0,326
4306,1,326
1797,3,326
5999,2,326
1023,2,326
3047,0,326
1431,4,326
3994,2,326
100,1,326
660,3,327
4504,3,330
2773,4,332
5434,3,332
5465,3,333
2604,4,334
3963,0,335
4994,3,337
3360,1,338
3536,1,338
1884,0,338
1791,3,338
2993,2,338
3982,4,338
5935,4,339
273,0,344
3490,0,345
3856,0,346
1656,2,346
2903,0,346
1858,0,348
2520,0,349
1418,4,349
2291,1,349
2691,3,350
4849,3,350
386,1,350
5963,2,350
2935,2,350
1519,0,353
3118,4,353
1260,0,354
3226,4,354
5478,0,355
332,2,357
4518,0,357
2552,2,357
811,2,358
1792,4,359
3605,4,359
1961,0,361
5975,1,361
2236,2,361
3547,4,361
1455,0,364
3868,0,365
2268,2,365
5864,3,365
1707,4,365
4179,1,369
4476,2,369
1372,0,370
4535,0,372
3904,1,372
5148,0,372
3025,4,372
5350,4,372
2933,0,374
3713,0,374
5640,3,374
5818,0,375
3273,2,375
4260,2,376
3441,4,376
3728,4,377
5092,1,381
1920,4,381
3451,3,381
2271,3,381
680,2,381
2270,0,386
1229,3,386
3950,0,388
3947,2,388
1823,3,388
2510,1,389
4888,0,389
124,4,389
1709,3,392
2607,4,392
5740,4,394
4282,0,394
2517,4,394
5756,4,394
2412,0,395
4184,4,395
841,2,395
4235,0,397
3983,0,397
5043,3,397
768,3,397
3753,0,399
5393,1,401
2662,4,401
546,2,401
1119,0,402
4102,4,403
398,0,403
3666,4,403
5507,2,403
2054,1,403
1271,3,403
4092,4,404
576,3,404
2187,2,404
2231,0,404
4672,4,404
3647,1,409
3845,0,412
5009,0,414
1866,0,414
4070,0,416
800,0,419
90,0,420
4132,3,420
3108,1,421
2442,1,421
1210,3,422
4111,1,422
1697,2,422
5977,0,423
1951,0,423
2342,1,423
4997,3,423
1273,4,423
4261,0,423
3607,3,425
935,0,427
4074,3,428
4294,0,429
2567,0,430
5308,3,430
3907,4,430
4061,0,430
3298,2,430
1103,3,431
4361,1,431
1851,1,431
3597,0,432
2943,3,432
3085,4,433
4975,0,434
5076,2,434
2581,3,435
517,4,435
3912,4,436
5847,0,436
4870,3,439
1133,2,439
5494,2,439
5502,4,440
5878,4,440
726,2,441
2052,0,442
2952,4,442
5327,4,444
916,3,444
5282,0,448
1643,0,448
3308,0,450
2355,0,451
5857,3,451
3853,0,451
195,0,453
1366,3,453
3054,4,453
5268,3,458
1767,3,458
5395,1,461
2645,0,461
4785,2,461
3468,2,461
2134,1,461
5787,0,462
4272,1,462
2009,0,467
4721,0,467
2012,1,467
2051,4,469
5859,2,469
2956,2,469
3183,4,469
644,0,469
5993,3,469
3690,3,469
3381,2,469
4992,3,473
5658,2,473
1239,4,474
3235,4,474
5362,1,474
3623,3,480
1993,4,481
2243,4,483
3165,3,483
3446,3,483
2192,4,483
3897,0,483
230,2,483
1112,2,485
4071,0,486
5467,2,486
2202,2,486
1070,2,486
2456,2,488
5795,4,490
1720,0,491
2431,4,491
5336,4,491
3331,0,493
5367,0,493
656,1,493
2060,2,494
1955,4,496
3554,2,496
388,3,496
318,0,497
4459,0,498
2756,0,499
4452,0,499
4526,0,499
5172,0,500
2088,0,501
3010,0,501
3675,0,502
2582,0,504
2659,0,504
5232,1,504
2720,0,504
4137,0,504
1052,3,504
1007,0,504
3266,3,504
1462,1,506
1676,0,506
4148,2,507
4513,4,507
3742,0,509
1220,4,510
2767,3,513
2737,3,513
2079,2,513
2416,3,514
2695,2,514
3602,0,515
3023,0,516
3693,3,516
1739,0,516
4781,1,519
18,0,519
4411,0,521
4835,0,525
1344,0,528
1145,0,528
1888,1,528
3469,0,529
4805,1,529
1473,0,529
3628,2,529
2633,4,529
232,1,529
3174,0,529
188,1,530
3423,0,535
5773,0,536
1518,0,536
664,4,539
3586,3,539
1862,0,539
5216,3,539
5752,0,540
2436,1,540
437,0,540
4571,0,545
4534,3,545
5489,4,545
5745,1,545
2167,1,546
3731,2,547
3886,2,547
4194,4,547
4671,0,548
1563,1,549
4602,3,549
584,0,549
608,0,549
4427,3,551
2205,2,551
3543,4,551
2449,4,551
2471,3,551
3790,1,551
3428,1,551
3236,0,551
4747,2,552
1406,4,553
5210,4,554
4954,0,554
1050,1,554
3911,4,554
5749,2,557
5792,2,557
1312,3,558
1633,0,560
4472,2,560
3211,3,561
1819,3,561
4075,3,561
742,4,563
861,4,565
4845,3,565
2476,3,565
2186,4,565
4798,0,565
176,3,567
4106,3,567
5152,1,567
271,0,569
4881,3,573
914,0,573
942,0,574
1569,3,574
3601,2,574
1176,2,575
2100,1,577
3716,1,577
52,0,577
4818,0,581
5420,1,581
284,1,581
286,0,581
1407,0,581
2861,4,581
3366,4,581
1778,4,582
552,3,582
3334,0,585
5766,4,586
2032,2,589
2944,0,590
3727,1,591
4762,0,592
4150,3,594
927,1,594
3581,2,594
3199,0,594
94,3,595
5577,4,595
1609,0,597
103,2,597
2724,2,598
631,1,599
4063,0,600
4804,3,600
4986,1,600
5723,3,602
1386,3,602
3682,3,602
1594,0,604
1325,0,604
482,0,607
4029,0,607
1214,4,607
1566,3,607
2698,2,611
4313,0,611
2122,0,611
1382,2,611
1369,4,612
2024,4,612
4334,3,612
752,2,612
2527,0,614
3775,1,614
4500,4,614
4522,4,614
3949,3,616
79,1,616
2044,1,616
5360,3,619
1389,3,619
5824,4,619
4085,0,621
5011,3,623
359,1,623
5241,1,623
4466,3,623
88,0,624
5158,3,625
218,0,625
2385,4,625
2601,3,625
2672,1,625
2975,0,628
4008,0,628
2143,0,632
2336,0,632
5995,3,633
3578,1,633
4030,0,633
4948,3,633
658,0,634
5552,0,636
2554,0,641
105,3,641
1476,2,641
2378,2,641
347,4,641
368,2,641
1268,2,641
2878,1,643
4626,4,646
893,2,646
4777,4,651
2532,1,651
737,0,651
2478,0,651
751,1,651
1378,3,651
3345,4,651
1729,0,657
1196,0,657
1579,1,657
2445,0,657
3206,3,657
438,4,657
3486,4,659
1323,4,659
4702,3,659
1479,4,661
1807,2,661
144,4,663
1281,4,663
2929,0,664
3507,0,664
5689,4,665
4523,3,665
4977,3,666
5674,0,666
3159,2,666
251,3,666
2215,2,666
3719,4,666
856,3,672
4865,4,672
1898,0,673
5711,1,673
1798,0,674
3627,1,674
2610,4,676
2937,1,676
4014,0,676
254,3,679
406,3,679
897,1,679
1741,4,679
2280,4,679
3059,2,679
4385,0,679
1938,0,680
1439,3,680
1828,0,684
3017,4,685
4932,2,685
1364,0,685
2866,0,691
3680,4,692
4691,1,692
5177,0,692
3615,3,692
4949,3,692
4988,3,692
4716,3,693
5810,0,693
2022,0,694
1496,0,698
1809,3,698
5411,0,699
4000,0,699
5199,0,701
98,1,701
814,4,704
2732,0,704
5503,0,704
1844,3,704
2533,0,704
3001,0,705
3599,4,705
2293,2,710
2062,3,710
5190,3,710
2108,2,710
3988,3,710
4628,2,710
426,4,711
5842,1,711
3855,1,711
5808,4,715
4377,0,717
5316,4,717
310,1,724
2562,0,724
2326,2,724
5544,0,725
367,3,725
524,4,725
1995,3,725
4015,1,726
4185,2,726
609,3,726
5584,4,726
1648,0,726
3420,1,727
3740,0,727
2389,3,728
5103,4,729
5194,3,730
1254,2,730
3580,0,730
80,4,730
349,4,730
4647,1,730
5900,0,732
3222,1,732
3039,0,732
1684,4,735
3926,4,735
5611,4,735
4394,3,735
3069,3,736
315,3,736
2498,0,736
4434,0,736
2534,0,736
5121,4,737
3744,0,737
2775,0,739
636,4,739
639,2,739
2911,0,739
4127,3,739
1687,4,739
322,4,740
4905,4,740
973,2,740
2376,0,740
3644,0,740
3749,1,740
1243,3,742
48,0,745
1499,3,745
1921,1,745
5912,0,745
5566,3,745
5433,0,745
822,0,748
1107,4,752
2447,0,755
4686,0,755
3923,4,755
1237,3,755
3040,1,755
3724,3,755
5910,3,755
846,3,755
1110,0,756
5217,0,757
1927,3,757
283,0,757
2043,1,762
4677,1,762
4895,0,762
146,0,763
1963,4,764
2966,0,764
3624,0,764
4050,2,764
5039,4,767
4498,3,767
2185,0,770
2313,4,770
1658,4,770
1867,2,770
3120,0,770
2138,0,770
2259,0,771
212,3,771
627,1,772
1560,2,778
1244,3,779
2228,0,779
5203,3,780
5694,3,782
5709,3,782
1175,0,782
5913,2,782
228,1,782
3414,4,782
5585,0,782
596,3,782
1264,2,782
1670,1,782
2026,2,783
1580,1,783
5620,1,783
537,0,783
1195,4,785
2499,1,785
3455,3,785
1396,0,785
4027,4,785
5087,1,787
4478,3,787
4473,0,788
2708,4,788
4489,2,790
594,2,791
3882,4,791
5125,0,793
530,3,793
3874,0,794
1521,4,794
923,4,797
2395,4,797
3205,2,797
4012,4,797
408,1,797
1287,2,797
1373,3,797
1575,0,797
5309,0,797
3934,1,802
5031,4,802
2994,4,802
4415,4,802
878,0,802
988,0,802
1576,3,803
5460,4,804
5260,1,805
1869,0,805
808,3,806
4275,3,806
4369,1,806
5113,2,808
2685,1,808
5648,4,808
2751,0,809
3170,0,809
3571,4,811
4189,0,812
4196,4,812
55,0,812
2180,2,812
4094,2,812
2076,0,813
4175,0,813
3130,0,813
5675,0,815
1404,3,815
2113,0,815
2178,4,820
2882,2,820
1669,4,820
4667,0,820
2849,3,820
5105,4,820
3157,2,821
1028,1,824
14,1,825
1655,4,825
1710,0,825
27,0,826
3671,0,828
5062,4,832
667,0,833
4057,4,838
4979,2,838
4783,3,838
2200,0,838
2183,0,838
4131,0,843
6,1,843
2938,0,845
5298,4,846
1790,0,847
4736,3,847
2458,0,847
136,0,850
4332,3,850
5906,1,850
3333,0,850
2483,3,850
4696,0,850
543,1,850
4715,4,850
549,0,850
3733,4,851
5013,0,852
3972,0,854
5445,3,854
1694,1,854
1761,4,854
1228,3,854
1766,3,854
4252,3,854
2310,2,856
3577,0,859
1411,0,859
3839,0,859
4706,2,859
488,0,859
2095,1,859
4969,4,859
416,2,859
1505,3,859
2137,1,859
265,0,860
1600,0,860
2112,2,860
2233,0,860
2596,3,861
4155,0,862
5480,1,862
4404,4,862
5876,4,862
4779,3,863
4227,0,863
3229,3,863
2429,3,863
5529,0,863
2556,3,866
2164,4,866
4574,0,866
4340,0,867
305,0,869
365,3,869
2477,0,869
4536,0,870
1295,2,870
1649,0,870
5874,2,870
3245,3,870
3645,0,872
889,3,875
51,3,875
1507,1,875
1019,4,875
1922,4,875
3887,3,879
4624,3,879
5455,1,879
102,0,885
5384,3,885
5979,2,885
1935,0,886
3717,3,886
3034,2,887
4963,4,887
1756,0,888
4727,4,889
3626,2,889
5530,4,889
3026,2,894
3827,4,894
4584,0,894
3613,1,895
2946,4,895
5160,1,896
157,1,897
4376,0,898
5341,1,898
107,2,901
2435,0,901
3213,1,901
2168,2,901
3893,4,901
400,4,901
2405,3,901
2904,4,901
3290,3,901
3936,0,901
3778,0,901
3485,2,901
615,1,903
1203,4,903
1060,2,903
1825,0,903
2224,3,904
2667,0,904
4652,1,905
815,3,905
1285,0,905
5239,0,905
887,3,905
1665,0,906
3071,0,906
4378,4,907
3633,4,907
4704,4,907
5713,4,907
1299,1,907
1458,1,908
4446,1,910
4972,1,910
4811,0,912
1583,0,914
3521,0,914
1873,0,914
3036,4,914
1209,3,914
686,1,914
3279,0,919
1653,2,920
4055,1,920
2560,0,920
1432,4,920
1068,2,921
5892,0,921
75,3,921
1730,2,921
5364,3,922
1211,0,922
2613,4,922
5047,4,924
296,3,924
4947,0,925
5897,0,925
1638,0,928
5469,0,929
2396,0,932
2754,0,932
4141,1,936
5334,0,936
5380,0,938
2371,0,938
475,2,938
884,3,939
3135,0,939
3656,3,939
1296,0,939
4952,3,939
3654,2,939
4921,0,940
1169,1,941
5607,0,941
5100,0,941
3368,4,941
3766,3,944
5027,0,944
3050,3,945
5374,3,945
4989,2,945
3142,0,945
5468,0,945
5477,4,947
110,4,949
2260,0,949
5439,0,950
3429,4,950
5541,0,950
2197,2,950
4810,3,952
5516,1,953
4633,1,954
3337,1,958
728,0,961
981,0,962
2611,3,963
1803,0,966
3667,0,968
5490,0,968
3456,1,968
5928,2,968
759,2,968
5699,2,968
5657,4,969
589,2,969
1331,3,969
905,3,969
4768,4,969
1161,3,969
3544,3,969
409,3,970
1990,0,971
2781,2,971
4563,3,971
4076,4,973
5780,0,973
3648,4,976
5946,2,976
456,1,976
830,4,976
4516,0,976
5435,0,977
3262,0,977
5030,4,978
829,0,979
3956,2,981
412,0,981
648,0,981
1109,3,983
36,1,984
4681,4,985
381,1,986
2257,0,986
3433,1,991
1592,2,991
325,0,995
3349,3,995
3992,0,997
5807,0,998
480,1,998
40,0,998
3230,3,998
932,4,1001
3350,3,1001
1623,2,1001
2687,0,1002
2924,4,1002
5253,0,1002
4531,4,1002
4151,3,1002
3966,0,1002
407,3,1002
2464,4,1002
3464,0,1004
5474,0,1004
285,1,1004
5222,0,1004
5790,0,1004
447,0,1008
1083,0,1010
4825,1,1010
2217,4,1010
3371,3,1011
4899,0,1011
2844,2,1011
470,4,1012
5476,0,1012
269,3,1012
1401,4,1013
3755,0,1013
4549,3,1015
705,3,1015
5967,4,1015
4078,1,1015
95,3,1019
1896,0,1019
1906,0,1022
2500,3,1022
4181,0,1023
2584,1,1023
5034,0,1025
1226,2,1025
924,4,1029
1895,1,1029
5776,0,1029
58,0,1029
3338,0,1029
4829,4,1029
5672,2,1029
4784,3,1029
71,0,1032
4880,0,1032
5261,2,1033
1157,4,1033
4048,4,1033
378,1,1034
4503,0,1035
2969,0,1035
464,0,1035
1207,1,1036
1926,4,1038
1341,0,1038
2704,0,1042
3975,4,1045
5134,2,1046
5673,0,1047
2169,2,1047
252,4,1047
5668,3,1047
1593,4,1047
1446,2,1047
3745,3,1047
3783,2,1047
4960,0,1047
3462,1,1047
1193,3,1047
4413,4,1049
5189,3,1049
2657,3,1049
3795,0,1049
2298,1,1049
3223,4,1051
4331,3,1053
1494,0,1053
3964,4,1054
4348,3,1055
665,1,1056
250,1,1056
1356,4,1056
113,0,1056
227,4,1056
61,3,1063
413,0,1064
1622,1,1064
4304,1,1065
749,3,1065
2364,1,1065
847,4,1065
164,3,1066
2855,0,1066
2875,2,1067
5413,0,1067
5779,0,1071
514,4,1071
422,3,1072
3523,0,1072
710,1,1073
3048,1,1073
1847,0,1074
2915,0,1074
3891,0,1074
5652,0,1074
401,0,1074
929,0,1075
255,0,1075
2701,4,1075
2053,3,1077
2091,0,1078
4586,4,1079
5212,3,1080
3900,4,1080
1582,0,1080
3573,1,1082
655,1,1082
4913,4,1082
1217,3,1082
2583,4,1082
1076,0,1085
4214,2,1087
3830,2,1087
4177,0,1087
121,0,1087
423,4,1087
5388,4,1087
468,3,1087
708,3,1092
3655,0,1092
933,0,1093
618,1,1093
3239,3,1093
5691,0,1093
431,3,1094
662,0,1096
3472,1,1098
5442,1,1098
2089,3,1098
674,3,1100
4637,0,1100
980,4,1102
2612,0,1105
4327,3,1105
1282,2,1105
3430,1,1105
242,1,1106
1917,0,1108
1510,3,1110
5734,1,1110
1066,0,1111
4726,4,1112
4724,4,1114
894,0,1114
1538,3,1114
457,3,1115
2950,0,1115
5927,3,1115
165,1,1117
2789,2,1117
3806,3,1117
3232,0,1119
3974,4,1119
4374,0,1120
1042,3,1120
3765,0,1120
5071,0,1120
5862,1,1120
454,0,1123
1011,0,1123
799,2,1124
5519,0,1124
2920,0,1124
5690,1,1124
638,2,1126
984,2,1126
2039,4,1126
5724,4,1126
2973,1,1126
5918,0,1126
4823,0,1127
581,0,1128
3029,0,1128
1727,1,1130
1599,1,1130
4937,0,1130
1960,3,1131
572,0,1132
2909,4,1133
145,3,1136
1568,3,1137
4496,4,1137
3489,4,1137
3634,2,1137
2595,1,1137
4202,0,1137
1399,1,1137
2898,0,1139
238,0,1139
3124,3,1139
1597,4,1141
2529,2,1141
3282,0,1141
3519,1,1142
4083,4,1144
5387,1,1144
5727,0,1144
617,4,1144
3240,0,1145
697,3,1146
773,0,1147
455,0,1147
4765,4,1147
1105,3,1148
5118,0,1149
1134,2,1149
2067,0,1151
2382,2,1151
1002,3,1151
4950,0,1151
3831,4,1151
3520,1,1153
5816,4,1156
1815,1,1157
3621,0,1157
5867,4,1157
1863,4,1157
2203,4,1158
3392,3,1158
1121,4,1158
3322,3,1162
4569,2,1162
293,0,1162
2029,1,1162
1629,1,1162
3014,0,1163
3477,0,1164
4035,0,1164
5240,3,1165
5730,3,1165
5636,3,1165
5508,0,1166
3293,0,1167
3008,3,1168
4239,0,1168
5632,4,1168
3341,0,1169
472,2,1172
5428,4,1172
371,0,1172
5945,0,1172
59,1,1172
3106,2,1172
2569,0,1172
666,0,1175
527,0,1175
2479,4,1178
5572,0,1178
3016,2,1181
3357,1,1183
4680,4,1186
3277,2,1190
4555,4,1190
5726,4,1190
3679,3,1190
4191,1,1190
2179,4,1190
3344,2,1190
5598,0,1190
5582,0,1190
569,1,1190
4917,4,1193
2300,3,1193
963,4,1193
1715,0,1197
3270,2,1197
3606,0,1197
909,3,1198
1608,3,1198
2643,1,1198
4938,0,1199
5313,1,1199
5496,4,1199
5045,4,1199
186,3,1200
1402,0,1200
1581,4,1200
3558,3,1200
4873,0,1200
4611,1,1202
764,0,1203
4599,0,1203
1864,0,1203
2919,1,1204
1617,1,1205
691,0,1205
5116,1,1205
5315,3,1205
2116,0,1206
4583,3,1207
115,0,1207
2497,2,1207
5527,4,1207
5606,2,1207
2814,3,1208
5853,0,1209
1681,3,1210
5254,0,1213
921,4,1213
5562,0,1216
5880,0,1216
2972,3,1217
3701,3,1219
2511,4,1219
3437,1,1219
3444,3,1219
4739,0,1220
4408,3,1220
5944,0,1221
2522,0,1223
3248,2,1223
3556,0,1225
3603,1,1229
4025,2,1229
1130,1,1229
1773,4,1229
958,3,1229
3872,0,1229
5879,0,1231
5948,4,1231
1242,0,1231
4236,0,1232
1026,2,1232
4808,1,1233
3910,0,1234
3792,3,1234
5907,0,1238
4985,0,1238
3585,1,1238
3687,3,1239
3939,0,1242
3582,4,1242
4068,0,1243
4371,4,1243
4735,0,1243
5286,1,1243
2010,4,1243
3991,0,1243
3748,2,1243
5670,0,1243
1116,3,1243
1182,3,1244
4366,2,1244
1636,0,1245
772,3,1245
2379,4,1245
1468,0,1245
63,1,1249
904,1,1249
5443,2,1249
4461,0,1251
2868,4,1252
4697,4,1252
5715,2,1252
685,0,1253
1284,1,1253
2093,3,1253
4362,3,1254
2302,3,1254
3781,4,1255
4591,0,1256
4685,0,1256
2853,2,1257
1899,2,1257
3885,4,1257
1780,4,1257
4007,4,1257
1975,0,1258
2568,3,1261
2142,0,1261
5340,2,1261
1702,3,1261
4795,3,1261
760,1,1261
2358,4,1261
4204,0,1263
4658,1,1263
2305,4,1263
2801,3,1264
2575,1,1264
4058,3,1266
4212,0,1266
542,1,1266
3422,0,1267
1144,4,1268
4901,2,1270
4630,1,1270
5682,1,1270
3847,0,1273
4259,0,1274
4205,0,1277
586,2,1277
394,3,1277
16,0,1278
970,3,1278
1466,4,1279
2817,0,1279
4418,0,1280
25,4,1281
562,4,1281
781,2,1281
1022,2,1281
3735,3,1281
4425,0,1281
1556,0,1284
5553,0,1284
2486,4,1284
4843,0,1284
1779,2,1284
3179,1,1285
4878,2,1286
4351,4,1287
3221,0,1288
155,4,1289
510,2,1289
1387,3,1290
5145,3,1291
2335,1,1291
391,0,1292
2626,3,1292
4123,0,1292
2887,4,1295
3111,4,1295
4104,4,1295
4483,0,1295
5647,0,1295
1148,0,1296
2003,2,1296
1391,4,1296
4223,0,1296
4858,3,1296
4352,0,1296
3439,1,1297
4675,2,1298
3329,2,1298
2417,0,1298
2923,4,1302
4833,2,1302
1758,0,1302
2207,4,1304
3511,0,1306
5510,2,1306
5980,4,1309
1915,0,1309
1959,4,1309
4237,3,1310
5895,3,1310
3800,0,1312
5167,0,1312
603,4,1312
945,3,1312
5136,2,1312
1171,0,1314
1503,3,1314
1933,3,1314
4064,0,1317
4635,3,1317
419,1,1317
3502,0,1317
2826,3,1317
3736,4,1322
2448,0,1322
695,4,1322
1178,0,1322
3110,0,1322
5747,0,1322
1334,4,1322
4168,0,1324
2368,2,1324
3123,0,1324
5159,3,1325
4477,4,1325
5560,3,1326
2210,1,1326
147,3,1330
461,1,1330
1835,0,1330
3067,1,1331
5643,2,1332
4039,0,1334
5207,2,1334
3955,1,1334
4211,4,1340
3128,4,1340
5317,1,1340
1946,0,1340
3214,2,1340
72,4,1343
2235,0,1345
2769,0,1345
3948,1,1345
1290,0,1352
5275,1,1352
2099,0,1353
1429,4,1353
1786,4,1353
1504,2,1353
2549,0,1353
3614,0,1353
498,0,1356
1172,4,1356
4796,3,1358
3504,1,1358
223,4,1358
698,0,1358
473,4,1358
2838,0,1358
3376,4,1358
4298,0,1359
5700,2,1359
3180,3,1359
4509,4,1359
4639,2,1359
4207,0,1360
1513,0,1360
3865,3,1360
4152,3,1360
4464,0,1364
4530,3,1365
5168,0,1365
567,2,1365
3809,3,1366
4255,0,1366
3951,4,1368
1611,0,1370
2576,0,1371
1051,3,1371
2451,0,1371
5348,1,1371
1755,3,1372
3306,1,1372
493,2,1375
2571,4,1375
5568,3,1375
377,0,1377
4497,0,1377
4597,0,1378
5407,2,1378
3870,4,1379
292,0,1380
236,4,1380
2629,0,1380
3553,3,1380
20,4,1384
3730,3,1384
890,0,1386
1939,0,1387
4234,4,1387
1607,1,1387
3250,4,1387
1700,3,1387
4158,4,1387
4356,4,1387
5733,3,1389
877,0,1389
2679,4,1392
5280,0,1392
3312,3,1392
1849,4,1392
2804,3,1392
681,2,1392
5150,3,1394
4316,3,1394
2015,0,1395
4661,0,1397
1533,1,1397
2047,0,1397
2763,3,1398
2275,4,1398
1101,0,1398
5521,3,1401
5049,3,1401
5278,1,1402
1004,0,1402
1201,1,1405
429,1,1405
1094,0,1405
865,2,1406
1914,2,1406
4439,2,1407
1772,2,1408
2208,2,1408
4350,0,1408
1612,4,1408
2317,2,1408
3301,3,1408
645,0,1409
4065,4,1409
5228,2,1411
4690,1,1411
22,2,1412
5767,0,1412
288,4,1416
1376,3,1416
2299,1,1416
3635,0,1416
3844,4,1416
5301,4,1417
2131,1,1417
2491,2,1417
2800,4,1418
109,0,1420
486,2,1422
4778,0,1422
5436,0,1422
3650,0,1424
2669,2,1424
5106,0,1425
5188,4,1425
5616,4,1427
558,0,1429
5146,0,1429
5488,0,1429
2683,1,1429
1343,0,1429
5486,1,1429
106,4,1431
2162,3,1432
2158,3,1432
5571,2,1432
2745,0,1433
2792,4,1434
5473,0,1435
92,4,1435
3512,0,1436
2733,0,1436
4631,2,1436
1014,1,1437
190,4,1438
162,0,1441
5427,4,1441
5004,3,1442
5117,4,1442
5373,1,1442
1018,0,1443
3086,2,1443
1760,2,1443
5329,4,1443
1908,0,1444
3268,3,1444
4387,0,1448
5405,0,1451
1991,0,1451
2002,3,1451
3804,2,1451
4372,4,1452
676,0,1452
5114,4,1452
5579,3,1454
716,3,1454
275,4,1456
2077,3,1458
2860,3,1458
3449,3,1458
5378,0,1459
1397,0,1460
3081,3,1460
4752,0,1462
5746,0,1462
2914,2,1462
3937,1,1462
1138,1,1462
540,0,1464
1089,1,1464
1998,1,1464
2177,0,1466
1433,1,1466
101,0,1466
976,1,1467
3479,4,1467
3661,3,1468
633,0,1472
1251,2,1472
1361,0,1473
4088,4,1473
3517,0,1473
3234,4,1474
2652,1,1474
4560,3,1474
2230,3,1474
60,0,1475
3374,0,1475
5987,4,1475
3209,4,1475
5093,3,1476
2064,1,1476
4295,3,1476
127,3,1476
4062,4,1477
4233,1,1480
1613,3,1480
1776,0,1481
4451,0,1481
4991,0,1481
557,0,1483
3247,4,1483
5295,1,1485
2119,4,1485
1943,4,1486
3073,2,1488
1234,2,1488
862,3,1488
3532,1,1488
4355,0,1489
1153,4,1493
1675,0,1493
57,0,1493
206,4,1493
1257,2,1496
2831,3,1496
261,4,1496
402,1,1496
5046,0,1499
337,2,1499
3989,0,1499
3826,3,1499
3924,0,1500
3004,4,1500
1204,3,1502
1712,3,1502
3685,3,1504
3905,4,1505
31,1,1505
4337,1,1508
4934,0,1508
1537,0,1509
143,0,1509
2984,3,1510
4852,2,1510
634,0,1511
2199,2,1511
4790,0,1511
5095,0,1511
5511,0,1511
5917,1,1511
5059,4,1514
1054,3,1514
4615,3,1514
782,1,1514
5166,0,1514
1718,2,1514
4668,0,1514
5141,0,1514
132,3,1514
4026,1,1514
2761,4,1519
4343,1,1519
1512,2,1521
1559,4,1521
4310,3,1521
462,2,1522
700,3,1524
5080,2,1524
5774,1,1524
5873,4,1528
4468,1,1528
4970,0,1528
2492,2,1528
3358,3,1530
5546,4,1530
1067,4,1530
3061,0,1530
1962,3,1531
2839,0,1531
1164,1,1531
4338,3,1531
852,0,1535
3326,4,1535
4038,1,1535
5518,2,1535
1449,0,1535
2248,3,1535
578,2,1536
4228,4,1539
3281,4,1539
2812,2,1539
5042,1,1539
4760,1,1539
5012,0,1539
19,0,1539
3167,3,1539
1253,0,1539
1488,0,1539
1461,0,1539
3216,4,1542
1719,2,1542
1315,4,1542
2777,0,1542
3756,0,1543
840,3,1543
5390,1,1546
5976,2,1547
4814,0,1548
4662,3,1548
2245,0,1549
3935,4,1549
4380,0,1552
369,0,1552
5082,3,1558
2858,3,1558
2869,0,1559
3515,0,1559
4699,3,1560
5629,4,1560
4419,3,1562
4754,4,1563
4580,1,1569
1041,3,1569
1350,2,1571
1614,0,1573
684,4,1574
746,2,1574
1336,0,1574
4186,0,1574
4499,4,1574
5661,4,1574
1644,1,1574
1889,0,1578
5447,1,1579
5506,3,1580
3452,4,1580
4020,3,1580
1416,0,1581
2564,0,1581
5218,2,1581
2636,4,1581
5077,2,1581
3313,1,1581
4028,1,1581
174,0,1581
2292,2,1581
4302,0,1582
2765,0,1582
2216,0,1582
3195,0,1582
4770,0,1584
1981,3,1584
4171,4,1587
1652,4,1587
1115,0,1587
738,1,1587
2375,4,1587
5801,4,1587
442,0,1587
1000,0,1587
2307,0,1589
2728,0,1590
4412,0,1591
4723,0,1591
598,3,1592
3876,2,1593
1572,0,1593
1745,4,1594
5023,0,1594
1491,0,1594
1558,2,1594
339,3,1594
3113,1,1595
5922,2,1596
4595,0,1598
2965,2,1598
5838,1,1598
962,3,1599
3394,0,1601
1757,3,1601
4429,4,1603
4893,1,1606
5041,4,1606
237,0,1608
3625,3,1608
2283,1,1608
4245,4,1608
3258,4,1608
4315,3,1615
4592,0,1615
1683,0,1618
453,3,1618
3659,3,1619
3367,2,1619
3791,4,1619
1256,4,1619
1657,0,1620
5293,3,1620
2813,0,1620
3771,3,1620
2127,0,1621
605,0,1621
3103,3,1621
1374,0,1621
2150,0,1622
3932,0,1622
2874,3,1623
3125,0,1623
2372,3,1623
2671,4,1624
3070,3,1628
3176,0,1628
1442,2,1629
2195,0,1631
2433,1,1631
3881,4,1631
3178,2,1631
3500,0,1632
5425,1,1632
3478,3,1632
3787,4,1632
3310,4,1632
3352,2,1634
4305,0,1636
1252,3,1636
1928,2,1636
3138,0,1639
5193,1,1639
4528,2,1639
5310,4,1639
5421,0,1641
3888,3,1641
4051,1,1641
4347,4,1642
463,4,1642
2900,1,1642
410,2,1645
1753,1,1645
5441,3,1645
5698,2,1645
1782,4,1645
120,0,1648
4904,0,1650
3762,0,1650
2759,3,1652
2504,4,1652
1025,3,1652
5799,1,1652
245,0,1652
5412,4,1655
1678,4,1656
5784,1,1656
3734,4,1656
5061,3,1656
5381,0,1656
37,0,1658
4436,0,1658
5997,2,1658
5524,1,1658
1368,1,1658
1155,1,1658
1902,3,1658
4157,2,1658
4559,4,1659
4329,2,1659
5721,0,1660
522,4,1660
3063,1,1663
1988,0,1663
3411,1,1663
2779,4,1663
5406,3,1663
5695,0,1664
1031,4,1664
1086,0,1666
5021,2,1666
4433,2,1669
196,1,1669
1587,0,1669
2155,2,1669
3903,2,1669
525,2,1669
3470,3,1671
312,0,1674
2515,0,1675
291,3,1675
3913,0,1677
5798,0,1677
3884,1,1677
4286,3,1681
5185,3,1681
5899,4,1681
863,4,1681
2234,3,1685
503,0,1686
5844,4,1686
1311,1,1687
2121,2,1687
2597,3,1687
3862,0,1688
2566,0,1688
593,4,1691
1909,4,1693
4364,0,1695
4884,3,1695
2166,4,1695
4695,0,1699
1412,4,1699
3408,0,1700
390,0,1701
2244,0,1701
3619,1,1701
2482,0,1702
1058,0,1702
1008,3,1702
3390,4,1703
5224,2,1703
5335,3,1703
3531,1,1706
1905,2,1706
2780,4,1708
96,3,1708
141,4,1708
3639,0,1709
4375,2,1709
5192,0,1710
825,4,1710
467,3,1710
5671,0,1710
4942,4,1712
1159,0,1715
1822,4,1715
5206,0,1717
4402,1,1717
3481,0,1717
3817,1,1717
2274,0,1717
4458,2,1717
5504,0,1720
3049,4,1721
5051,0,1724
434,4,1725
555,0,1727
2046,0,1727
564,2,1727
899,4,1727
987,1,1727
5270,0,1727
831,1,1727
440,3,1727
2948,2,1732
4193,3,1732
4558,3,1732
4743,0,1733
1367,1,1733
573,2,1733
1966,3,1737
2618,1,1738
4125,2,1738
1024,0,1742
2546,3,1744
4170,4,1745
393,3,1745
1033,0,1746
2344,2,1746
3725,3,1746
4314,1,1746
5654,4,1746
1821,0,1746
2820,0,1747
3147,0,1747
2411,2,1747
4426,3,1750
2334,4,1754
2771,3,1754
314,3,1754
5732,4,1754
208,3,1755
2404,3,1755
851,4,1755
4946,0,1760
1104,1,1760
3294,4,1761
2928,3,1761
5669,0,1761
3405,3,1763
297,3,1763
2249,0,1763
2250,4,1765
5650,3,1765
3011,0,1767
1654,0,1768
226,2,1768
2961,1,1768
5466,1,1770
5618,2,1770
4023,1,1770
2277,1,1770
4982,0,1770
767,3,1770
2945,0,1770
5032,0,1771
4891,4,1776
920,0,1776
3890,2,1776
3506,4,1779
4124,0,1779
5382,0,1779
4738,3,1780
2387,1,1780
5601,3,1781
2357,0,1781
5424,0,1781
1830,0,1782
1893,0,1782
2918,4,1783
3894,2,1783
4232,3,1783
1151,4,1784
873,0,1787
4462,0,1787
5236,0,1789
1728,1,1794
5482,3,1794
2278,1,1794
3309,3,1794
5454,2,1794
4099,4,1794
5681,2,1794
4043,0,1794
5251,4,1794
703,1,1796
3726,1,1797
5101,2,1798
5107,3,1799
433,0,1801
5877,3,1803
1288,0,1803
3985,0,1804
4136,2,1804
4357,3,1804
3977,0,1804
316,1,1809
2055,3,1809
5964,2,1809
755,4,1810
2218,4,1810
4561,0,1813
1424,3,1813
2284,0,1814
5258,0,1816
5509,2,1816
421,4,1816
1913,0,1816
3534,2,1816
4491,4,1816
298,3,1816
1855,4,1818
3786,1,1818
4108,0,1820
5252,4,1820
5954,0,1822
2339,3,1822
4128,0,1824
4664,1,1824
1423,4,1826
2145,2,1826
5955,2,1826
3758,3,1826
3841,1,1826
5628,0,1827
5789,4,1827
1080,1,1827
2727,0,1828
1736,0,1828
3873,4,1829
531,0,1829
5098,3,1829
1604,0,1829
2656,0,1831
5701,1,1831
3095,0,1831
1099,3,1832
4116,3,1832
739,2,1832
4585,0,1832
1932,0,1833
2407,0,1834
2655,0,1834
1703,4,1837
2219,4,1837
4201,4,1838
3387,4,1838
4889,1,1838
3674,1,1838
5419,0,1838
4543,3,1838
4469,4,1839
5531,4,1840
2269,3,1841
2591,2,1841
1647,0,1843
4113,3,1843
995,2,1843
1974,3,1843
490,4,1843
967,0,1845
2585,0,1847
175,0,1847
2206,2,1847
3492,4,1848
3916,0,1850
860,0,1852
1595,3,1854
3097,1,1859
4976,0,1861
2587,3,1861
3342,4,1861
5865,1,1861
5686,3,1864
3808,0,1864
4422,0,1864
5290,4,1864
3330,3,1864
1082,2,1865
3720,0,1867
3307,0,1868
5739,1,1868
2401,2,1870
2776,1,1870
5813,4,1874
54,0,1875
5558,0,1875
3539,3,1875
5162,4,1875
3041,0,1875
4734,3,1877
4780,0,1878
5248,3,1878
171,0,1879
1313,4,1879
1554,0,1879
706,2,1879
4317,2,1879
4656,1,1879
4274,3,1880
2606,1,1880
3965,3,1883
4120,0,1884
4617,3,1884
2133,0,1884
1759,4,1887
1474,4,1887
2726,1,1888
3254,3,1888
5156,3,1889
2799,4,1890
3389,2,1890
329,3,1890
2124,4,1890
116,2,1890
281,0,1890
3424,1,1890
2084,3,1890
5272,0,1892
5961,0,1892
1040,0,1892
2312,2,1893
913,3,1893
1738,4,1895
934,0,1897
3638,0,1897
5714,3,1897
2191,0,1903
502,0,1903
954,3,1903
528,3,1905
3413,4,1906
3711,1,1906
827,2,1906
688,0,1906
3751,0,1908
152,0,1908
1903,0,1911
3212,4,1913
3598,1,1913
4047,3,1913
3397,3,1914
2409,4,1914
444,1,1915
3361,3,1917
3921,4,1917
5550,4,1919
5456,1,1919
1194,1,1919
5595,4,1919
1071,2,1920
659,0,1921
2146,4,1921
3576,3,1921
1131,1,1922
2572,2,1922
5234,0,1923
715,1,1923
2521,1,1923
5372,3,1927
2056,3,1927
3702,4,1927
4013,0,1929
3651,0,1929
1263,0,1932
2752,4,1932
4537,4,1932
5001,0,1932
5219,0,1932
1223,0,1935
42,3,1935
3494,0,1935
5351,3,1936
3340,4,1938
5583,3,1938
1735,3,1938
2729,2,1938
1362,0,1938
4303,4,1938
178,0,1942
996,0,1942
4589,0,1943
3440,2,1943
1322,0,1943
2006,0,1944
4869,0,1944
5200,0,1944
1141,1,1944
1526,3,1946
3550,0,1946
4596,2,1948
5438,0,1948
769,4,1949
2509,1,1949
4632,4,1949
5665,3,1950
66,2,1950
4142,3,1950
626,3,1954
5048,0,1954
4365,0,1954
3404,2,1954
86,2,1954
1472,0,1954
5638,0,1954
5221,4,1955
1297,4,1955
2542,0,1956
4718,0,1960
2930,4,1960
68,0,1963
4480,0,1963
3466,0,1963
5070,2,1963
1003,0,1963
2109,0,1964
4,0,1964
3522,2,1964
5376,0,1968
5729,3,1968
3551,0,1968
5201,2,1968
33,0,1968
495,0,1968
1187,0,1968
5981,0,1968
207,4,1970
2459,1,1970
5660,0,1970
747,4,1970
5687,4,1970
776,3,1972
3823,3,1972
5007,4,1972
3302,2,1974
5886,3,1974
2638,2,1974
499,0,1974
4882,4,1976
548,1,1977
3552,2,1977
5743,3,1979
1208,4,1979
5359,4,1981
2798,1,1983
1333,4,1983
167,3,1983
756,3,1986
1383,0,1986
4046,0,1987
4034,2,1990
675,2,1990
1651,4,1992
211,1,1992
1811,0,1993
1548,4,1993
5772,2,1993
370,1,1993
1838,3,1993
1274,2,1993
1985,3,1993
1231,3,1993
1123,1,1995
5926,4,1995
1384,0,1995
3275,4,1995
1316,0,1997
4401,0,1997
1747,4,1997
3557,1,1998
5988,1,2000
5861,0,2001
566,3,2001
2995,4,2001
5344,0,2001
1876,0,2002
5157,0,2002
1467,4,2004
4266,3,2006
853,1,2007
3052,1,2007
4508,0,2008
4809,0,2009
3712,3,2009
4806,0,2009
5243,2,2009
5736,0,2011
5653,4,2012
2608,3,2012
5153,0,2012
669,0,2012
4807,0,2013
679,0,2019
881,0,2019
1414,0,2021
1444,0,2022
2329,0,2022
415,0,2022
2675,0,2022
3816,0,2023
736,0,2024
3217,0,2024
3863,2,2024
1129,4,2027
2470,0,2027
4532,1,2027
4650,4,2027
5215,1,2027
1072,3,2028
3707,1,2031
5318,0,2032
653,3,2034
3274,4,2034
4215,0,2035
481,3,2037
5110,0,2037
3883,2,2038
300,2,2038
5174,2,2038
2058,3,2041
3704,0,2042
1528,4,2046
2309,3,2046
3087,4,2046
4373,0,2047
491,0,2048
3407,1,2048
3161,1,2048
2189,3,2048
3332,3,2050
2859,4,2051
3300,1,2056
2171,1,2056
4281,0,2057
5065,0,2059
1989,3,2059
2325,0,2060
3107,4,2060
73,3,2061
900,0,2061
2906,3,2061
1425,0,2062
2388,1,2062
4620,0,2062
3099,2,2064
1740,3,2064
4588,0,2064
5762,2,2064
2711,4,2064
131,0,2064
559,0,2064
4918,0,2064
2716,4,2064
1348,2,2066
4515,2,2067
420,4,2069
354,4,2071
2467,3,2071
5022,0,2072
3150,2,2072
3028,1,2072
3225,1,2072
2540,4,2072
4432,0,2073
554,0,2074
2651,1,2074
2847,3,2074
4962,0,2074
5014,0,2074
5567,2,2074
180,3,2077
35,4,2077
5528,3,2077
3320,2,2078
78,1,2079
2783,3,2084
610,4,2085
3793,0,2086
3151,0,2086
1482,4,2088
2311,3,2088
333,2,2088
4933,4,2088
5147,4,2088
2373,0,2089
3431,0,2089
2439,3,2089
3825,2,2091
4894,1,2091
5227,2,2093
4097,2,2093
3927,0,2095
1443,2,2095
1508,0,2097
2981,3,2098
4978,0,2099
5775,3,2100
3533,0,2102
2717,3,2106
3126,0,2106
3347,4,2107
2623,4,2107
4138,0,2110
2374,3,2110
5826,2,2110
259,2,2110
1073,1,2112
1545,4,2112
247,2,2112
4344,1,2112
5959,1,2112
4876,1,2114
3589,1,2114
1463,0,2114
5939,3,2118
604,3,2118
2603,4,2120
2624,4,2120
4505,3,2120
4613,0,2122
5151,0,2123
1856,1,2125
4666,3,2125
792,1,2125
961,1,2126
4176,1,2126
5765,3,2126
635,4,2126
5354,0,2127
4247,1,2129
786,4,2129
2992,2,2129
3722,3,2131
670,0,2131
1743,3,2131
965,0,2131
709,4,2132
969,0,2134
5971,4,2134
1090,3,2134
3090,0,2134
4643,2,2134
1034,4,2134
1293,0,2134
4342,0,2134
1146,3,2136
150,3,2136
1619,0,2136
5641,1,2138
1056,3,2138
1631,1,2138
2466,2,2141
1314,3,2141
3782,4,2141
512,1,2142
5440,2,2144
2369,2,2144
2660,0,2144
807,3,2144
1804,2,2144
4246,3,2144
1634,0,2145
1140,1,2145
1212,0,2145
3746,4,2145
4909,0,2150
2128,0,2150
4601,2,2150
5198,0,2150
3919,0,2153
1713,4,2156
2151,4,2156
5908,0,2156
1930,0,2157
1941,0,2157
3864,3,2158
3617,0,2161
5397,4,2161
163,0,2161
744,0,2162
3593,3,2166
12,1,2166
3861,0,2166
1250,3,2166
1919,3,2166
5852,4,2169
364,1,2170
1552,4,2171
5791,2,2173
2152,4,2175
4575,2,2175
4219,3,2175
4564,0,2175
1394,2,2176
290,0,2176
351,3,2176
1353,1,2177
5501,3,2177
637,0,2177
2772,2,2178
366,2,2179
3618,2,2179
478,0,2181
5402,0,2182
465,1,2184
3646,0,2184
84,3,2185
3231,1,2185
2639,1,2187
4644,0,2187
928,1,2187
3752,0,2188
888,2,2188
1540,0,2188
1601,3,2188
4490,4,2188
5328,1,2189
2222,3,2189
1030,1,2189
1910,1,2190
3664,4,2190
4465,3,2190
5182,0,2191
5029,0,2194
885,0,2194
3529,3,2194
5470,0,2194
5370,1,2194
2384,0,2195
1671,1,2195
5982,0,2196
2837,3,2196
3454,4,2198
4060,0,2199
784,4,2199
803,0,2199
857,4,2201
1106,0,2201
1124,3,2201
2031,1,2203
2255,2,2203
2932,4,2204
3665,0,2204
91,3,2204
2063,0,2205
3559,3,2205
986,1,2206
4911,0,2207
93,4,2207
1857,1,2207
2081,0,2207
4755,0,2207
3789,0,2211
3952,0,2211
4001,2,2211
2892,3,2213
3461,3,2213
5819,0,2215
3591,0,2217
4345,0,2217
4384,3,2217
5257,0,2217
1948,0,2217
2753,4,2218
395,0,2222
3038,3,2226
2827,1,2230
3264,0,2230
993,1,2230
4190,0,2231
5237,0,2231
1441,3,2233
3137,3,2233
535,4,2235
1771,4,2235
2267,0,2236
5586,0,2236
4149,4,2236
4711,4,2238
544,1,2238
317,4,2240
1186,0,2240
2182,3,2240
3981,3,2240
3579,4,2241
1525,1,2242
3077,4,2242
5416,0,2242
1447,4,2245
494,1,2245
5578,0,2245
244,2,2245
5843,3,2245
5613,3,2245
2693,4,2245
159,4,2246
1128,0,2246
2071,4,2246
3096,3,2246
3380,3,2248
5196,3,2248
1074,4,2248
135,4,2248
2443,4,2248
4764,1,2251
3940,0,2251
1509,0,2251
4822,4,2251
5845,0,2253
156,3,2255
4788,3,2255
4089,0,2255
3514,4,2256
3524,2,2256
1181,2,2256
2764,1,2257
5267,1,2257
2211,0,2258
2225,3,2258
2484,0,2258
2963,0,2258
828,1,2258
197,4,2258
3475,4,2258
4897,3,2258
1515,2,2259
1602,4,2259
1842,2,2263
3670,4,2263
4707,1,2263
4391,0,2263
5055,0,2265
5126,0,2265
3196,3,2265
49,4,2265
76,2,2265
2421,0,2266
4786,4,2266
2343,3,2266
5211,3,2266
1046,3,2268
3518,2,2268
919,3,2271
5834,4,2271
5646,1,2274
5970,0,2275
5763,4,2275
2979,0,2275
4663,0,2277
1037,0,2277
1337,0,2277
2614,1,2277
4836,4,2277
3846,0,2278
3660,0,2278
2156,4,2278
4206,1,2278
1267,3,2280
5430,0,2280
5703,0,2280
5588,0,2282
504,3,2284
2170,3,2284
4421,0,2284
4748,0,2285
276,4,2288
5547,4,2288
2000,1,2291
5365,1,2291
2132,1,2292
3058,0,2293
3156,0,2293
536,0,2293
1335,0,2293
97,1,2293
3445,2,2293
4240,1,2293
319,0,2296
1980,1,2296
5785,0,2297
2835,3,2298
4208,1,2299
4925,4,2302
1686,2,2302
4812,1,2303
201,4,2303
3359,0,2303
4161,3,2303
5119,1,2303
4570,0,2303
5581,0,2305
279,1,2306
5522,0,2306
1585,2,2306
5771,3,2306
3463,2,2306
5827,1,2309
4067,0,2310
903,2,2310
1639,3,2310
2193,0,2310
3112,0,2311
2363,0,2311
2161,2,2311
1149,4,2312
2281,0,2314
2322,3,2314
38,4,2314
3686,2,2314
4287,1,2314
336,4,2314
551,3,2314
780,0,2314
9,4,2317
2841,2,2317
2105,0,2317
5706,1,2317
672,0,2317
3570,2,2317
545,0,2319
5056,0,2320
5554,1,2320
3774,3,2320
533,3,2320
2115,3,2320
2791,0,2320
1395,2,2320
4409,4,2320
5924,0,2321
628,4,2321
2338,4,2321
4447,1,2322
991,3,2324
1371,2,2324
4712,1,2328
3954,3,2329
3508,2,2329
3600,2,2329
4098,4,2329
4010,4,2329
2828,0,2329
3121,4,2329
2221,1,2329
3496,0,2333
2304,3,2333
2738,4,2333
3057,0,2336
338,3,2336
4827,3,2336
459,2,2336
331,4,2336
4971,0,2338
501,0,2343
1883,4,2343
4614,1,2343
4381,4,2343
5449,1,2343
5475,0,2343
335,0,2343
3453,3,2343
1578,3,2345
5615,0,2345
2303,0,2345
4231,0,2345
4566,0,2350
5493,4,2350
619,4,2350
1986,0,2350
5208,3,2350
1448,0,2350
4546,0,2350
7,2,2350
1015,1,2350
1332,4,2351
2330,0,2357
3754,3,2357
2061,0,2359
278,0,2359
2850,1,2360
148,0,2360
23,0,2360
1246,1,2360
3356,0,2360
642,0,2361
2359,4,2361
3681,2,2361
4479,3,2361
5137,2,2361
3149,0,2361
1160,0,2362
2159,3,2365
3379,4,2365
5978,1,2365
2802,3,2365
550,0,2365
2017,0,2368
2356,2,2368
1901,1,2368
849,3,2371
3271,4,2372
1013,0,2372
2605,4,2372
3190,0,2373
5391,0,2375
2913,4,2375
1174,3,2375
2635,2,2377
2757,2,2377
949,1,2380
1837,0,2380
1912,1,2380
2120,3,2380
5573,3,2382
2609,3,2382
762,0,2382
469,4,2385
262,3,2385
3155,4,2385
3629,2,2385
3945,3,2387
1517,2,2387
4280,4,2387
3821,3,2387
2414,1,2387
2885,0,2389
3584,4,2389
5356,0,2389
3007,0,2392
2420,1,2393
3715,2,2393
3251,0,2395
2541,3,2396
2768,3,2398
1200,0,2399
4545,3,2400
3689,4,2404
3807,4,2404
3203,0,2405
624,0,2405
3037,0,2410
2539,4,2410
2996,1,2410
4875,2,2410
5463,0,2411
1422,3,2411
5991,0,2411
3697,3,2411
5875,2,2411
3447,0,2411
4774,4,2412
3737,4,2413
4268,1,2413
5375,4,2413
4090,0,2413
326,3,2413
2306,0,2413
353,2,2416
3555,3,2416
858,2,2416
5990,4,2418
2955,1,2418
4002,4,2418
5894,2,2418
1692,0,2420
3657,3,2420
301,0,2420
972,4,2420
2472,1,2420
2559,0,2420
2172,4,2420
3575,3,2425
5084,4,2425
1531,0,2425
4463,0,2425
5589,0,2425
2059,1,2425
2725,1,2425
5548,0,2425
812,3,2427
1954,4,2427
1931,0,2428
5312,2,2428
11,3,2428
1370,4,2429
1102,4,2429
306,1,2430
3961,4,2433
5532,2,2434
1547,0,2434
4166,4,2434
2535,0,2439
1029,1,2439
476,3,2440
607,0,2440
2722,1,2440
2648,2,2440
1079,2,2440
4794,4,2440
2999,3,2440
1495,1,2441
3528,0,2441
2223,1,2441
3191,0,2442
1346,4,2444
5050,0,2445
1137,0,2445
3066,2,2445
3572,0,2445
2301,1,2445
3351,3,2449
4167,0,2449
1392,3,2449
2175,0,2450
4987,0,2451
2640,3,2451
358,0,2453
3327,4,2453
2345,0,2453
4163,0,2455
3075,1,2456
4502,0,2457
4300,1,2457
5394,0,2459
425,2,2459
2296,4,2459
711,3,2460
5331,1,2462
5797,3,2462
3163,4,2462
946,0,2463
1577,0,2463
268,0,2463
1501,1,2464
4336,0,2466
583,2,2466
2349,0,2467
1001,3,2468
2144,0,2468
2021,3,2468
2352,4,2470
1705,1,2473
5809,3,2473
451,4,2473
997,3,2474
3339,4,2474
1660,3,2477
3706,0,2477
1999,4,2477
4147,1,2477
4330,4,2477
5559,0,2477
1711,2,2477
1925,4,2477
128,2,2478
414,2,2478
1725,2,2478
3064,0,2480
620,1,2480
5017,0,2480
5594,4,2482
1127,0,2482
3640,0,2485
1768,0,2487
2997,1,2487
5685,2,2487
3314,0,2487
5821,4,2487
1983,0,2490
692,4,2490
2239,0,2490
4005,0,2490
5123,0,2491
2410,3,2492
3700,0,2492
4797,3,2492
4616,1,2492
2123,2,2492
452,0,2492
2833,3,2495
1302,3,2495
2400,0,2495
3835,3,2495
5053,0,2495
1691,1,2499
2086,2,2499
3678,1,2499
2706,4,2499
1062,4,2501
4782,4,2501
3092,4,2501
4773,2,2501
5195,3,2502
4455,3,2509
4192,4,2509
4936,1,2509
5337,0,2509
5649,0,2511
2418,3,2511
2714,0,2511
2818,1,2515
4209,4,2516
258,4,2516
3541,0,2517
225,0,2518
4750,2,2518
1486,2,2519
267,0,2519
777,4,2519
2097,3,2523
539,1,2523
1947,2,2523
804,4,2523
2788,1,2523
5485,0,2523
5794,1,2527
3375,0,2527
3978,4,2527
1840,3,2527
1489,0,2527
1516,0,2527
3193,1,2531
3773,4,2531
1381,0,2531
2676,1,2531
4101,0,2532
5614,0,2532
5825,3,2532
4923,3,2532
2689,0,2533
4006,3,2535
274,4,2535
2083,0,2537
3168,1,2537
883,1,2537
3187,0,2537
4744,3,2537
2136,2,2537
2318,0,2537
3997,0,2539
4542,4,2539
966,1,2539
5431,1,2542
790,4,2542
3501,0,2542
1357,0,2542
952,2,2542
1763,0,2543
2512,0,2545
4445,0,2545
5495,3,2545
5238,0,2546
1065,1,2546
2424,0,2547
2501,2,2547
5592,0,2547
4264,4,2547
2593,3,2549
5832,0,2552
2455,0,2552
4922,3,2552
1859,3,2558
4708,2,2558
64,4,2558
2707,3,2560
2840,0,2560
3442,1,2560
3709,0,2560
4520,0,2561
3083,1,2562
4995,0,2562
630,0,2562
2279,4,2562
2936,0,2565
3255,3,2565
4269,0,2565
2557,1,2565
3546,2,2566
2663,0,2568
582,4,2568
1275,0,2568
4926,1,2568
1733,4,2569
1047,4,2571
5539,4,2572
2871,1,2573
3089,4,2574
282,1,2574
2692,3,2574
4600,3,2582
1021,3,2582
1557,1,2583
2641,4,2583
4618,0,2583
5385,2,2583
334,0,2586
2939,4,2586
2819,0,2586
4655,0,2587
4751,0,2587
1964,0,2588
3396,0,2593
651,1,2593
1737,4,2597
4482,1,2597
5083,3,2597
240,0,2598
1136,2,2598
194,4,2598
4414,0,2598
28,2,2600
4544,2,2600
3917,0,2600
3526,4,2600
1452,3,2602
3788,0,2604
1261,0,2604
5666,1,2604
4924,2,2604
427,0,2605
3922,0,2606
4883,3,2607
5213,3,2607
845,0,2608
1434,3,2614
2867,4,2614
614,0,2614
1871,2,2614
342,2,2616
3068,4,2616
3777,3,2618
4842,0,2619
1621,0,2619
193,0,2619
3210,0,2624
3843,3,2624
1113,1,2624
2545,0,2626
4218,0,2629
3383,1,2629
696,2,2631
1163,1,2631
3824,0,2632
3042,4,2632
5303,0,2634
5330,0,2637
1240,3,2637
1624,4,2638
1832,1,2638
4857,1,2638
4517,4,2641
2870,4,2642
3692,3,2643
10,1,2644
1615,4,2645
46,0,2646
138,3,2648
3391,3,2653
3002,0,2653
4392,4,2653
2743,3,2653
652,2,2655
2276,3,2656
2444,1,2658
3395,3,2658
1573,1,2661
3829,2,2661
1238,1,2661
1817,4,2661
2425,2,2663
4017,4,2663
5684,0,2663
1850,4,2663
3417,4,2663
257,0,2663
1255,0,2664
3840,0,2664
3896,3,2664
4289,4,2664
2842,3,2665
5176,0,2665
1877,3,2665
910,0,2665
89,0,2666
5289,0,2667
2114,1,2668
5294,1,2668
5920,0,2669
119,4,2670
1460,0,2670
1610,2,2672
2565,2,2672
2320,2,2672
3438,0,2672
3410,4,2674
3612,2,2674
3044,0,2675
3208,0,2675
3708,0,2676
405,0,2676
3482,3,2676
4799,1,2677
2513,0,2678
2331,0,2679
2573,2,2679
1478,0,2679
270,4,2680
1854,0,2682
3062,3,2686
1874,1,2686
3158,0,2686
3683,0,2686
5564,2,2686
5244,2,2688
1642,0,2690
5066,4,2690
2463,1,2690
4054,0,2693
4653,0,2694
3024,0,2697
3984,4,2697
4961,0,2699
361,3,2699
4621,3,2699
5750,1,2699
497,4,2702
4442,2,2704
345,0,2705
2041,4,2708
4587,3,2708
321,0,2708
1810,1,2708
3249,4,2708
403,4,2708
1245,1,2708
3505,1,2708
1088,0,2711
3252,0,2711
657,4,2711
2502,2,2711
5623,4,2711
139,3,2713
1451,3,2713
820,1,2715
4533,0,2715
515,0,2715
826,1,2715
2709,4,2716
4133,1,2716
3918,3,2716
4527,1,2716
1465,3,2716
5249,0,2718
2746,0,2720
1726,0,2724
1550,3,2727
4757,1,2727
1562,3,2727
5320,4,2728
5882,4,2729
485,0,2730
5933,4,2730
3091,4,2730
2883,0,2730
130,0,2730
2434,2,2730
5600,3,2734
1308,3,2734
1588,0,2734
5576,4,2734
5841,1,2735
3197,2,2736
328,4,2736
3204,3,2737
4984,0,2737
5604,4,2737
2241,0,2737
1574,2,2740
1506,3,2744
5565,0,2744
4105,4,2744
4059,0,2744
1603,2,2744
4598,1,2745
2025,0,2747
2082,3,2747
4607,1,2747
4832,0,2748
2194,0,2748
3957,0,2749
568,2,2752
3173,0,2753
3637,4,2754
4741,2,2754
5497,1,2754
4325,0,2755
1827,3,2756
3388,4,2756
4164,3,2756
3018,0,2756
5073,4,2756
5487,3,2756
5962,2,2763
1586,0,2763
3372,1,2763
1853,0,2768
2723,4,2768
4222,3,2769
4951,3,2769
802,2,2769
3100,4,2771
690,4,2771
3566,4,2771
931,2,2771
5854,0,2771
3849,0,2772
287,2,2772
3999,3,2772
4213,1,2776
2505,4,2776
506,0,2779
2323,0,2779
1637,1,2779
3832,0,2779
2340,0,2779
2953,2,2779
1520,0,2779
117,3,2780
1616,4,2780
2126,2,2781
955,1,2781
3134,0,2784
816,3,2784
2631,0,2785
5697,0,2789
360,1,2790
1075,4,2791
1126,3,2791
2599,4,2791
4448,1,2791
4771,0,2791
4844,4,2791
4959,1,2791
3292,2,2791
5891,4,2791
1674,2,2791
1879,3,2795
4042,3,2795
3815,0,2795
4703,0,2797
1805,3,2800
1813,3,2800
4853,1,2800
5570,3,2800
5931,2,2800
2957,2,2800
5911,0,2800
1235,0,2803
1982,4,2803
5996,0,2803
4220,0,2805
4861,2,2807
704,3,2809
192,0,2809
446,4,2809
3658,3,2809
3895,3,2809
2212,3,2810
2637,1,2810
4860,3,2810
5925,1,2810
411,1,2810
850,3,2811
2951,0,2812
4435,2,2812
4160,1,2812
2157,2,2812
2550,0,2812
85,0,2812
3188,0,2816
5923,0,2816
4033,0,2816
5472,4,2816
373,0,2816
990,0,2816
4457,3,2818
1534,0,2819
215,2,2820
264,2,2822
702,4,2822
2148,2,2822
3928,0,2822
2670,4,2822
5437,4,2824
248,3,2825
2908,4,2825
3959,0,2825
4389,2,2825
2441,3,2827
5052,0,2827
5096,3,2830
3946,3,2830
5758,3,2831
1923,1,2832
4453,1,2832
2365,2,2832
2696,0,2832
4983,1,2833
4642,4,2833
810,0,2838
4848,3,2838
1064,0,2839
3162,0,2839
5805,0,2841
2252,0,2844
2103,2,2844
108,0,2844
4907,0,2845
4257,2,2845
4837,1,2845
432,0,2845
771,1,2845
2697,3,2845
3228,0,2846
233,2,2846
580,0,2846
5757,0,2847
1663,4,2847
235,0,2847
1417,3,2848
1420,4,2850
2762,4,2853
526,0,2853
151,3,2853
2632,4,2856
2815,0,2856
4324,2,2856
5063,2,2857
4622,0,2857
4649,3,2858
2516,4,2858
5631,0,2858
1751,0,2858
2748,3,2858
5471,0,2861
5169,2,2861
985,2,2861
5281,4,2861
813,0,2862
2895,2,2862
5389,3,2865
2519,0,2865
5998,2,2865
2184,0,2865
718,4,2865
1269,1,2865
302,4,2865
4045,1,2865
1561,1,2865
3304,0,2866
4930,4,2866
448,3,2866
496,4,2866
2680,4,2868
5952,3,2868
1227,0,2868
3227,3,2868
1125,4,2868
915,0,2868
3875,0,2869
2282,4,2872
4040,1,2872
4867,4,2872
241,0,2872
4230,3,2874
4847,3,2874
2078,0,2874
3676,2,2874
5033,2,2876
1701,0,2878
436,4,2878
3908,0,2878
1627,1,2878
3030,3,2880
2111,3,2884
2872,2,2884
3595,3,2884
5377,4,2884
1598,3,2884
184,1,2886
4428,3,2886
4551,1,2889
4868,1,2890
5855,2,2890
2065,0,2890
5642,4,2890
1165,4,2890
4258,4,2896
5889,1,2896
801,0,2897
2905,0,2897
4115,4,2897
3592,0,2897
892,3,2897
5898,0,2899
3987,0,2899
83,4,2904
2066,3,2904
5462,4,2904
363,3,2907
5074,2,2907
2896,4,2907
2125,0,2907
774,3,2907
2360,0,2907
4802,4,2907
5284,0,2910
2460,0,2911
3569,0,2911
2561,0,2917
3164,2,2917
4890,4,2917
2118,0,2919
3768,4,2919
1800,0,2920
2615,4,2921
1241,3,2921
1530,1,2921
3568,4,2921
4216,0,2924
2684,0,2924
77,1,2924
4940,3,2924
1307,2,2924
404,0,2924
1265,4,2925
3784,4,2925
3435,2,2926
1298,2,2926
2362,3,2928
32,2,2928
1421,0,2929
4308,0,2929
1770,1,2929
902,0,2930
2163,0,2930
3850,4,2930
3732,3,2933
838,3,2938
81,3,2941
1225,0,2941
3942,2,2941
1413,4,2941
5688,3,2943
2902,0,2945
3776,2,2945
5678,0,2945
5937,1,2946
3560,3,2946
3990,1,2946
4746,0,2946
2524,1,2949
3718,2,2949
3976,0,2950
5149,1,2952
3710,4,2954
4683,2,2954
5536,0,2954
1340,1,2954
1826,4,2954
3019,2,2958
2742,4,2958
5968,3,2958
4493,4,2958
4742,1,2958
3278,3,2960
168,3,2960
3877,4,2962
185,0,2963
1937,0,2963
2016,4,2963
5645,0,2966
5556,0,2967
1403,3,2967
3813,1,2967
2204,0,2967
5744,4,2967
1688,0,2972
2829,4,2972
2286,3,2973
734,1,2973
1303,0,2974
5457,3,2980
4885,4,2981
4293,4,2982
3325,4,2982
4745,3,2982
994,3,2985
3153,3,2986
5890,4,2987
2487,1,2987
534,2,2987
538,3,2988
3803,4,2989
2884,3,2989
2990,0,2989
4492,3,2991
2715,3,2991
5291,0,2991
5960,3,2992
936,0,2992
1276,0,2994
1626,3,2994
4037,0,2994
4731,3,2994
5966,3,2996
1320,0,2997
1907,4,2999
2494,3,2999
5398,1,3001
5417,0,3001
484,0,3001
2688,3,3001
2690,4,3001
3814,2,3001
2544,2,3003
350,2,3007
4244,3,3007
668,1,3007
5835,1,3007
1839,4,3008
3739,0,3010
2694,3,3010
763,2,3010
1077,0,3010
4403,3,3012
3564,4,3017
5091,3,3017
2354,0,3017
50,1,3017
1085,0,3018
1723,0,3020
2262,0,3021
3132,2,3022
4941,3,3022
5696,2,3022
3006,4,3022
4732,4,3027
1567,3,3027
3480,0,3028
1787,1,3028
3233,3,3031
4688,4,3031
5279,1,3033
125,0,3034
3652,1,3034
4725,4,3035
1717,0,3037
3056,0,3037
4552,0,3040
4929,0,3040
2288,3,3040
5446,0,3042
5850,2,3043
2238,1,3045
5625,3,3045
565,1,3046
2188,4,3047
5026,0,3047
3857,2,3047
2068,0,3050
4322,0,3050
1390,4,3050
4224,4,3050
200,0,3051
5426,0,3053
348,0,3054
3837,3,3055
375,4,3055
817,3,3056
231,0,3057
3764,2,3057
871,4,3057
1453,2,3057
2181,3,3057
1319,0,3059
5414,4,3059
5220,0,3061
5404,3,3061
875,0,3063
3812,3,3064
1415,1,3064
5803,4,3064
3101,3,3064
5953,3,3065
3767,4,3066
5209,3,3067
439,2,3067
2427,3,3067
3146,0,3072
382,0,3072
1326,0,3080
4605,3,3080
3257,1,3080
5302,4,3080
3979,3,3080
1886,2,3080
0,0,3080
819,0,3082
4318,0,3083
4044,0,3083
4657,2,3084
2863,2,3084
4609,3,3086
4117,0,3089
641,3,3090
4081,4,3091
943,4,3091
4958,0,3094
5452,2,3094
3497,0,3094
2825,1,3094
3488,3,3094
4368,4,3094
5916,1,3094
5984,2,3094
4353,3,3096
5830,1,3096
2070,4,3098
3243,4,3099
4182,3,3099
2226,3,3099
5311,3,3100
2413,4,3100
3741,1,3101
2630,3,3101
5591,4,3104
1173,3,3104
3253,0,3107
4073,1,3107
5163,1,3107
677,0,3107
1426,0,3110
1487,0,3110
3769,3,3110
5525,0,3110
210,0,3112
2977,0,3113
3220,0,3114
4438,0,3114
1475,0,3117
1967,0,3117
4619,1,3117
5619,3,3117
323,0,3117
2085,0,3117
3152,2,3118
1796,0,3118
2991,0,3118
2718,0,3120
3772,1,3121
1409,2,3121
5102,1,3122
1742,4,3122
2430,3,3122
3297,0,3126
3498,1,3127
5520,0,3127
2008,4,3129
3567,0,3129
3198,2,3129
2007,3,3129
1283,2,3129
5602,4,3129
5357,0,3129
2316,0,3129
4041,0,3132
2087,2,3132
2888,0,3134
5038,0,3134
1005,1,3135
1306,3,3135
3406,0,3136
2668,2,3138
5179,0,3138
4349,3,3138
2469,2,3138
1289,3,3141
3346,0,3144
344,0,3145
4066,1,3147
2370,4,3147
5783,3,3147
1055,4,3149
2959,4,3150
1936,4,3150
4321,2,3150
3267,0,3150
5551,3,3150
3141,1,3150
1272,4,3150
1944,0,3152
2315,2,3152
4758,3,3155
4135,1,3155
5692,0,3159
2251,4,3159
5860,1,3159
1359,0,3160
4358,0,3160
1795,1,3160
2332,4,3160
5144,3,3160
189,0,3163
3513,1,3163
5557,4,3164
4187,0,3164
2080,0,3168
836,4,3168
4524,2,3168
2809,0,3168
1327,3,3168
2634,0,3168
971,3,3169
714,2,3169
2548,0,3170
4011,3,3171
4581,1,3172
4855,3,3172
5256,3,3173
17,2,3173
4879,0,3173
1668,0,3178
2176,3,3178
2394,3,3178
886,0,3178
1885,2,3178
3305,4,3178
3104,1,3181
4815,3,3181
4766,0,3181
5973,1,3181
5778,3,3181
5075,4,3181
3154,2,3181
719,1,3181
2558,3,3181
4673,4,3181
2787,2,3182
4931,3,3183
5770,3,3183
3892,2,3183
5081,0,3185
2426,3,3186
4887,0,3188
3035,3,3188
2020,0,3189
5453,1,3189
4877,0,3190
2220,0,3190
2785,4,3190
5883,2,3190
553,0,3191
3785,0,3192
5245,1,3192
477,0,3192
2465,2,3192
4454,3,3192
2480,0,3193
203,1,3196
4488,1,3196
1677,1,3196
376,0,3196
4297,2,3196
4359,3,3197
3705,2,3197
5498,0,3197
1591,1,3198
5667,4,3200
2160,1,3200
1347,4,3200
3003,4,3202
1894,4,3202
2897,3,3202
3970,3,3202
818,4,3206
1824,3,3210
516,2,3210
1845,3,3210
4003,4,3210
3412,0,3210
1095,0,3215
4307,3,3215
1750,1,3215
5612,0,3215
4126,2,3215
848,3,3215
876,2,3215
2321,0,3215
3122,0,3215
3811,3,3221
1924,0,3221
3384,0,3222
3996,2,3222
3175,3,3223
4627,0,3227
1309,3,3227
1360,1,3227
1527,0,3227
1799,3,3227
3276,0,3227
1806,1,3227
62,1,3227
253,0,3228
355,1,3230
356,0,3230
1887,0,3231
2653,4,3231
731,1,3231
5353,0,3231
172,0,3232
2551,0,3232
4700,3,3234
616,1,3234
4576,0,3237
3280,0,3237
216,2,3237
4243,0,3238
3860,3,3238
1539,4,3241
1084,3,3241
3833,0,3241
3899,0,3241
2308,2,3241
2700,0,3242
169,1,3242
3909,4,3243
721,1,3243
3583,0,3245
678,0,3245
2553,3,3247
4200,1,3248
1456,2,3248
4590,1,3248
4367,0,3249
3288,1,3249
3027,0,3253
1436,2,3253
1994,3,3253
5869,0,3254
4145,1,3255
1564,2,3255
2731,2,3255
3072,4,3255
5000,0,3256
67,0,3256
5346,1,3256
1536,4,3256
3432,4,3258
3632,4,3258
805,4,3260
3416,0,3260
5956,4,3263
3694,4,3265
3043,4,3265
4915,0,3266
5262,1,3266
294,3,3266
1457,4,3266
5777,3,3266
2481,0,3269
4945,1,3270
1117,4,3271
2294,3,3271
4031,4,3275
2978,2,3275
2475,2,3275
4740,3,3276
5535,0,3278
2149,0,3278
2658,4,3278
5512,0,3278
45,3,3278
2347,0,3278
1342,0,3279
2547,0,3279
2673,0,3279
2987,2,3279
3093,4,3280
1878,3,3280
4162,0,3283
2040,1,3283
2983,1,3288
3668,3,3288
754,4,3288
5078,0,3288
2621,2,3288
1300,0,3288
1546,1,3289
4250,3,3290
1166,1,3290
5563,3,3290
5786,2,3290
5829,0,3291
387,0,3293
629,2,3293
1679,1,3293
5273,2,3293
4996,0,3293
4398,0,3293
3418,3,3299
4456,4,3299
4554,0,3299
2153,2,3299
4407,3,3299
3491,0,3300
3421,2,3300
5139,0,3300
1249,0,3301
5936,3,3302
523,3,3302
1956,2,3302
3851,0,3303
2795,0,3304
3317,2,3304
4749,4,3304
4210,3,3306
4792,2,3306
5738,0,3306
1152,1,3306
3738,1,3308
3805,1,3308
4169,1,3308
1168,3,3309
1292,0,3309
5858,0,3310
1484,0,3310
925,0,3311
2069,4,3311
4556,0,3312
4713,0,3315
3542,1,3317
5183,3,3318
1682,0,3318
5759,2,3320
835,1,3320
1078,0,3321
4957,4,3324
5003,3,3324
5725,2,3324
5741,1,3324
5231,0,3325
3129,0,3327
4756,3,3327
1087,4,3330
2261,4,3330
2297,0,3330
701,3,3330
1471,1,3330
4603,2,3330
5343,2,3331
87,0,3335
654,1,3335
2341,4,3335
4565,0,3338
126,4,3339
1661,4,3339
854,4,3339
2740,0,3340
3311,2,3340
5693,4,3340
2617,0,3341
2910,3,3342
3133,4,3342
4967,3,3344
5717,0,3348
590,1,3348
2810,2,3348
3538,3,3349
3574,2,3349
3473,1,3349
898,4,3351
2295,3,3351
1185,4,3352
5358,0,3354
2848,1,3354
3457,0,3355
3663,4,3356
30,1,3356
4872,2,3356
3616,4,3357
3105,0,3358
3866,0,3358
5044,3,3359
649,0,3360
2525,4,3360
2790,0,3360
3695,4,3360
1497,3,3360
1450,4,3363
4507,0,3363
4826,3,3363
1419,2,3363
2227,4,3364
5371,0,3365
70,0,3365
1523,0,3367
4927,4,3367
2846,3,3370
5950,4,3370
4834,3,3373
5983,2,3373
5814,0,3375
4072,0,3375
4139,1,3376
5943,4,3376
750,1,3376
1685,2,3376
2034,3,3377
4646,2,3377
4775,0,3377
3032,3,3377
3653,1,3378
4437,1,3380
380,1,3380
1666,1,3380
2649,4,3381
3324,3,3381
4277,0,3384
1852,0,3385
3192,0,3388
585,4,3390
1170,1,3390
307,0,3390
4801,3,3390
5140,4,3392
1266,1,3392
3200,0,3393
2537,2,3393
5214,4,3393
5626,2,3393
4966,0,3395
1535,0,3396
891,0,3400
4550,2,3400
2622,0,3400
513,3,3400
1628,4,3400
4069,3,3403
2832,2,3403
4636,1,3403
4803,3,3403
4898,0,3403
1976,0,3406
2101,3,3406
2023,0,3407
3166,4,3408
3160,4,3408
4475,0,3409
2577,3,3410
3094,4,3411
4319,0,3412
4022,2,3412
3677,3,3413
2856,0,3415
5131,4,3415
689,0,3416
4892,4,3416
222,1,3416
959,0,3422
960,4,3422
2057,3,3422
3973,1,3422
3484,3,3422
4900,0,3422
1469,1,3422
5409,4,3423
3031,4,3425
4301,0,3426
153,3,3427
2485,3,3428
2598,0,3428
2528,2,3428
4494,3,3428
5306,4,3429
1641,0,3430
2514,0,3430
1010,0,3432
1438,0,3432
1150,2,3434
2917,4,3434
4096,3,3435
4203,2,3435
3563,2,3435
1673,3,3436
5885,1,3436
1147,3,3436
1247,0,3439
5342,0,3442
5040,0,3442
5608,1,3442
1802,4,3442
2266,1,3444
5833,1,3446
834,1,3446
2862,4,3448
4049,0,3450
4719,3,3451
1861,2,3451
623,0,3454
1699,0,3456
1199,1,3456
5432,3,3456
5719,1,3456
571,4,3456
2954,0,3459
3995,0,3459
1358,4,3462
4087,0,3462
4423,0,3465
5255,3,3466
43,3,3466
632,4,3467
785,4,3468
1477,0,3468
1605,3,3469
4651,0,3469
2665,1,3469
2970,0,3470
2922,4,3472
3237,0,3472
1098,4,3472
1490,3,3472
2240,0,3472
3353,4,3473
4540,4,3473
5731,0,3474
1122,0,3474
1514,4,3474
3842,3,3475
5173,3,3475
789,0,3475
234,2,3475
4276,3,3476
3796,4,3477
256,0,3479
1280,3,3479
4813,0,3480
4886,1,3480
5355,0,3480
4173,0,3481
5296,0,3484
5590,4,3484
4676,0,3484
647,0,3484
3385,4,3485
1640,2,3487
4973,4,3489
3219,3,3489
5753,0,3490
4341,2,3492
5735,2,3493
599,3,3493
2628,0,3493
4593,0,3493
1549,3,3495
1032,3,3495
4279,4,3495
4386,2,3495
2005,3,3497
2049,4,3497
2570,3,3497
1841,3,3500
1551,1,3500
3779,1,3500
741,4,3502
1375,0,3502
2989,0,3502
4393,2,3502
597,0,3503
4195,3,3505
4912,0,3505
5450,0,3505
879,0,3507
5120,1,3507
3131,0,3507
4312,0,3509
1971,1,3509
4623,0,3509
4174,1,3512
2422,1,3514
3051,4,3516
2350,4,3516
5676,0,3516
939,4,3516
2620,0,3518
3691,2,3523
509,0,3523
798,3,3523
1114,4,3523
500,4,3523
4525,3,3523
4323,4,3525
1646,4,3525
4267,4,3526
2926,0,3527
5866,3,3527
1996,3,3527
4440,0,3529
5235,0,3529
3065,4,3529
4935,0,3532
5881,0,3532
4828,2,3532
5197,0,3532
778,3,3533
417,4,3533
4486,3,3533
4956,2,3534
2530,2,3534
3820,3,3535
4839,0,3535
1016,3,3535
2735,1,3535
906,0,3536
5986,0,3536
112,2,3536
4821,4,3537
748,3,3538
3022,0,3539
182,3,3539
1970,0,3541
2096,4,3541
4579,1,3541
4720,0,3541
1408,0,3541
379,0,3543
724,3,3544
3759,4,3544
824,4,3545
1689,3,3546
5728,3,3546
757,3,3551
4188,0,3551
3721,4,3551
5599,2,3552
727,2,3552
3763,3,3553
518,2,3553
2824,0,3561
4487,1,3561
5823,0,3564
311,4,3564
3757,3,3564
1831,1,3564
2450,2,3564
3177,4,3564
1722,0,3566
2327,4,3566
579,0,3566
1216,2,3566
243,3,3568
1940,0,3569
720,3,3570
5269,0,3572
5664,0,3572
5515,0,3573
1020,0,3573
1493,0,3575
5994,1,3575
1349,0,3575
56,1,3577
4253,1,3581
1529,1,3581
2438,4,3581
5683,2,3581
4156,0,3581
998,1,3584
2971,4,3587
4817,4,3587
5143,3,3587
3241,0,3587
4678,3,3588
5748,4,3588
137,2,3588
1997,4,3588
3958,0,3589
595,3,3590
3925,0,3592
5018,3,3594
1833,0,3594
5122,3,3596
640,2,3598
5633,0,3599
5800,4,3599
1321,0,3599
2865,3,3599
4053,4,3600
1377,0,3600
4084,3,3602
1039,2,3603
1205,3,3604
1224,2,3604
2106,3,3604
1035,0,3604
1714,4,3604
1897,3,3605
4278,2,3608
1400,4,3609
2028,4,3609
975,0,3609
3291,0,3612
24,3,3613
4562,3,3613
1188,0,3613
5491,0,3615
1695,0,3615
4397,3,3615
5782,4,3615
1584,2,3615
3471,0,3618
2140,3,3619
823,4,3620
1693,3,3620
2891,2,3621
5902,2,3621
4112,0,3621
4701,3,3622
489,0,3626
5742,0,3626
2794,1,3626
3688,4,3628
3750,4,3628
3930,0,3628
3562,2,3628
5941,3,3630
5871,3,3630
3495,0,3633
5142,0,3633
5459,2,3633
5,4,3635
1305,3,3635
65,4,3635
5292,3,3635
5851,0,3640
707,4,3640
4730,0,3643
761,0,3643
4679,0,3644
740,3,3644
2579,0,3644
2960,0,3646
4710,0,3646
2976,0,3647
926,3,3647
1892,0,3647
202,0,3647
1555,0,3647
5332,1,3649
3139,0,3649
303,0,3650
3272,0,3651
2154,0,3651
2258,1,3651
4761,3,3652
5769,0,3653
4484,1,3653
5840,0,3656
1445,0,3657
3588,1,3658
612,1,3658
3880,0,3658
941,3,3658
2646,1,3659
5361,0,3659
2592,1,3659
5322,4,3660
5274,4,3660
474,3,3660
2397,0,3660
917,0,3660
507,2,3660
1814,2,3661
1213,2,3661
3878,0,3662
5630,3,3662
2967,0,3662
882,0,3662
1286,0,3662
1043,0,3662
1596,0,3664
1398,0,3664
3906,4,3664
3140,1,3666
47,1,3669
5264,0,3669
2214,2,3669
2998,4,3670
4024,4,3671
4354,0,3671
3537,3,3673
4346,0,3673
5914,3,3673
4154,0,3674
5400,1,3674
2366,1,3676
2543,3,3676
5788,4,3678
5903,0,3678
1543,2,3681
2353,4,3681
4248,0,3682
3343,3,3682
2423,2,3682
4638,0,3685
717,3,3685
2072,1,3686
723,1,3686
4529,1,3687
5259,0,3688
5379,1,3689
5111,1,3690
277,1,3690
3540,1,3690
5458,4,3692
1485,0,3693
1732,0,3693
3,1,3695
2263,4,3695
2749,0,3695
170,0,3698
3643,1,3698
5333,2,3698
1774,3,3699
3386,0,3699
3761,0,3699
4103,4,3699
4998,3,3702
4390,1,3702
1259,0,3702
2038,4,3702
2864,4,3703
3836,0,3705
2664,4,3705
4659,0,3705
3169,0,3707
3189,0,3707
1179,0,3707
1698,1,3708
2797,2,3709
5164,0,3709
1324,0,3709
5932,1,3713
3194,0,3713
4862,3,3713
4573,3,3713
357,4,3713
1734,4,3713
1091,2,3713
1354,3,3715
1202,2,3715
5135,4,3715
5940,3,3715
713,3,3719
13,4,3719
1470,3,3719
2377,0,3721
2760,3,3721
4129,0,3721
5957,3,3721
492,1,3721
2289,3,3721
2011,1,3721
3117,4,3721
5138,4,3722
1881,0,3723
229,4,3723
4850,0,3723
1829,0,3724
3929,0,3726
4265,4,3726
4629,0,3726
5656,0,3727
733,1,3727
843,0,3731
5186,1,3732
1801,3,3732
1380,0,3732
4669,4,3734
758,0,3734
3365,2,3734
2627,1,3734
2907,0,3735
4824,1,3735
3476,4,3735
5202,3,3738
5104,1,3738
445,1,3738
5266,0,3739
4665,2,3739
725,0,3739
1498,0,3741
940,3,3741
2758,0,3744
4296,1,3746
4417,3,3747
1696,0,3747
1167,0,3747
2473,2,3747
4079,0,3749
4916,1,3749
2616,1,3751
343,2,3751
5099,3,3751
173,0,3751
5016,3,3751
2198,4,3751
1118,3,3752
1162,3,3754
4441,2,3754
3401,3,3754
5921,2,3754
3012,4,3754
3869,0,3755
5349,2,3757
4539,2,3757
5737,0,3757
1180,0,3757
4360,3,3759
272,4,3759
541,1,3759
1952,1,3759
957,1,3759
1464,4,3760
3263,0,3760
1006,0,3760
4198,0,3760
2050,4,3760
2873,1,3762
4953,1,3762
4729,3,3762
3867,3,3762
1236,0,3763
1304,2,3765
3848,3,3767
2503,0,3768
1630,1,3768
1294,2,3768
766,0,3768
4032,3,3769
2075,4,3770
4538,4,3772
574,3,3772
3382,1,3772
2889,3,3775
362,3,3775
505,0,3775
1978,4,3775
3084,2,3779
5820,4,3780
4339,0,3781
4944,3,3781
2242,2,3781
3516,0,3782
1111,2,3783
3487,0,3783
4625,2,3783
5170,0,3785
424,0,3785
239,0,3786
643,0,3786
1541,0,3788
5831,3,3788
2793,0,3788
3609,2,3788
5802,0,3788
2232,4,3788
4939,4,3789
2563,0,3792
4153,1,3792
5542,0,3794
5597,0,3797
3852,1,3797
3798,2,3797
4955,3,3797
5037,0,3798
2098,0,3799
5708,4,3799
5888,0,3800
166,4,3800
1017,0,3800
1890,2,3800
832,1,3801
947,1,3801
1553,1,3801
5246,1,3803
3902,0,3804
5517,1,3804
2538,4,3806
1882,0,3806
5839,0,3807
951,0,3807
4140,4,3807
4263,1,3807
5064,3,3809
5580,4,3809
199,3,3809
352,4,3809
1900,0,3810
5423,2,3813
699,4,3813
324,0,3814
1875,1,3814
5369,2,3814
5015,1,3814
3053,3,3815
82,3,3815
1317,4,3816
1752,1,3817
5846,0,3817
2964,3,3819
5972,0,3819
5543,1,3819
1221,0,3820
4271,0,3820
4382,0,3822
5069,4,3826
4292,2,3826
1664,4,3827
5635,1,3827
4388,4,3827
842,3,3829
3834,0,3830
4648,3,3830
1950,2,3830
2432,0,3831
2453,0,3832
1860,0,3832
4759,0,3832
4471,3,3832
5133,3,3835
466,3,3835
2264,3,3835
2845,4,3836
3303,0,3836
1048,1,3836
4335,3,3838
1059,4,3844
2739,1,3844
1606,4,3844
3185,3,3844
570,4,3847
5951,0,3847
249,2,3850
4819,3,3850
3459,2,3850
5679,4,3851
3642,4,3851
5410,0,3851
2823,0,3851
4717,0,3854
4197,3,3854
4080,0,3854
2644,3,3854
4122,2,3854
1339,1,3855
791,1,3855
5863,2,3855
3207,1,3855
204,2,3858
3610,4,3858
3136,1,3858
5112,0,3858
806,3,3859
1724,0,3862
3260,2,3862
5307,0,3862
1338,4,3862
3289,3,3862
2446,0,3863
3604,2,3864
4510,3,3865
5338,1,3865
1635,4,3865
1749,0,3865
104,0,3865
4143,0,3866
3033,3,3867
3098,1,3867
4753,4,3867
5058,0,3867
2493,2,3869
4682,0,3870
2755,0,3872
111,4,3873
1135,0,3877
205,2,3877
4254,0,3877
547,4,3877
3770,1,3878
977,1,3879
3596,4,3884
4144,4,3884
600,1,3888
3060,4,3888
2980,2,3888
1777,0,3888
1987,2,3888
4981,4,3888
3933,4,3889
374,0,3889
2129,3,3891
4172,0,3894
3915,1,3894
5283,3,3895
4056,0,3897
5403,0,3897
5872,0,3898
2674,0,3898
4299,0,3899
787,0,3899
5537,4,3899
3283,2,3899
2406,0,3899
3483,4,3900
1481,3,3900
2822,0,3900
5233,3,3901
1834,0,3902
1410,0,3904
2877,0,3906
5326,3,3906
992,4,3906
1012,2,3906
4036,1,3906
5171,0,3906
29,3,3906
3760,2,3908
870,3,3909
4262,0,3911
5028,1,3911
441,1,3911
5893,4,3911
5500,3,3911
868,4,3912
3969,0,3913
5609,4,3913
5781,3,3913
1143,0,3914
1328,3,3914
4021,0,3915
5849,0,3915
3143,0,3916
4914,0,3917
1571,1,3917
844,1,3917
4841,0,3919
779,1,3919
983,3,3919
575,0,3921
4800,0,3923
4383,1,3923
1393,0,3923
1142,4,3923
3499,3,3923
4420,3,3924
2139,0,3926
5319,4,3926
5079,2,3927
4311,0,3929
5345,0,3929
5651,3,3929
1891,3,3929
3102,0,3929
2600,2,3931
3561,3,3933
392,3,3933
1957,4,3933
3364,4,3933
4121,1,3933
982,1,3935
3000,0,3935
428,0,3937
5505,0,3939
3172,2,3939
3426,4,3939
5811,1,3942
2380,4,3942
2173,0,3944
5036,1,3944
606,1,3945
4698,4,3945
5418,4,3945
3261,1,3945
3425,0,3948
4999,3,3948
1522,3,3948
2147,1,3948
2488,4,3950
3743,4,3950
430,1,3950
1038,0,3952
2886,4,3952
4920,0,3952
1992,1,3956
4859,0,3957
5154,4,3957
41,1,3957
3669,0,3958
1542,3,3958
4443,2,3962
2337,1,3963
4016,3,3963
5321,4,3963
2110,2,3963
4640,4,3965
2750,2,3965
5085,0,3965
3980,1,3965
2004,4,3965
896,4,3966
1100,3,3966
2104,4,3967
2766,0,3967
1329,0,3969
837,4,3969
114,0,3969
2986,0,3969
745,0,3969
5155,3,3971
5180,4,3973
2925,0,3974
1794,0,3974
3369,1,3974
2107,0,3974
2857,3,3977
3363,3,3977
2333,0,3977
5399,2,3977
1061,4,3977
4610,1,3977
1427,3,3978
4450,0,3980
1049,1,3981
2408,3,3981
263,4,3982
5165,1,3982
5057,0,3982
5287,0,3982
1870,0,3982
5538,2,3983
5812,0,3984
1904,3,3984
4086,3,3985
2784,1,3985
4225,0,3987
3318,0,3987
1262,2,3990
1454,3,3993
5677,4,3993
1708,0,3993
5175,2,3995
4830,4,3996
2506,0,3996
5754,3,3999
209,3,3999
2805,4,4000
563,4,4004
922,1,4004
2730,0,4004
1278,2,4004
4009,3,4004
1345,4,4005
2580,4,4005
3244,3,4005
2383,1,4005
4737,1,4005
5513,0,4005
1754,0,4005
2386,2,4006
5132,3,4006
5624,3,4006
683,0,4006
3631,4,4006
3284,3,4006
4082,0,4009
4328,4,4009
3620,1,4009
4109,1,4011
4820,4,4011
2209,0,4014
5484,2,4014
1972,0,4015
2893,2,4015
1916,0,4017
5523,1,4017
5659,0,4017
5242,2,4017
4557,3,4017
5068,3,4017
5339,2,4017
122,0,4018
4831,0,4018
5187,4,4019
2319,3,4019
2806,4,4020
3144,2,4020
613,4,4020
3801,4,4020
450,0,4022
4866,1,4023
729,0,4023
5368,0,4024
4288,4,4024
735,2,4024
1435,3,4026
224,0,4026
1177,3,4026
4568,1,4026
2094,4,4026
3127,0,4027
1388,1,4027
2437,3,4027
5415,0,4027
471,1,4028
5662,4,4028
3871,0,4033
4229,0,4033
1502,3,4034
4501,0,4035
560,0,4036
3443,0,4039
3889,1,4040
4606,4,4040
3448,4,4040
4406,0,4040
2042,1,4041
2968,0,4043
5680,4,4043
1183,3,4043
1511,3,4044
1154,3,4044
3465,1,4044
2403,0,4044
1590,2,4046
183,0,4047
2036,0,4047
5006,0,4052
3530,3,4052
74,0,4053
3714,4,4056
3723,0,4056
2647,2,4057
1139,2,4061
142,4,4061
2254,3,4064
1069,0,4064
5483,0,4066
2836,1,4067
2931,1,4067
3115,3,4067
3148,3,4067
1233,4,4068
4416,0,4068
4974,0,4069
3696,0,4069
621,0,4070
775,4,4070
2090,1,4073
4460,3,4073
5705,4,4073
867,4,4073
2654,2,4073
5965,0,4073
2265,1,4073
912,4,4076
5610,2,4076
3879,0,4076
2253,3,4076
5184,0,4078
149,3,4078
1132,4,4078
979,1,4078
3181,3,4078
809,0,4078
4874,1,4078
880,0,4081
3319,1,4081
99,0,4081
2602,4,4081
2454,3,4081
4251,0,4081
4910,0,4081
5761,3,4081
1984,3,4082
5796,4,4083
5285,3,4083
5464,1,4083
5035,4,4084
4660,4,4084
304,0,4084
1492,1,4088
5086,0,4088
4993,0,4094
989,3,4096
2367,0,4096
2901,1,4096
1277,4,4097
5181,2,4097
4320,4,4097
529,0,4097
4100,2,4097
1291,0,4099
3224,1,4099
4693,0,4099
3838,3,4099
3854,3,4100
4582,3,4100
4290,0,4102
4495,0,4103
5115,4,4103
5969,0,4103
2734,1,4104
4226,4,4104
5815,2,4104
1812,0,4110
1096,0,4110
1818,1,4110
5127,1,4111
5025,4,4111
4474,3,4111
4399,0,4112
4519,3,4114
1230,3,4115
1953,3,4116
694,0,4116
2381,3,4116
3699,4,4116
2894,0,4117
5702,4,4117
5938,1,4117
2328,0,4118
4018,2,4120
1092,4,4122
2074,4,4125
3493,0,4125
4183,0,4126
2770,3,4126
2,0,4130
1589,4,4130
2650,3,4131
956,1,4131
1524,0,4131
3354,3,4131
4816,2,4131
1318,4,4132
3436,1,4135
5755,0,4135
2934,0,4136
650,4,4136
5008,2,4136
4119,0,4137
1027,2,4138
1973,4,4138
4395,0,4138
1968,4,4138
2921,1,4138
4052,2,4138
5533,3,4146
158,2,4146
1911,0,4146
3286,3,4146
1632,4,4146
5884,0,4146
2947,4,4146
5094,0,4147
5617,4,4152
181,4,4152
2361,1,4152
5534,2,4152
1625,0,4152
5090,0,4153
8,3,4153
4594,3,4153
5130,2,4155
2285,2,4155
3535,1,4155
313,0,4156
1942,1,4161
3587,4,4161
4968,1,4161
389,0,4161
1544,4,4161
1965,0,4161
3684,3,4161
5325,0,4163
5751,0,4163
4906,0,4164
161,0,4165
1108,4,4165
3145,4,4166
4410,0,4166
5305,0,4166
5448,1,4168
3021,2,4168
397,1,4168
1731,4,4168
1846,0,4169
5422,2,4169
220,4,4171
3960,3,4171
3962,2,4171
1093,2,4171
2033,4,4171
2578,0,4172
4674,0,4172
5828,4,4178
3335,0,4178
4400,0,4178
5764,2,4178
1958,2,4179
4846,4,4181
2490,0,4182
4692,1,4182
179,3,4182
1672,0,4182
1816,1,4183
1977,0,4183
3636,3,4184
1258,2,4184
2324,1,4184
5479,3,4184
611,0,4185
1330,2,4185
3509,1,4185
5655,4,4185
3673,0,4188
3780,3,4190
5386,0,4191
5429,4,4191
5817,3,4191
1836,0,4191
5901,0,4191
4541,2,4194
260,2,4194
2037,3,4195
869,4,4196
217,3,4196
123,0,4198
577,4,4198
950,0,4198
3238,3,4198
4309,2,4198
2830,3,4198
3378,0,4198
2013,1,4198
5265,4,4198
346,3,4198
770,4,4199
1843,1,4199
2852,1,4200
4512,0,4200
1270,3,4201
5492,2,4201
1363,3,4203
4444,1,4203
2702,2,4203
3005,4,4205
5909,4,4205
2912,0,4205
5005,1,4205
5019,0,4206
3323,0,4206
5297,1,4206
1365,3,4207
2048,1,4207
1191,0,4209
1352,2,4210
4634,1,4210
5904,3,4213
601,4,4214
4763,2,4214
5230,0,4214
2393,3,4214
1618,0,4214
730,4,4214
1184,0,4215
443,2,4221
2589,1,4221
5276,2,4221
2713,1,4222
3622,3,4223
2988,0,4223
3399,1,4225
5250,3,4225
34,1,4225
3419,3,4225
44,1,4225
907,2,4225
3993,4,4225
1785,2,4225
2237,3,4227
4689,1,4227
4791,3,4229
3362,0,4229
1248,4,4229
3672,0,4232
508,1,4232
4431,3,4233
788,4,4233
3525,3,4233
3527,0,4233
3920,0,4233
5837,4,4233
687,1,4235
214,1,4236
2744,4,4236
2507,3,4236
5644,0,4236
4612,0,4236
5992,0,4238
866,0,4239
3045,3,4239
1222,2,4239
1949,4,4245
1746,0,4245
3265,4,4245
3269,4,4245
1310,3,4246
2555,1,4246
2474,1,4246
2958,3,4248
2526,1,4248
5226,4,4248
1437,0,4248
839,0,4248
5822,0,4250
4004,1,4250
5347,0,4250
1190,2,4250
2774,4,4250
3898,3,4250
5444,0,4254
5887,1,4256
944,3,4258
295,0,4258
4270,4,4259
5870,3,4260
5985,3,4261
449,0,4261
3434,1,4264
4838,4,4264
5401,0,4264
5712,3,4264
3082,1,4264
3259,1,4264
2489,4,4267
1219,4,4267
2876,4,4267
999,1,4267
5569,2,4267
5593,3,4267
1009,0,4268
1680,0,4269
2287,2,4269
2811,0,4272
4110,0,4273
521,1,4273
2256,0,4274
3398,1,4274
3794,3,4276
5383,0,4276
1206,3,4276
2536,0,4279
5663,1,4279
1645,4,4279
2821,3,4279
625,2,4280
1120,2,4280
5545,0,4280
4273,0,4280
1690,4,4282
3799,0,4283
4091,3,4283
1748,2,4284
2843,2,4284
511,3,4287
5314,2,4287
4908,3,4287
2229,1,4288
5161,1,4288
160,4,4288
399,4,4289
2741,0,4289
4291,0,4290
2415,0,4290
3119,0,4292
2666,4,4294
2712,4,4294
3510,0,4295
5989,3,4295
2854,1,4295
5704,0,4296
3608,2,4296
5247,2,4296
2092,3,4296
5856,0,4303
5622,3,4303
3218,3,4303
4521,2,4304
1848,0,4304
1979,0,4304
3109,2,4304
1764,0,4304
3296,3,4304
5637,3,4304
2942,0,4313
5627,0,4313
2398,1,4314
3321,1,4315
69,2,4315
1480,0,4315
4396,4,4316
2014,4,4317
2816,3,4318
2834,0,4319
1808,3,4319
753,0,4321
1784,0,4321
937,0,4323
5366,0,4323
198,4,4323
3402,3,4324
3079,0,4324
2030,3,4325
3944,4,4326
4733,4,4326
3729,1,4326
2346,4,4326
3201,4,4326
2681,2,4326
4165,0,4326
646,0,4329
5540,3,4329
663,3,4330
795,1,4330
2073,0,4331
2518,4,4331
3565,4,4336
5768,4,4336
2246,2,4336
3858,1,4336
