2496,3,0
3607,3,0
3227,3,0
1270,3,0
2282,3,0
2802,3,0
2642,5,0
1534,3,0
4461,3,0
3875,3,0
419,3,0
4060,3,0
3514,5,0
934,5,0
2272,5,0
2849,5,0
2581,5,0
3242,5,0
4844,5,0
2761,5,0
2924,5,0
3388,5,0
4041,5,0
1641,5,0
3083,5,0
4173,5,0
4440,5,0
237,5,0
2268,5,0
3969,5,0
2637,5,0
497,5,0
2140,7,0
2620,7,0
3178,7,0
391,7,0
1041,7,0
3503,7,0
3272,7,0
3066,7,0
946,7,0
1945,7,0
2735,7,0
2893,7,0
4054,7,0
1949,7,0
1736,7,0
3480,7,0
3341,7,0
630,7,0
518,7,0
526,0,0
4971,0,0
800,0,0
4769,0,0
3381,0,0
141,0,0
2770,0,0
4018,0,0
2437,0,0
2345,0,0
3315,0,0
2538,0,0
1998,0,0
3267,0,0
4113,1,0
1985,1,0
1140,1,0
2726,1,0
345,1,0
3631,1,0
915,1,0
1264,1,0
4012,1,0
3102,1,0
1143,1,0
1933,6,0
2897,6,0
3427,6,0
3326,6,0
3997,6,0
3426,6,0
4266,6,0
1393,6,0
1294,6,0
2764,6,0
379,2,0
1752,2,0
3047,2,0
1611,2,0
3241,2,0
2445,2,0
1058,2,0
4391,2,0
3260,2,0
3739,2,0
1912,4,0
143,4,0
3354,4,0
817,3,1
4154,3,1
4591,1,1
2604,7,1
2231,2,1
3274,7,1
4215,2,1
4821,3,1
164,2,1
1730,3,1
1243,6,1
3582,6,1
4922,5,1
3522,3,1
1578,4,1
3676,0,1
3633,1,1
3767,3,1
1857,4,1
3125,4,1
612,4,1
343,4,1
986,4,1
3698,4,1
4263,4,1
4477,4,1
4316,4,1
1509,4,1
2621,4,1
352,4,1
57,4,1
858,4,1
415,4,1
1126,4,1
36,4,1
1900,4,1
1544,4,1
4957,4,1
2111,4,1
2206,4,1
390,4,1
1784,3,2
2188,3,2
1049,0,3
2823,1,3
2255,2,3
4401,3,3
1456,4,3
1806,5,3
1749,6,3
1316,7,3
2749,0,3
2636,1,3
2877,2,3
409,3,3
4898,4,3
2239,5,3
3834,6,3
797,7,3
2871,0,3
834,1,3
32,2,3
4267,3,3
3960,4,3
4921,5,3
1601,6,3
251,7,3
9,0,3
1693,1,3
4321,2,3
3151,3,3
1351,4,3
4386,5,3
2388,6,3
4635,7,3
598,0,3
1662,1,3
3437,2,3
3277,3,3
4929,4,3
4969,5,3
4950,6,3
732,7,3
963,0,3
902,1,3
954,2,3
4918,3,3
4740,4,3
3384,5,3
3070,6,3
4924,7,3
2509,0,3
3612,1,3
4638,2,3
3914,3,3
4949,4,3
4557,5,3
3576,6,3
1101,7,3
1793,0,3
2278,1,3
4676,2,3
3721,3,3
1135,4,3
2290,5,3
918,6,3
4419,7,3
1233,0,3
421,1,3
796,2,3
768,3,3
2541,4,3
3393,5,3
1043,6,3
559,7,3
3577,0,3
989,1,3
4558,2,3
483,3,3
4468,4,3
2487,5,3
4901,6,3
665,7,3
3121,0,3
3730,1,3
1743,2,3
1553,5,3
1085,3,3
1445,3,3
4897,3,3
411,3,3
4981,3,3
1593,3,3
3595,5,4
1547,5,4
2843,5,4
302,5,4
2948,5,4
4839,5,4
4306,3,4
1982,5,4
4337,3,4
507,4,4
651,5,4
65,6,4
4084,7,4
2298,0,4
175,1,4
4791,2,4
4372,3,4
3035,4,4
2672,5,4
2366,6,4
1494,7,4
1555,0,4
2387,1,4
3905,2,4
3386,3,4
2982,4,4
4503,5,4
3335,6,4
981,7,4
3050,0,4
829,1,4
1847,2,4
236,3,4
676,4,4
2578,5,4
16,6,4
3254,7,4
1974,0,4
3221,1,4
242,2,4
4327,3,4
1686,4,4
1860,5,4
656,6,4
2886,7,4
206,0,4
2474,1,4
4584,2,4
4464,3,4
2553,4,4
102,5,4
3710,6,4
1122,7,4
3453,0,4
1541,1,4
1791,2,4
869,3,4
3716,4,4
1202,5,4
1310,6,4
3690,7,4
1972,0,4
3516,1,4
2189,2,4
4935,3,4
4127,4,4
3813,5,4
1198,6,4
2602,7,4
2048,0,4
1848,1,4
2693,2,4
4285,3,4
4991,4,4
1183,5,4
4820,6,4
186,7,4
1526,0,4
2750,1,4
604,2,4
3591,3,4
2142,4,4
1378,5,4
1461,6,4
131,7,4
2008,0,4
2476,1,4
1505,2,4
632,3,4
3279,4,4
3333,4,5
1204,7,5
4413,4,5
810,7,5
2276,4,5
749,7,5
1329,4,5
3520,7,5
464,4,5
23,7,5
3061,4,5
3811,5,5
4157,7,5
4694,4,5
3204,5,5
3649,6,5
3639,7,5
2972,0,5
1449,1,5
3684,2,5
1929,3,5
4837,4,5
2790,5,5
4933,6,5
2497,7,5
4986,0,5
1319,1,5
3261,2,5
3754,3,5
3705,4,5
997,5,5
4718,6,5
618,7,5
1412,0,5
4463,1,5
3287,2,5
1359,3,5
521,4,5
3106,5,5
4641,6,5
1290,7,5
4624,0,5
3920,1,5
1440,2,5
1384,3,5
4076,4,5
2746,5,5
4993,6,5
4784,7,5
1357,0,5
1828,1,5
4148,2,5
1341,3,5
3998,4,5
3543,5,5
1594,6,5
2175,7,5
4354,0,5
1588,1,5
819,2,5
2596,3,5
2717,4,5
3903,5,5
2174,6,5
3243,7,5
2085,0,5
326,1,5
3297,2,5
3528,3,5
2869,4,5
165,5,5
154,6,5
3664,7,5
4643,0,5
1687,1,5
2176,2,5
4985,3,5
2183,4,5
4611,5,5
138,6,5
4264,7,5
3317,0,5
3530,1,5
760,2,5
3058,3,5
3887,4,5
3140,5,5
553,6,5
3908,7,5
4049,0,5
740,0,5
313,0,5
2486,0,5
1625,0,5
45,0,5
511,0,5
1795,0,5
412,0,5
2202,0,5
314,0,5
1865,4,6
4090,3,6
952,4,6
561,3,6
1583,4,6
1420,0,6
4542,0,6
4605,0,6
4835,0,6
4904,0,6
947,0,6
4156,0,6
3682,0,6
4636,0,6
3940,0,6
2022,0,6
945,0,6
1419,0,6
1569,0,6
794,0,6
4178,0,6
2159,0,6
1368,0,6
3995,0,6
1802,0,6
4923,0,6
83,0,6
1109,0,6
28,0,6
1539,0,6
179,0,6
2201,0,6
3200,0,6
2129,0,6
3018,0,6
3741,0,6
1823,0,6
3778,0,6
4704,0,6
4572,0,6
4137,0,6
2491,0,6
4651,0,6
2458,0,6
1009,0,6
4822,0,6
1516,0,6
4920,0,6
4915,0,6
4445,0,6
4119,0,6
3414,0,6
1645,0,6
887,0,6
3978,0,6
4987,0,6
4706,0,6
3626,0,6
4886,0,6
4362,0,6
4287,0,6
727,0,6
2197,0,6
184,0,6
2828,0,6
4439,0,6
4569,0,6
4099,0,6
3488,0,6
2454,0,6
2687,0,6
3657,0,6
2970,0,6
4336,0,6
3213,0,6
4098,0,6
1151,0,6
140,0,6
715,0,6
2230,0,6
2846,0,6
4599,0,6
3704,0,6
2490,0,6
1560,0,6
926,0,6
2478,0,6
3589,0,6
3579,0,6
351,0,6
2583,0,6
4887,0,6
296,0,6
4618,0,6
1639,0,6
1859,0,6
653,3,7
3285,3,7
1682,4,7
1081,3,7
807,4,7
3313,5,7
4465,0,7
1182,0,7
2058,0,7
3434,0,7
3861,0,7
525,0,7
2481,0,7
909,0,7
2363,0,7
3412,0,7
1172,0,7
3789,0,7
994,0,7
1306,0,7
3722,0,7
2126,0,7
3327,0,7
4328,0,7
455,0,7
499,0,7
3175,0,7
3284,0,7
448,0,7
2436,0,7
4510,0,7
443,0,7
2038,0,7
3585,0,7
2919,0,7
4781,0,7
572,0,7
1762,0,7
4496,0,7
3174,0,7
4713,0,7
3946,0,7
4504,0,7
1317,0,7
1992,0,7
4079,0,7
1401,0,7
1691,0,7
4978,0,7
3768,0,7
3328,0,7
4432,0,7
4029,0,7
1742,0,7
2748,0,7
4788,0,7
3307,0,7
815,0,7
889,0,7
3864,0,7
995,0,7
2035,0,7
1267,0,7
4005,0,7
1018,0,7
2347,0,7
114,0,7
3336,0,7
606,0,7
4490,0,7
1333,0,7
3424,0,7
1350,0,7
1432,0,7
2718,0,7
2873,0,7
2755,0,7
854,0,7
3829,0,7
48,0,7
3666,0,7
642,0,7
1947,0,7
4988,0,7
2355,0,7
2065,0,7
1250,0,7
1771,0,7
3964,0,7
3803,0,7
4240,0,7
1822,0,7
3507,0,7
4037,0,7
1999,0,7
1850,0,7
2074,0,7
134,0,7
1488,0,7
2681,0,7
4595,0,7
268,0,7
4995,0,8
2419,1,8
3820,5,8
2024,0,8
169,1,8
2416,5,8
1990,0,8
2634,1,8
1138,5,8
2799,0,8
3300,0,8
990,0,8
4129,0,8
3470,0,8
461,0,8
3045,0,8
3110,0,8
1269,0,8
668,0,8
883,0,8
1701,0,8
1037,0,8
4475,0,8
4856,0,8
4938,0,8
3352,0,8
4087,0,8
873,0,8
2623,0,8
4744,0,8
3603,0,8
1636,0,8
816,0,8
2319,0,8
316,0,8
3628,0,8
3899,0,8
2303,0,8
3091,0,8
3807,0,8
357,0,8
4911,0,8
2657,0,8
4143,0,8
174,0,8
1643,0,8
3565,0,8
549,0,8
4334,0,8
4736,0,8
2996,0,8
4282,0,8
891,0,8
1147,0,8
693,0,8
29,0,8
2941,0,8
3192,0,8
2005,0,8
3761,0,8
462,0,8
3040,0,8
2551,0,8
4279,0,8
4221,0,8
2205,0,8
3557,0,8
3654,0,8
1444,0,8
4351,0,8
2199,0,8
3627,0,8
4062,0,8
150,0,8
3727,0,8
3578,0,8
311,0,8
1022,0,8
2305,0,8
2775,0,8
4999,0,8
3302,0,8
1729,0,8
4061,0,8
1433,0,8
121,0,8
885,0,8
66,0,8
3747,0,8
1836,0,8
2822,0,8
4332,0,8
731,0,8
117,0,9
579,0,9
4859,0,9
1446,1,9
4251,0,9
2951,1,9
1300,0,9
1934,1,9
2449,3,9
852,0,9
4625,1,9
4610,3,9
1213,0,9
4847,0,9
3391,0,9
3115,0,9
4674,0,9
3559,0,9
2673,0,9
581,0,9
1914,0,9
2087,0,9
2625,0,9
4466,0,9
4552,0,9
2793,0,9
2137,0,9
4177,0,9
3305,0,9
3484,0,9
2915,0,9
3187,0,9
1855,0,9
4809,0,9
1846,0,9
4451,0,9
3089,0,9
3823,0,9
1671,0,9
680,0,9
1575,0,9
3968,0,9
944,0,9
1242,0,9
3926,0,9
1585,0,9
2334,0,9
1011,0,9
1969,0,9
3033,0,9
3487,0,9
4534,0,9
1156,0,9
3675,0,9
733,0,9
3468,0,9
221,0,9
2016,0,9
3436,0,9
4785,0,9
2033,0,9
4473,0,9
2190,0,9
920,0,9
4395,0,9
4198,0,9
2524,0,9
1665,0,9
745,0,9
2300,0,9
2056,0,9
2651,0,9
1164,0,9
3773,0,9
127,0,9
2962,0,9
1841,0,9
192,0,9
3016,0,9
1104,0,9
1571,0,9
646,0,9
3504,0,9
2212,0,9
2832,0,9
482,0,9
4710,0,9
2194,0,9
4983,0,9
4994,0,9
4488,0,9
718,0,9
340,0,9
903,0,9
1068,0,9
2128,0,9
2170,0,9
4860,0,9
1517,0,9
4752,0,9
2665,0,9
2135,0,9
2051,0,9
723,0,9
4405,0,9
4389,0,9
1434,0,9
2525,0,9
129,0,9
2891,5,10
2668,5,10
991,3,10
3116,5,10
3825,3,10
2639,4,10
2021,5,10
1545,3,10
4102,4,10
267,5,10
3122,0,10
758,0,10
2354,0,10
984,0,10
814,0,10
3798,0,10
4028,0,10
1754,0,10
4925,0,10
2318,0,10
565,0,10
1148,0,10
1145,0,10
3378,0,10
1207,0,10
2281,0,10
1327,0,10
4700,0,10
1747,0,10
4449,0,10
3262,0,10
4712,0,10
4410,0,10
2463,0,10
3509,0,10
4864,0,10
4100,0,10
1499,0,10
1480,0,10
2616,0,10
4782,0,10
3373,0,10
976,0,10
3653,0,10
263,0,10
2164,0,10
3108,0,10
3683,0,10
55,0,10
3198,0,10
783,0,10
1833,0,10
3344,0,10
3533,0,10
1750,0,10
3915,0,10
4626,0,10
223,0,10
2964,0,10
190,0,10
3223,0,10
3713,0,10
1876,0,10
3409,0,10
1965,0,10
3669,0,10
254,0,10
3005,0,10
4754,0,10
4485,0,10
3112,0,10
3764,0,10
3216,0,10
2331,0,10
1089,0,10
3202,0,10
4498,0,10
4524,0,10
717,0,10
1241,0,10
3535,0,10
2558,0,10
2669,0,10
4689,0,10
1471,0,10
3771,0,10
2679,0,10
554,0,10
3451,0,10
33,0,10
107,0,10
1690,0,10
1716,0,10
2154,0,10
1455,0,10
1060,0,10
1817,0,10
139,6,11
737,6,11
4234,6,11
3981,6,11
3078,1,11
3961,3,11
4063,6,11
3638,1,11
645,3,11
2160,6,11
1238,1,11
3208,3,11
2535,6,11
2382,7,11
703,0,11
2921,0,11
4794,0,11
3150,0,11
678,0,11
568,0,11
1720,0,11
1032,0,11
238,0,11
1232,0,11
4110,0,11
3732,0,11
2484,0,11
2666,0,11
3466,0,11
3540,0,11
3094,0,11
1568,0,11
720,0,11
4365,0,11
3019,0,11
664,0,11
3298,0,11
2938,0,11
3549,0,11
3630,0,11
1523,0,11
4555,0,11
3332,0,11
2312,0,11
3594,0,11
1786,0,11
4617,0,11
4616,0,11
2519,0,11
4613,0,11
4597,0,11
2505,0,11
2117,0,11
802,0,11
3244,0,11
2479,0,11
470,0,11
3982,0,11
4727,0,11
4592,0,11
3387,0,11
1605,0,11
4015,0,11
4142,0,11
4164,0,11
3249,0,11
884,0,11
4865,0,11
4564,0,11
4425,0,11
1321,0,11
3275,0,11
862,0,11
161,0,11
3469,0,11
3189,0,11
2297,0,11
2912,0,11
588,0,11
882,0,11
1835,0,11
4286,0,11
544,0,11
593,0,12
3735,0,12
3923,0,12
3902,0,12
294,5,12
2459,0,12
2150,0,12
358,0,12
4237,0,12
4259,0,12
4620,0,12
3039,0,12
2144,0,12
4494,0,12
2779,0,12
1978,0,12
503,0,12
1782,0,12
3689,0,12
3236,0,12
1844,0,12
759,0,12
2520,0,12
1154,0,12
4737,0,12
1873,0,12
2713,0,12
574,0,12
970,0,12
1766,0,12
1019,0,12
4568,0,12
3340,0,12
3667,0,12
2446,0,12
2070,0,12
219,0,12
385,0,12
1768,0,12
4862,0,12
2808,0,12
1124,0,12
167,0,12
697,0,12
3266,0,12
344,0,12
2572,0,12
426,0,12
523,0,12
2392,0,12
1472,0,12
3527,0,12
1677,0,12
97,0,12
575,0,12
4056,0,12
3295,0,12
125,0,12
4136,0,12
4311,0,12
3366,0,12
2247,0,12
4404,0,12
2738,0,12
2091,0,12
3226,0,12
2381,0,12
4080,0,12
2377,0,12
1654,0,12
4235,0,12
1652,0,12
152,0,12
4908,0,12
4233,0,12
964,0,12
4396,0,12
4034,0,12
3642,0,12
765,0,12
3180,0,12
305,0,12
2386,0,12
582,0,12
105,0,12
2656,0,12
595,0,12
4294,0,12
2245,0,12
4758,0,12
3763,0,12
309,0,12
145,0,12
1663,0,12
3472,0,12
620,0,12
4407,0,12
2390,0,12
2704,0,12
1502,0,12
634,0,12
2094,0,12
788,0,12
2468,0,12
1240,0,12
3785,0,12
2870,0,12
1102,0,12
1536,0,12
2055,0,12
1095,0,12
826,0,12
4265,0,12
1015,0,12
4295,0,12
1361,0,12
1279,0,12
2002,0,12
4656,0,12
2076,0,12
1950,0,12
1709,4,13
2855,7,13
2522,0,13
2980,0,13
1757,0,13
4074,0,13
4960,0,13
2313,0,13
4333,0,13
270,0,13
2041,0,13
1112,0,13
1966,0,13
2816,0,13
847,0,13
4462,0,13
3740,0,13
2889,0,13
1114,0,13
4664,0,13
1684,0,13
4650,0,13
779,0,13
3067,0,13
1779,0,13
4189,0,13
4032,0,13
4476,0,13
4467,0,13
2119,0,13
3043,0,13
1209,0,13
4692,0,13
3610,0,13
1500,0,13
3149,0,13
1042,0,13
44,0,13
1149,0,13
2997,0,13
1721,0,13
4162,0,13
868,0,13
3001,0,13
1125,0,13
4639,0,13
1055,0,13
3237,0,13
563,0,13
4747,0,13
3815,0,13
1951,0,13
2943,0,13
623,0,13
3193,0,13
4745,0,13
2493,0,13
1464,0,13
1805,0,13
4523,0,13
1258,0,13
2214,0,13
4125,0,13
454,0,13
2439,0,13
1570,0,13
675,0,13
4429,0,13
4377,0,13
4232,0,13
851,0,13
4779,0,13
2037,0,13
3264,0,13
1506,0,13
3850,0,13
2216,0,13
3877,0,13
212,0,13
3142,0,13
4914,0,13
4735,0,13
1741,0,13
2695,0,13
4053,0,13
1093,0,13
4369,0,13
2287,0,13
2325,0,13
1360,0,13
922,0,13
2353,0,13
3885,0,13
1563,0,13
901,0,13
355,0,13
2346,0,13
931,0,13
2690,0,13
1452,0,13
1668,0,13
3599,0,14
4444,0,14
4350,1,14
2457,4,14
3757,0,14
3567,0,14
2798,0,14
833,0,14
2615,0,14
266,0,14
2102,0,14
172,0,14
2988,0,14
1313,0,14
1174,0,14
3158,0,14
2009,0,14
932,0,14
2762,0,14
517,0,14
865,0,14
2408,0,14
4959,0,14
4997,0,14
2880,0,14
3157,0,14
4631,0,14
2283,0,14
3833,0,14
1991,0,14
274,0,14
3984,0,14
4895,0,14
3613,0,14
2957,0,14
3432,0,14
1192,0,14
4403,0,14
3330,0,14
2104,0,14
1507,0,14
4697,0,14
3459,0,14
3794,0,14
104,0,14
1521,0,14
3364,0,14
3637,0,14
4947,0,14
1289,0,14
4152,0,14
258,0,14
1773,0,14
600,0,14
809,0,14
781,0,14
842,0,14
446,0,14
1307,0,14
4398,0,14
2083,0,14
813,0,14
2961,0,14
2136,0,14
1592,0,14
1895,0,14
2722,0,14
694,0,14
1010,0,14
628,0,14
1657,0,14
2595,0,14
4138,0,14
377,0,14
1285,0,14
3784,0,14
610,0,14
2393,0,14
2062,0,14
2774,0,14
3270,0,14
2902,0,14
123,0,14
992,0,14
1812,0,14
4374,0,14
698,1,15
4199,1,15
1312,5,15
2181,1,15
253,4,15
4533,5,15
2257,0,15
2068,0,15
2093,0,15
763,0,15
3127,0,15
957,0,15
3575,0,15
3546,0,15
1760,0,15
2394,0,15
1973,0,15
3706,0,15
830,0,15
4531,0,15
3471,0,15
1572,0,15
4026,0,15
4114,0,15
348,0,15
2025,0,15
2773,0,15
4799,0,15
1355,0,15
4242,0,15
2310,0,15
1091,0,15
3473,0,15
3973,0,15
431,0,15
160,0,15
2397,0,15
2260,0,15
4968,0,15
4606,0,15
2609,0,15
4133,0,15
2896,0,15
2894,0,15
2786,0,15
4725,0,15
3126,0,15
3457,0,15
3852,0,15
801,0,15
4085,0,15
2661,0,15
3065,0,15
4460,0,15
2785,0,15
2998,0,15
1354,0,15
4627,0,15
4930,0,15
660,0,15
3849,0,15
1051,0,15
3486,0,15
1324,0,15
892,0,15
2036,0,15
861,0,15
638,0,15
4193,0,15
2662,0,15
4271,0,15
2251,0,15
1199,0,15
4512,0,15
3678,0,15
4346,0,15
1871,0,15
1765,0,15
1838,0,15
2854,0,15
4103,0,15
4982,0,15
2299,0,15
361,0,15
2881,0,15
3624,0,15
2389,0,15
3545,0,15
4649,0,15
43,0,15
1236,0,15
3032,7,16
823,0,16
635,7,16
1983,0,16
738,7,16
3245,0,16
1180,0,16
1370,0,16
707,0,16
1429,0,16
2554,0,16
1565,0,16
982,0,16
1722,0,16
1181,0,16
3144,0,16
1746,0,16
2711,0,16
560,0,16
3524,0,16
3431,0,16
1913,0,16
4573,0,16
724,0,16
1559,0,16
4793,0,16
1111,0,16
2077,0,16
416,0,16
1920,0,16
4441,0,16
3400,0,16
3289,0,16
1216,0,16
1459,0,16
3176,0,16
1116,0,16
687,0,16
2697,0,16
86,0,16
725,0,16
969,0,16
2015,0,16
376,0,16
4023,0,16
894,0,16
2907,0,16
3755,0,16
1153,0,16
2343,0,16
3718,0,16
49,0,16
1745,0,16
2963,0,16
1623,0,16
395,0,16
818,0,16
4453,0,16
1134,0,16
1597,0,16
447,0,16
4672,0,16
2246,0,16
3888,0,16
942,0,16
4881,0,16
2105,0,16
2617,0,16
3597,0,16
2900,0,16
540,0,16
3118,0,16
4833,0,16
324,0,16
2683,0,16
2586,0,16
1118,0,16
4719,0,16
3046,0,16
953,0,16
1781,0,16
2720,0,16
2280,0,16
1435,0,16
4723,0,16
1489,0,16
3278,0,16
3215,0,16
1813,0,16
1259,0,16
1421,0,16
82,0,16
4092,0,16
4749,0,16
4642,0,16
1909,0,16
613,0,16
4171,0,16
2339,0,16
825,0,16
4147,0,16
2013,0,16
2633,0,16
1428,0,16
1620,0,16
3550,0,16
3124,0,16
4810,0,16
1302,0,16
2367,0,16
3038,0,16
3796,1,17
1080,1,17
910,7,17
2211,0,17
480,0,17
3232,0,17
2410,0,17
3220,0,17
4996,0,17
543,0,17
1195,0,17
1790,0,17
2450,0,17
2028,0,17
640,0,17
3691,0,17
3972,0,17
4277,0,17
2983,0,17
2805,0,17
2920,0,17
4497,0,17
4888,0,17
1630,0,17
4499,0,17
2682,0,17
2185,0,17
1898,0,17
2829,0,17
3464,0,17
2236,0,17
317,0,17
1155,0,17
2787,0,17
2989,0,17
2095,0,17
4027,0,17
4310,0,17
4764,0,17
2321,0,17
735,0,17
2824,0,17
2157,0,17
4130,0,17
2423,0,17
2640,0,17
691,0,17
928,0,17
1226,0,17
2976,0,17
4679,0,17
3526,0,17
1581,0,17
1734,0,17
2663,0,17
2510,0,17
621,0,17
3695,0,17
4373,0,17
538,0,17
2590,0,17
1931,0,17
1074,0,17
3337,0,17
3135,0,17
710,0,17
1078,0,17
2203,0,17
905,0,17
4587,0,17
4571,0,17
279,0,17
4371,0,17
4356,0,17
1070,0,17
297,0,17
3195,0,17
2659,0,17
1035,0,17
890,0,17
2603,0,17
4205,0,17
2613,0,17
4426,0,17
4619,0,17
2000,0,17
4804,0,17
1582,0,17
2156,0,17
2952,0,17
4963,0,17
244,0,17
3606,0,17
3138,6,18
4213,6,18
4942,0,18
3025,1,18
1396,4,18
3345,5,18
4519,6,18
329,0,18
367,0,18
4247,0,18
4734,0,18
479,0,18
700,0,18
4528,0,18
4194,0,18
88,0,18
4585,0,18
4227,0,18
4186,0,18
4275,0,18
2728,0,18
3338,0,18
3919,0,18
4778,0,18
4529,0,18
3246,0,18
4200,0,18
2444,0,18
2626,0,18
726,0,18
504,0,18
4560,0,18
722,0,18
4668,0,18
3450,0,18
4818,0,18
2219,0,18
4545,0,18
4807,0,18
1463,0,18
943,0,18
3351,0,18
402,0,18
2225,0,18
118,0,18
2218,0,18
4438,0,18
3201,0,18
1613,0,18
4276,0,18
2494,0,18
1697,0,18
241,0,18
3000,0,18
2229,0,18
4514,0,18
4433,0,18
3230,0,18
3483,0,18
4297,0,18
4252,0,18
1617,0,18
708,0,18
2304,0,18
2643,0,18
99,0,18
1843,0,18
4363,0,18
2619,0,18
339,0,18
3765,0,18
1097,0,18
4637,0,18
2562,0,18
832,0,18
3037,0,18
278,0,18
1299,0,18
1878,0,18
898,0,18
249,0,18
3600,0,18
2806,0,18
1916,0,18
3929,0,18
1026,0,18
3819,0,18
1807,0,18
1398,0,18
3146,0,18
4548,0,18
3231,0,18
3608,0,18
840,0,18
2223,0,18
286,0,18
1484,0,18
2680,0,18
3481,0,18
1839,0,18
681,0,18
3392,0,18
2417,0,18
4657,0,18
3217,0,18
4324,0,18
3510,0,18
1837,0,18
1797,0,18
1892,0,18
3749,0,18
1308,0,18
3276,0,18
1342,0,18
353,0,18
616,0,18
3334,0,18
189,0,18
4208,0,18
3980,0,18
4667,6,19
4660,1,19
1712,6,19
2067,1,19
3383,6,19
4339,0,19
3209,0,19
4669,0,19
4980,0,19
1326,0,19
1427,0,19
1372,0,19
3804,0,19
3822,0,19
716,0,19
936,0,19
2756,0,19
2204,0,19
3842,0,19
4708,0,19
798,0,19
542,0,19
2812,0,19
4682,0,19
1550,0,19
2819,0,19
4180,0,19
4472,0,19
3362,0,19
2452,0,19
1763,0,19
4417,0,19
1248,0,19
3901,0,19
3967,0,19
1772,0,19
4850,0,19
3027,0,19
2326,0,19
4522,0,19
4239,0,19
2556,0,19
1276,0,19
1728,0,19
4632,0,19
4866,0,19
1580,0,19
2358,0,19
3111,0,19
2698,0,19
4709,0,19
614,0,19
546,0,19
2508,0,19
3501,0,19
378,0,19
654,0,19
4965,0,19
463,0,19
3367,0,19
2489,0,19
3685,0,19
3808,0,19
2890,0,19
3544,0,19
2644,0,19
1893,0,19
1017,0,19
1724,0,19
4990,0,19
1618,0,19
1334,0,19
1675,0,19
1638,0,19
3615,0,19
667,0,19
4763,0,19
1524,0,19
2256,0,19
492,0,19
2547,0,19
1937,0,19
3152,0,19
4561,0,19
3670,0,19
1485,0,19
2315,0,19
250,0,19
2075,0,19
4067,0,19
321,0,19
4662,0,19
1023,0,19
2108,0,19
2864,0,19
4014,0,19
615,0,19
2859,0,19
1487,3,20
3743,7,20
1964,0,20
3130,0,20
2701,0,20
589,0,20
2973,0,20
2777,0,20
3199,0,20
2089,0,20
786,0,20
1025,0,20
3063,0,20
1117,0,20
1391,0,20
3775,0,20
4381,0,20
3859,0,20
742,0,20
1637,0,20
4481,0,20
4261,0,20
3853,0,20
2145,0,20
4144,0,20
4805,0,20
4705,0,20
3786,0,20
3816,0,20
3263,0,20
3179,0,20
4707,0,20
4140,0,20
3956,0,20
2632,0,20
4231,0,20
4124,0,20
3886,0,20
2607,0,20
3985,0,20
4795,0,20
2073,0,20
1832,0,20
2594,0,20
1681,0,20
2676,0,20
1649,0,20
1211,0,20
4762,0,20
2608,0,20
1910,0,20
1726,0,20
2464,0,20
4515,0,20
1903,0,20
2116,0,20
2688,0,20
109,0,20
3095,0,20
3570,0,20
3824,0,20
187,0,20
2518,0,20
3868,0,20
2232,0,20
1252,0,20
4415,0,20
368,0,20
2803,0,20
3051,0,20
3724,0,20
4732,0,20
1719,0,20
229,0,20
1989,0,20
2730,0,20
1177,0,20
3873,0,20
4811,0,20
4187,0,20
2834,0,20
3438,0,20
437,0,20
2993,0,20
933,0,20
4298,0,20
1228,0,20
1229,0,20
2096,0,20
1647,0,20
3836,0,20
1004,0,20
1076,0,20
3132,0,20
2039,0,20
2966,0,20
914,0,20
1256,0,20
199,0,21
3079,0,21
1531,0,21
1064,0,21
1436,0,21
1598,0,21
3529,0,21
3036,0,21
3531,0,21
2530,0,21
3668,0,21
2007,0,21
699,0,21
3839,0,21
3717,0,21
4645,0,21
180,0,21
3622,0,21
4741,0,21
4002,0,21
3916,0,21
432,0,21
3164,0,21
3421,0,21
1699,0,21
1406,0,21
4872,0,21
506,0,21
1255,0,21
4064,0,21
3976,0,21
460,0,21
828,0,21
897,0,21
3801,0,21
2692,0,21
2426,0,21
3502,0,21
4720,0,21
1640,0,21
3644,0,21
2539,0,21
771,0,21
4455,0,21
3012,0,21
4132,0,21
916,0,21
3518,0,21
2465,0,21
3781,0,21
3445,0,21
3774,0,21
4216,0,21
4932,0,21
2473,0,21
3708,0,21
3186,0,21
2224,0,21
508,0,21
812,0,21
3989,0,21
3203,0,21
439,0,21
491,0,21
4211,0,21
1899,0,21
3171,0,21
1443,0,21
751,0,21
1352,0,21
4158,0,21
2627,0,21
4701,0,21
3452,0,21
4680,0,21
4146,0,21
156,0,21
398,0,21
387,0,21
1291,0,21
1338,0,21
4633,0,21
516,0,21
626,0,21
1872,0,21
2979,0,21
4975,0,21
959,0,21
2858,6,22
1518,0,22
3728,0,22
4540,0,22
1190,0,22
35,0,22
531,0,22
3889,0,22
4566,0,22
1203,0,22
2501,0,22
2380,0,22
1106,0,22
3537,0,22
562,0,22
3007,0,22
1530,0,22
1171,0,22
3349,0,22
4580,0,22
3443,0,22
2670,0,22
3687,0,22
3742,0,22
2555,0,22
4757,0,22
4456,0,22
222,0,22
380,0,22
3855,0,22
3703,0,22
1704,0,22
224,0,22
870,0,22
200,0,22
1590,0,22
2987,0,22
629,0,22
3489,0,22
3707,0,22
878,0,22
3561,0,22
4469,0,22
537,0,22
4330,0,22
2885,0,22
4797,0,22
1759,0,22
4583,0,22
1919,0,22
4608,0,22
1127,0,22
1960,0,22
4340,0,22
3323,0,22
362,0,22
3945,0,22
198,0,22
2974,0,22
2813,0,22
2406,0,22
459,0,22
4823,0,22
320,0,22
639,0,22
2723,0,22
226,0,22
573,0,22
3411,0,22
4042,0,22
4830,0,22
2391,0,22
2064,0,22
4458,0,22
1474,0,22
3103,0,22
808,0,22
2273,0,22
7,0,22
880,0,22
3580,0,22
1059,0,22
2945,0,22
4586,0,22
1614,0,22
728,0,22
1000,0,22
1411,0,22
4509,0,22
4383,0,22
2348,0,22
4518,0,22
3478,0,22
2506,0,22
4318,4,23
2277,1,23
2703,4,23
644,5,23
3090,7,23
1888,0,23
1356,0,23
657,0,23
4581,0,23
4011,0,23
1917,0,23
4359,0,23
3081,0,23
3871,0,23
19,0,23
3131,0,23
3619,0,23
2499,0,23
2430,0,23
3408,0,23
3252,0,23
1497,0,23
1132,0,23
3692,0,23
4380,0,23
2398,0,23
1513,0,23
50,0,23
1187,0,23
338,0,23
3433,0,23
925,0,23
4109,0,23
643,0,23
2543,0,23
4349,0,23
112,0,23
3113,0,23
4905,0,23
2946,0,23
1179,0,23
672,0,23
471,0,23
1282,0,23
3569,0,23
3656,0,23
4575,0,23
1170,0,23
4168,0,23
1678,0,23
3238,0,23
2107,0,23
3170,0,23
2867,0,23
295,0,23
4155,0,23
753,0,23
576,0,23
2958,0,23
3532,0,23
4746,0,23
1561,0,23
490,0,23
3129,0,23
3099,0,23
3744,0,23
2610,0,23
3358,0,23
128,0,23
4040,0,23
103,0,23
4614,0,23
3623,0,23
115,0,23
3882,0,23
2018,0,23
1514,0,23
4230,0,23
3310,0,23
433,0,23
2351,0,23
706,0,23
3291,0,23
1040,0,23
4802,0,23
1796,0,23
1027,0,24
2100,1,24
2913,4,24
4867,0,24
502,1,24
2794,4,24
233,6,24
4260,0,24
4165,0,24
4691,0,24
743,0,24
1254,0,24
4612,0,24
2641,0,24
4508,0,24
3862,0,24
752,0,24
1512,0,24
2482,0,24
1214,0,24
132,0,24
2612,0,24
4057,0,24
1501,0,24
4128,0,24
1222,0,24
1535,0,24
3100,0,24
3375,0,24
2241,0,24
68,0,24
3048,0,24
4629,0,24
712,0,24
3137,0,24
1733,0,24
1602,0,24
2950,0,24
1725,0,24
2337,0,24
3618,0,24
4303,0,24
3921,0,24
1371,0,24
1379,0,24
2932,0,24
2053,0,24
4159,0,24
2741,0,24
2986,0,24
349,0,24
4273,0,24
533,0,24
2589,0,24
3283,0,24
2151,0,24
2289,0,24
312,0,24
1648,0,24
1558,0,24
2153,0,24
2826,0,24
1642,0,24
3812,0,24
1268,0,24
3430,0,24
4338,0,24
2235,0,24
2884,0,24
875,0,24
3641,0,24
12,0,24
658,0,24
750,0,24
1486,0,24
1717,0,24
2767,0,24
2228,0,24
4948,0,24
3420,0,24
1695,0,24
993,0,24
3770,0,24
3709,0,24
2654,0,24
3082,0,24
4849,0,24
2845,0,24
937,0,24
2120,0,24
30,0,24
46,0,24
2265,0,24
1809,0,24
3640,0,24
767,0,24
4035,0,24
1245,4,25
3320,4,25
3810,4,25
795,4,25
3281,4,25
2069,1,25
2601,3,25
4554,4,25
556,1,25
3054,3,25
1221,4,25
280,5,25
4958,0,25
144,0,25
4169,0,25
3357,0,25
966,0,25
1077,0,25
2630,0,25
3629,0,25
1188,0,25
3832,0,25
3893,0,25
975,0,25
2571,0,25
2395,0,25
3401,0,25
2240,0,25
4604,0,25
1447,0,25
886,0,25
466,0,25
1137,0,25
3015,0,25
1063,0,25
921,0,25
1283,0,25
1123,0,25
1868,0,25
2801,0,25
485,0,25
4733,0,25
2569,0,25
4296,0,25
4506,0,25
1013,0,25
999,0,25
1628,0,25
456,0,25
2559,0,25
2992,0,25
1260,0,25
3566,0,25
4248,0,25
4992,0,25
1923,0,25
696,0,25
1343,0,25
539,0,25
4730,0,25
2736,0,25
4913,0,25
1604,0,25
1622,0,25
2132,0,25
955,0,25
1936,0,25
3731,0,25
1219,0,25
4331,0,25
2796,0,25
607,0,25
2173,0,25
4006,0,25
3021,0,25
3324,0,25
142,0,25
2552,0,25
389,0,25
4342,0,25
347,0,25
58,0,25
2163,0,25
406,0,25
1176,0,25
1801,0,25
1131,0,25
4892,0,25
709,0,25
2086,0,25
1418,0,25
603,0,25
1303,0,25
51,0,25
1710,0,25
2645,0,25
872,0,25
1295,0,25
2800,0,25
1787,0,25
3974,7,26
705,4,26
3878,5,26
4170,7,26
414,0,26
1723,0,26
1877,0,26
3314,0,26
3282,0,26
3797,0,26
1904,0,26
4848,0,26
3319,0,26
1005,0,26
1897,0,26
3482,0,26
1425,0,26
2438,0,26
4190,0,26
1014,0,26
3009,0,26
1890,0,26
4661,0,26
2766,0,26
1385,0,26
3848,0,26
2467,0,26
4044,0,26
2533,0,26
1339,0,26
1121,0,26
39,0,26
4884,0,26
2006,0,26
4829,0,26
3023,0,26
40,0,26
4589,0,26
3679,0,26
3490,0,26
3109,0,26
1831,0,26
481,0,26
1616,0,26
2810,0,26
1457,0,26
1740,0,26
1328,0,26
2531,0,26
2427,0,26
1377,0,26
2092,0,26
2600,0,26
1984,0,26
1175,0,26
3817,0,26
2162,0,26
1863,0,26
958,0,26
762,0,26
2820,0,26
822,0,26
1173,0,26
1003,0,26
2014,0,26
4998,0,26
4420,0,26
473,0,26
3863,0,26
592,0,26
453,0,26
1332,0,26
2399,0,26
3999,0,26
4722,0,26
4293,0,26
2580,0,26
1405,0,26
440,0,26
782,0,26
3987,0,26
3448,0,26
2658,0,26
319,0,26
405,0,26
2780,0,26
3312,0,26
3845,0,26
2544,0,26
4195,0,26
1366,0,26
3931,0,26
2191,0,26
3840,0,26
2004,0,26
52,0,26
1039,0,26
4051,0,26
4834,0,26
3,0,26
1266,0,26
1220,0,26
4792,0,26
2511,0,26
225,0,26
4783,0,26
4698,0,26
1667,0,27
1094,0,27
2455,2,27
126,0,27
1320,2,27
2167,7,27
3429,0,27
1054,2,27
3093,6,27
1227,7,27
4047,0,27
4647,0,27
4688,0,27
2611,0,27
1038,0,27
2878,0,27
3057,0,27
2054,0,27
4655,0,27
4069,0,27
1110,0,27
4695,0,27
1767,0,27
1821,0,27
4024,0,27
913,0,27
213,0,27
240,0,27
399,0,27
805,0,27
3936,0,27
4375,0,27
1273,0,27
3562,0,27
772,0,27
2042,0,27
215,0,27
3701,0,27
4058,0,27
3900,0,27
4244,0,27
3560,0,27
1527,0,27
2341,0,27
4491,0,27
4893,0,27
2838,0,27
850,0,27
4345,0,27
3584,0,27
365,0,27
4628,0,27
1987,0,27
310,0,27
3059,0,27
2856,0,27
1705,0,27
4482,0,27
3938,0,27
1,0,27
4268,0,27
2045,0,27
4269,0,27
1770,0,27
3031,0,27
4043,0,27
569,0,27
3715,0,27
2655,0,27
4536,0,27
3948,0,27
4204,0,27
382,0,27
3554,0,27
3975,0,27
2127,0,27
246,0,27
1696,0,27
2587,0,27
1906,0,27
2685,0,27
2029,0,27
1062,0,27
2837,0,27
659,0,27
4115,0,28
1165,1,28
2660,4,28
3474,7,28
135,0,28
1001,0,28
1792,0,28
3087,0,28
1167,0,28
4214,0,28
4814,0,28
2960,0,28
1660,0,28
1975,0,28
3918,0,28
4206,0,28
1780,0,28
3008,0,28
4770,0,28
191,0,28
3325,0,28
1002,0,28
216,0,28
564,0,28
2840,0,28
3780,0,28
3194,0,28
2328,0,28
3075,0,28
3782,0,28
2714,0,28
3953,0,28
4004,0,28
1756,0,28
2702,0,28
53,0,28
1205,0,28
2302,0,28
1942,0,28
2266,0,28
4220,0,28
2193,0,28
2707,0,28
2011,0,28
2374,0,28
372,0,28
4896,0,28
983,0,28
2928,0,28
3505,0,28
1438,0,28
551,0,28
3288,0,28
3172,0,28
3006,0,28
3860,0,28
2994,0,28
315,0,28
2705,0,28
4875,0,28
4394,0,28
4370,0,28
1886,0,28
4406,0,28
4891,0,28
4826,0,28
3475,0,28
1732,0,28
4150,0,28
1606,0,28
1168,0,28
227,0,28
3558,0,28
4,0,28
2402,0,28
3214,0,28
2470,0,28
3769,0,28
3239,0,28
3674,0,28
404,0,28
827,0,28
1880,0,28
1083,0,28
4774,0,28
866,0,28
4209,0,28
3602,0,28
2435,0,28
778,0,28
2591,0,28
4955,0,28
3966,0,28
1537,0,28
2369,0,28
4601,0,28
3292,0,28
3538,0,28
1163,0,28
4185,0,28
3621,0,28
4167,0,28
594,0,28
4089,0,28
4412,0,29
1727,0,29
283,0,29
4841,0,29
1503,0,29
1281,0,29
257,0,29
896,0,29
3779,0,29
4879,0,29
2047,0,29
755,0,29
4274,1,29
1381,0,29
1075,1,29
4511,0,29
1108,0,29
3042,0,29
3990,0,29
3793,0,29
4715,0,29
2317,0,29
3553,0,29
3022,0,29
3182,0,29
4567,0,29
4343,0,29
2138,0,29
4780,0,29
1702,0,29
1424,0,29
4175,0,29
116,0,29
2168,0,29
3136,0,29
4852,0,29
2769,0,29
721,0,29
3994,0,29
4050,0,29
2765,0,29
60,0,29
2708,0,29
1958,0,29
2809,0,29
5,0,29
930,0,29
90,0,29
2975,0,29
4953,0,29
2477,0,29
2139,0,29
803,0,29
341,0,29
332,0,29
3148,0,29
4072,0,29
1883,0,29
739,0,29
2757,0,29
4255,0,29
1556,0,29
3235,0,29
22,0,29
4912,0,29
6,0,29
2365,0,29
4541,0,29
3515,0,29
2947,0,29
3173,0,29
1161,0,29
4210,0,29
1052,0,29
2134,0,29
4598,0,29
3911,0,29
4937,0,29
2242,0,29
1105,0,29
3917,0,29
3190,0,29
1008,0,29
3107,0,29
2210,0,29
2308,0,29
2934,0,29
683,0,29
1554,0,29
3891,0,29
3799,0,29
2316,0,29
960,0,29
4817,0,29
2357,0,29
4390,0,29
2400,0,29
3496,0,29
1997,0,29
4824,0,29
93,0,29
1345,0,29
2768,0,29
1851,0,29
1201,0,29
1468,0,29
2078,0,29
401,0,29
2184,0,29
2342,0,29
1939,0,29
3694,0,29
4116,0,29
4495,0,29
2776,0,29
2378,0,29
1584,0,29
3890,0,29
3857,0,29
235,0,30
4065,0,30
1928,2,30
2335,0,30
780,2,30
3225,0,30
4989,2,30
519,0,30
3191,2,30
1223,6,30
78,0,30
1376,1,30
1416,2,30
838,3,30
2628,4,30
2130,6,30
71,0,30
2019,0,30
2049,0,30
168,0,30
214,0,30
84,0,30
25,0,30
3723,0,30
512,0,30
1426,0,30
530,0,30
906,0,30
4111,0,30
1477,0,30
4773,0,30
845,0,30
1820,0,30
2483,0,30
1481,0,30
849,0,30
1086,0,30
2624,0,30
719,0,30
4414,0,30
3444,0,30
3869,0,30
4873,0,30
2931,0,30
2431,0,30
3760,0,30
2243,0,30
3655,0,30
4450,0,30
4831,0,30
1128,0,30
1988,0,30
3658,0,30
4474,0,30
2275,0,30
1200,0,30
1057,0,30
4302,0,30
61,0,30
2836,0,30
1403,0,30
1272,0,30
3128,0,30
4693,0,30
785,0,30
2396,0,30
3020,0,30
2480,0,30
2969,0,30
535,0,30
2071,0,30
4815,0,30
4021,0,30
0,0,30
4355,0,30
70,0,30
3551,0,30
3992,0,30
1755,0,30
973,0,30
4270,0,30
1621,0,30
4095,0,30
2933,0,30
3814,0,30
37,0,30
736,0,30
686,0,30
4600,0,30
444,0,30
1694,0,30
871,0,30
158,0,30
2905,0,30
98,0,30
2833,0,30
2238,0,30
754,0,30
1194,0,30
151,0,30
3162,0,30
1072,0,30
3870,0,31
4532,0,31
3399,0,31
2674,0,31
3402,0,31
1330,0,31
1794,0,31
3513,0,31
4245,0,31
689,4,31
4739,5,31
3117,6,31
704,0,31
2536,0,31
2333,0,31
2592,0,31
2125,0,31
2370,0,31
1066,0,31
4126,0,31
1861,0,31
1235,0,31
3511,0,31
2906,0,31
3455,0,31
1908,0,31
2910,0,31
1210,0,31
3596,0,31
3428,0,31
2852,0,31
4939,0,31
239,0,31
2724,0,31
4967,0,31
893,0,31
1799,0,31
4543,0,31
2967,0,31
252,0,31
1944,0,31
80,0,31
3632,0,31
4588,0,31
1557,0,31
1050,0,31
3123,0,31
3806,0,31
4031,0,31
1852,0,31
3068,0,31
96,0,31
3259,0,31
3423,0,31
4880,0,31
4478,0,31
308,0,31
4751,0,31
1587,0,31
4226,0,31
2712,0,31
3951,0,31
4225,0,31
4743,0,31
2650,0,31
2072,0,31
92,0,31
1957,0,31
3017,0,31
4909,0,31
2360,0,31
2207,0,31
427,0,31
2110,0,31
3247,0,31
641,0,31
159,0,31
2322,0,31
3301,0,31
3500,0,31
3837,0,31
3265,0,31
228,0,31
2443,0,31
2649,0,31
3913,0,31
2356,0,31
1346,0,31
998,0,31
3809,0,31
1986,0,31
3477,0,31
1130,0,31
3306,0,31
3105,0,31
647,2,32
4470,2,32
3382,2,32
3240,2,32
2537,1,32
4071,2,32
3183,0,32
4030,0,32
3783,0,32
2901,0,32
4742,0,32
4151,0,32
625,0,32
2442,0,32
2778,0,32
3218,0,32
4238,0,32
4941,0,32
4001,0,32
3605,0,32
2548,0,32
3350,0,32
4653,0,32
965,0,32
919,0,32
2573,0,32
1430,0,32
550,0,32
2447,0,32
619,0,32
1927,0,32
2306,0,32
2716,0,32
2046,0,32
2739,0,32
3371,0,32
3791,0,32
4280,0,32
4563,0,32
1012,0,32
3896,0,32
21,0,32
2831,0,32
484,0,32
888,0,32
1373,0,32
1071,0,32
848,0,32
2503,0,32
988,0,32
2599,0,32
3467,0,32
364,0,32
4459,0,32
3041,0,32
2629,0,32
4686,0,32
119,0,32
1331,0,32
2336,0,32
429,0,32
2415,0,32
451,0,32
4703,0,32
1715,0,32
3841,0,32
2914,0,32
4039,0,32
153,0,32
41,0,32
148,0,32
2694,0,32
3541,0,32
3159,0,32
272,0,32
4836,0,32
1301,0,32
435,0,32
4131,0,32
3609,0,32
3311,0,32
108,0,32
1761,0,32
1579,0,32
2582,0,32
3073,0,32
4646,0,32
4073,0,32
3939,0,32
3826,0,32
3011,0,32
2534,0,32
3258,0,32
328,0,32
2700,0,32
430,0,32
4890,0,32
4603,0,32
4711,0,32
4055,2,33
4191,2,33
4416,2,33
2745,2,33
3957,4,33
3884,0,33
1882,0,33
4312,0,33
2488,0,33
879,0,33
3098,0,33
3463,0,33
2565,0,33
4570,0,33
1676,0,33
3696,0,33
4448,0,33
4091,0,33
673,0,33
204,0,33
2213,0,33
978,0,33
2847,0,33
1810,0,33
3224,0,33
2567,0,33
27,0,33
4236,0,33
2895,0,33
3897,0,33
3519,0,33
3499,0,33
2807,0,33
972,0,33
4623,0,33
4731,0,33
4648,0,33
2529,0,33
1591,0,33
3693,0,33
1454,0,33
1952,0,33
3331,0,33
248,0,33
1633,0,33
3060,0,33
1666,0,33
784,0,33
907,0,33
2811,0,33
3792,0,33
2827,0,33
4452,0,33
273,0,33
403,0,33
2729,0,33
2264,0,33
3802,0,33
1006,0,33
3222,0,33
2498,0,33
3390,0,33
3055,0,33
661,0,33
3847,0,33
1382,0,33
2001,0,33
422,0,33
3379,0,33
4716,0,33
3772,0,33
877,0,33
4527,0,33
3746,0,33
2866,0,33
1139,0,33
4108,0,33
4046,0,33
4776,0,33
8,0,33
1364,0,33
475,0,33
4319,0,33
3909,0,33
67,0,33
2466,0,33
2696,0,33
3497,0,33
1778,0,33
2841,0,33
2923,0,33
4916,0,33
4934,0,33
1940,0,33
1362,0,33
3758,0,33
4760,0,33
2267,0,33
860,0,33
1627,0,33
4217,0,33
2475,0,33
1275,0,33
166,0,33
4020,0,33
4348,1,34
264,1,34
4385,1,34
3491,1,34
4917,1,34
3181,1,34
2220,1,34
3944,6,34
1274,0,34
359,1,34
69,3,34
666,4,34
2528,6,34
2879,0,34
413,0,34
342,0,34
3947,0,34
2872,0,34
3462,0,34
1673,0,34
2187,0,34
3026,0,34
4471,0,34
100,0,34
857,0,34
2648,0,34
1263,0,34
1353,0,34
4424,0,34
2772,0,34
301,0,34
130,0,34
4284,0,34
3155,0,34
4812,0,34
1034,0,34
4257,0,34
4845,0,34
3881,0,34
2409,0,34
3271,0,34
1442,0,34
3454,0,34
2237,0,34
4224,0,34
2030,0,34
4301,0,34
2296,0,34
147,0,34
3977,0,34
1932,0,34
3643,0,34
3029,0,34
3648,0,34
1387,0,34
1698,0,34
844,0,34
1744,0,34
776,0,34
3725,0,34
1251,0,34
149,0,34
3356,0,34
1685,0,34
3069,0,34
4952,0,34
2407,0,34
2293,0,34
3652,0,34
73,0,34
4871,0,34
2575,0,34
747,0,34
4882,0,34
10,0,34
2244,0,34
4428,0,34
4304,0,34
245,0,34
3396,0,34
1600,0,34
4846,0,34
806,0,34
2926,0,34
1215,0,34
570,0,34
2425,0,34
1244,0,34
1217,0,34
1753,0,34
4789,0,34
1968,0,34
4951,0,34
183,0,34
2577,0,34
1178,0,34
4973,0,34
2797,0,34
4759,1,35
4677,1,35
4654,1,35
331,1,35
4954,1,35
3185,1,35
4427,1,35
4590,1,35
2821,1,35
1453,1,35
4535,1,35
2517,1,35
393,1,35
4172,1,35
908,1,35
4309,1,35
3329,1,35
2249,1,35
979,6,35
3458,1,35
2106,5,35
2221,6,35
1185,0,35
2026,0,35
4437,0,35
122,0,35
744,0,35
2853,0,35
4505,0,35
4984,0,35
4094,0,35
4400,0,35
196,0,35
2186,0,35
3425,0,35
2752,0,35
4945,0,35
2182,0,35
2061,0,35
4329,0,35
4344,0,35
2271,0,35
577,0,35
2217,0,35
714,0,35
1380,0,35
1615,0,35
1814,0,35
2882,0,35
4376,0,35
3052,0,35
1962,0,35
3795,0,35
3145,0,35
2631,0,35
4135,0,35
2515,0,35
3581,0,35
3751,0,35
2675,0,35
4652,0,35
2937,0,35
4878,0,35
2368,0,35
1552,0,35
4870,0,35
3233,0,35
4576,0,35
4956,0,35
2495,0,35
3273,0,35
701,0,35
1956,0,35
4861,0,35
4976,0,35
2753,0,35
3756,0,35
1231,0,35
3573,0,35
209,0,35
2835,0,35
968,0,35
4105,0,35
1144,0,35
859,0,35
4729,0,35
2737,0,35
1866,0,35
2909,0,35
1967,0,35
4246,0,35
3342,0,35
940,0,35
4409,0,35
3101,0,35
3492,0,35
4411,0,35
3662,0,35
2462,0,35
2734,0,35
59,0,35
4181,7,36
1246,7,36
3672,7,36
261,6,36
2622,7,36
2023,6,36
1963,7,36
4644,2,36
1519,6,36
4291,7,36
1084,0,36
3645,0,36
3435,0,36
2361,0,36
702,0,36
2080,0,36
4366,0,36
457,0,36
4539,0,36
1829,0,36
1073,0,36
835,0,36
3360,0,36
4299,0,36
663,0,36
282,0,36
3114,0,36
3912,0,36
290,0,36
4874,0,36
4832,0,36
4738,0,36
3165,0,36
495,0,36
208,0,36
4219,0,36
468,0,36
4283,0,36
2550,0,36
4907,0,36
3205,0,36
2545,0,36
1030,0,36
1467,0,36
4315,0,36
4145,0,36
4256,0,36
4104,0,36
4229,0,36
4961,0,36
4017,0,36
2169,0,36
4855,0,36
2549,0,36
2991,0,36
1133,0,36
1476,0,36
1511,0,36
3677,0,36
509,0,36
2226,0,36
1225,0,36
478,0,36
864,0,36
4761,0,36
4640,0,36
94,0,36
2338,0,36
4889,0,36
1651,0,36
3963,0,36
336,0,36
4801,0,36
217,0,36
4117,0,36
4384,0,36
1708,0,36
4457,0,36
1007,0,36
3650,0,36
2546,0,36
2795,0,36
1491,0,36
3072,0,36
2020,0,36
2791,0,36
4314,0,36
2208,0,36
188,0,36
980,0,36
450,0,36
2261,0,36
493,0,36
2862,0,36
3866,0,36
3168,0,36
2286,0,36
1096,0,36
133,0,36
1595,0,36
255,0,36
2888,0,36
1738,0,36
4123,0,36
2664,0,36
1981,0,36
1399,0,36
3076,0,36
4596,0,36
4869,0,37
3253,0,37
652,0,37
4854,0,37
1129,0,37
1707,5,37
839,6,37
962,0,37
2861,2,37
1473,3,37
3697,5,37
1549,6,37
1363,7,37
3394,0,37
2262,0,37
4670,0,37
1626,0,37
1136,0,37
4278,0,37
2215,0,37
1224,0,37
3465,0,37
3416,0,37
3993,0,37
277,0,37
1818,0,37
2327,0,37
2671,0,37
811,0,37
3071,0,37
3355,0,37
4885,0,37
4183,0,37
2784,0,37
2954,0,37
3415,0,37
4825,0,37
1700,0,37
670,0,37
2284,0,37
1045,0,37
662,0,37
4926,0,37
300,0,37
977,0,37
3661,0,37
748,0,37
2027,0,37
194,0,37
79,0,37
1703,0,37
677,0,37
407,0,37
4943,0,37
2291,0,37
197,0,37
1100,0,37
1087,0,37
824,0,37
441,0,37
3156,0,37
912,0,37
950,0,37
1021,0,37
2956,0,37
2968,0,37
3790,0,37
746,0,37
2930,0,37
3154,0,37
3441,0,37
1941,0,37
4516,0,37
157,0,37
1142,0,37
4290,0,37
1158,0,37
1624,0,37
1869,0,37
1976,0,37
110,0,37
2526,0,37
648,0,37
1046,0,37
285,0,37
730,0,37
711,0,37
4341,0,37
2324,0,37
1323,0,37
2088,4,38
4858,5,38
2751,6,38
3004,0,38
522,0,38
4228,0,38
3788,0,38
203,0,38
210,0,38
1546,0,38
1894,0,38
1348,0,38
1679,0,38
2155,0,38
2504,0,38
1891,0,38
3377,0,38
853,0,38
4684,0,38
1478,0,38
2254,0,38
766,0,38
1422,0,38
3646,0,38
1610,0,38
4853,0,38
3856,0,38
1609,0,38
4962,0,38
4502,0,38
4013,0,38
87,0,38
3865,0,38
4803,0,38
3752,0,38
4902,0,38
1824,0,38
1943,0,38
2733,0,38
4806,0,38
4068,0,38
1287,0,38
2362,0,38
3737,0,38
4431,0,38
3280,0,38
1607,0,38
1318,0,38
4188,0,38
4910,0,38
1921,0,38
1576,0,38
996,0,38
4876,0,38
1887,0,38
3405,0,38
3442,0,38
761,0,38
1664,0,38
3556,0,38
2742,0,38
515,0,38
3407,0,38
1661,0,38
1292,0,38
3965,0,38
2788,0,38
1994,0,38
3119,0,38
1774,0,38
410,0,38
1800,0,38
4003,0,38
106,0,38
2285,0,38
374,0,38
4796,0,38
4347,0,38
4082,0,38
445,0,38
486,0,38
424,0,38
1314,0,38
2935,0,38
4673,0,38
2731,0,38
1249,0,38
669,0,38
684,0,38
2584,0,38
924,0,38
587,0,38
4121,0,38
2638,0,38
2115,0,38
2248,0,38
1305,0,38
1862,0,38
3494,0,38
31,7,39
2760,7,39
4335,3,39
3874,7,39
4442,0,39
3583,0,39
20,0,39
4305,0,39
2146,0,39
874,0,39
1079,0,39
177,0,39
4574,0,39
2057,0,39
2865,0,39
655,0,39
4202,0,39
1650,0,39
4207,0,39
831,0,39
4562,0,39
1586,0,39
601,0,39
3930,0,39
1439,0,39
356,0,39
334,0,39
3932,0,39
4358,0,39
1397,0,39
4903,0,39
2122,0,39
3636,0,39
74,0,39
182,0,39
1542,0,39
4501,0,39
4402,0,39
949,0,39
101,0,39
3971,0,39
438,0,39
1458,0,39
3250,0,39
323,0,39
1448,0,39
3359,0,39
2883,0,39
2196,0,39
2710,0,39
2500,0,39
4578,0,39
2949,0,39
585,0,39
1522,0,39
1186,0,39
3166,0,39
4192,0,39
2401,0,39
2513,0,39
4772,0,39
4101,0,39
202,0,39
3028,0,39
1277,0,39
1047,0,39
2715,0,39
3495,0,39
649,0,39
2678,0,39
3660,0,39
322,0,39
4767,0,39
4022,0,39
3592,0,39
2124,0,39
472,0,39
2916,0,39
956,0,39
3634,0,39
4681,0,39
2414,0,39
552,0,39
855,0,39
1748,0,39
1918,0,39
674,0,39
2818,0,39
1653,0,39
4931,4,40
91,4,40
2418,4,40
1383,4,40
3346,4,40
2166,4,40
2781,4,40
2294,4,40
3493,4,40
1159,4,40
1803,4,40
1150,4,40
4800,4,40
2472,4,40
2375,1,40
3010,4,40
3898,1,40
3014,4,40
3651,1,40
4382,4,40
4289,1,40
3950,2,40
1845,4,40
2301,0,40
2288,1,40
636,2,40
3996,4,40
1646,0,40
3413,1,40
4840,2,40
2585,4,40
2844,0,40
1483,1,40
64,2,40
3762,4,40
4816,5,40
2512,0,40
961,1,40
3688,2,40
876,4,40
3759,5,40
2200,0,40
1367,0,40
371,0,40
4658,0,40
1911,0,40
1191,0,40
3410,0,40
2171,0,40
2978,0,40
163,0,40
3590,0,40
3854,0,40
1407,0,40
4630,0,40
1413,0,40
3665,0,40
4489,0,40
303,0,40
2311,0,40
2269,0,40
2177,0,40
2908,0,40
2031,0,40
1028,0,40
4243,0,40
3508,0,40
2540,0,40
3104,0,40
256,0,40
1879,0,40
501,0,40
1315,0,40
4070,0,40
682,0,40
547,0,40
514,0,40
4258,0,40
4378,0,40
288,0,40
3143,0,40
2588,0,40
4353,0,40
3003,0,40
1196,0,40
176,0,40
1644,4,41
4166,4,41
1115,4,41
4919,4,41
1184,4,41
1053,4,41
2579,4,41
4690,4,41
3398,4,41
4203,4,41
2405,4,41
4036,4,41
1067,4,41
2233,1,41
2279,4,41
307,1,41
1408,4,41
3525,1,41
81,4,41
4593,1,41
3196,4,41
350,1,41
54,4,41
3568,1,41
1631,4,41
3574,6,41
633,1,41
4379,4,41
1915,6,41
1358,1,41
3572,4,41
4790,6,41
591,1,41
489,4,41
370,6,41
4430,1,41
4553,2,41
275,4,41
929,6,41
2428,0,41
3924,0,41
2618,0,41
3092,0,41
2727,0,41
2817,0,41
1197,0,41
4525,0,41
3714,0,41
4530,0,41
3374,0,41
417,0,41
3002,0,41
4977,0,41
3485,0,41
72,0,41
375,0,41
2165,0,41
4408,0,41
2178,0,41
3062,0,41
3044,0,41
1296,0,41
2917,0,41
650,0,41
3983,0,41
2485,0,41
4724,0,41
769,0,41
1311,0,41
3440,0,41
3498,0,41
4768,0,41
3952,0,41
1460,0,41
4272,0,41
287,0,41
4500,0,41
2052,0,41
2557,0,41
2706,0,41
4899,0,41
2792,0,41
4361,0,41
496,0,41
3096,0,41
4550,0,41
2576,0,41
3347,0,41
3593,0,41
4141,0,41
3161,0,41
2295,0,41
3160,0,41
1735,0,41
2179,0,41
2376,0,41
688,0,41
1218,0,41
1298,0,41
1253,0,41
4526,0,41
1347,0,41
3542,0,41
3363,0,41
1629,0,41
867,0,41
2868,0,41
3229,0,41
1492,0,41
2079,0,41
1262,0,41
4176,0,41
4936,0,41
1044,6,42
787,6,42
1953,6,42
3548,6,42
155,1,42
1658,6,42
4634,1,42
3269,6,42
4241,1,42
1922,6,42
428,1,42
2309,6,42
3248,1,42
11,6,42
3738,0,42
265,1,42
2340,2,42
289,6,42
4775,7,42
1431,0,42
4663,0,42
1193,0,42
4964,0,42
4033,0,42
3937,0,42
2141,0,42
2314,0,42
3534,0,42
510,0,42
3894,0,42
3418,0,42
4045,0,42
1713,0,42
3925,0,42
608,0,42
2034,0,42
2740,0,42
3986,0,42
1970,0,42
3097,0,42
4357,0,42
4798,0,42
1286,0,42
4367,0,42
2383,0,42
4010,0,42
2172,0,42
2263,0,42
2043,0,42
527,0,42
1959,0,42
4622,0,42
3406,0,42
2323,0,42
397,0,42
3942,0,42
1540,0,42
2984,0,42
911,0,42
4537,0,42
2161,0,42
605,0,42
1141,0,42
1340,0,42
2563,0,42
1896,0,42
4134,0,42
113,0,42
4201,0,42
967,0,42
4863,0,42
269,0,42
1365,0,42
3479,0,42
1634,0,42
4218,0,42
792,0,42
3787,0,42
2063,0,42
2451,0,42
2944,0,42
3290,0,42
3446,0,42
1325,0,42
4320,0,42
1415,0,42
2471,0,43
1525,0,43
2044,0,43
3322,0,43
713,0,43
4161,0,43
1237,0,43
386,0,43
1858,0,43
1619,0,43
195,0,43
423,0,43
3958,0,43
2448,0,43
2939,0,43
291,0,43
2152,0,43
327,0,43
4827,0,43
4317,0,43
1166,0,43
627,0,43
2918,0,43
4857,0,43
1955,0,43
3086,0,43
578,4,43
1907,7,43
4393,0,43
1867,0,43
1635,0,43
1069,0,43
1532,0,43
3800,0,43
3163,0,43
4086,0,43
2699,0,43
1751,0,43
4454,0,43
259,0,43
4254,0,43
2461,0,43
1036,0,43
548,0,43
3564,0,43
567,0,43
4974,0,43
2274,0,43
2113,0,43
2121,0,43
3587,0,43
1826,0,43
452,0,43
4120,0,43
2371,0,43
881,0,43
1369,0,43
4944,0,43
3753,0,43
4038,0,43
318,0,43
843,0,43
2771,0,43
1189,0,43
1482,0,43
2198,0,43
1335,0,43
4517,0,43
3134,0,43
4281,0,43
4828,0,43
734,0,43
4819,0,43
3991,0,43
2542,0,43
4399,0,43
2084,0,43
3851,0,43
3729,0,43
4906,0,43
4927,0,43
4702,0,43
3417,0,43
2350,0,43
1309,0,43
3571,0,43
4300,0,43
494,0,43
4683,0,43
987,0,43
1789,0,43
1776,0,43
3234,0,43
3084,0,43
260,0,43
1819,0,43
2677,0,43
3830,0,43
3219,0,43
971,0,43
4163,0,43
3895,0,43
1107,0,43
3922,0,43
4179,0,43
2570,0,43
1469,0,43
2320,0,43
4479,6,44
1409,6,44
3536,6,44
3167,6,44
3212,6,44
3251,6,44
1688,6,44
1441,6,44
231,7,44
2514,0,44
1288,0,44
1423,0,44
4112,0,44
3673,0,44
3927,0,44
3835,0,44
3074,0,44
2789,0,44
2743,0,44
1508,0,44
3348,0,44
4609,0,44
4360,0,44
4507,0,44
2527,0,44
4422,0,44
2384,0,44
4307,0,44
4685,0,44
3563,0,44
4777,0,44
1612,0,44
62,0,44
3818,0,44
1758,0,44
3928,0,44
3120,0,44
1971,0,44
4940,0,44
1451,0,44
449,0,44
1082,0,44
602,0,44
1390,0,44
4765,0,44
4423,0,44
2349,0,44
637,0,44
4877,0,44
2385,0,44
2783,0,44
3257,0,44
2192,0,44
232,0,44
2875,0,44
4843,0,44
1935,0,44
1775,0,44
597,0,44
770,0,44
3700,0,44
1504,0,44
4392,0,44
3805,0,44
536,0,44
477,0,44
3547,0,44
3422,0,44
18,0,44
434,0,44
757,0,44
4249,0,44
3614,0,44
3699,0,44
4579,0,44
4559,0,44
4755,0,44
2942,0,44
3476,0,44
3376,0,44
4364,0,44
2158,0,44
394,0,44
392,0,44
1804,0,44
4868,0,44
207,0,44
136,0,44
3439,0,44
293,0,44
4097,0,44
1905,0,44
3419,0,44
1875,0,44
2574,0,44
1495,0,44
4077,0,44
420,0,45
617,1,45
3077,4,45
1417,7,45
2691,0,45
3883,0,45
1672,0,45
1490,0,45
13,0,45
3461,0,45
1680,0,45
1344,0,45
904,0,45
1996,0,45
2876,0,45
1930,0,45
3256,0,45
1993,0,45
2352,0,45
3049,0,45
2850,0,45
3748,0,45
1337,0,45
4970,0,45
3711,0,45
3611,0,45
3846,0,45
3733,0,45
4851,0,45
528,0,45
773,0,45
4687,0,45
3843,0,45
1496,0,45
1938,0,45
3935,0,45
388,0,45
2892,0,45
1980,0,45
1206,0,45
2759,0,45
3207,0,45
586,0,45
1815,0,45
4066,0,45
2460,0,45
4443,0,45
1098,0,45
1029,0,45
609,0,45
3880,0,45
3512,0,45
4196,0,45
2082,0,45
1515,0,45
790,0,45
804,0,45
777,0,45
3827,0,45
4326,0,45
4435,0,45
4323,0,45
941,0,45
1402,0,45
939,0,45
4262,0,45
1842,0,45
1870,0,45
3702,0,45
3601,0,45
2413,0,45
2258,0,45
76,0,45
1113,0,45
4665,0,45
2469,0,45
1465,0,45
4678,0,45
2379,0,45
4748,0,45
488,0,45
4088,0,45
3831,0,45
1683,0,45
3309,0,45
2060,0,45
2364,0,45
3080,0,45
1706,0,45
3296,0,45
2147,0,45
24,0,45
3712,6,46
2507,6,46
3892,6,46
2815,6,46
2259,6,46
3286,6,46
3943,6,46
3523,4,46
1808,6,46
3904,4,46
3064,6,46
2990,2,46
2234,4,46
3933,6,46
218,0,46
1995,1,46
3838,2,46
1864,4,46
3365,5,46
2098,6,46
146,7,46
3255,0,46
281,0,46
524,0,46
2195,0,46
2593,0,46
3552,0,46
4313,0,46
3879,0,46
1692,0,46
2999,0,46
171,0,46
4160,0,46
3206,0,46
474,0,46
2842,0,46
856,0,46
2081,0,46
1020,0,46
418,0,46
2898,0,46
4007,0,46
1659,0,46
974,0,46
4842,0,46
1608,0,46
1120,0,46
2521,0,46
298,0,46
38,0,46
4520,0,46
692,0,46
1567,0,46
2149,0,46
3776,0,46
442,0,46
2744,0,46
2725,0,46
2754,0,46
729,0,46
3586,0,46
4544,0,46
4418,0,46
1783,0,46
1103,0,46
3954,0,46
4538,0,46
4008,0,46
476,0,46
3663,0,46
4484,0,46
4197,0,46
4717,0,46
2227,0,46
1816,0,46
4750,0,46
4946,0,46
4726,0,46
2782,0,46
3949,0,46
271,0,46
2568,0,46
4322,0,46
3030,0,46
1297,0,46
1901,0,46
1656,0,46
1212,0,46
2432,0,46
1389,0,46
3821,0,46
2332,0,46
4521,0,46
2359,0,46
425,0,46
3318,4,47
1946,4,47
124,4,47
1375,4,47
3024,4,47
2851,4,47
1336,4,47
220,4,47
2421,4,47
1562,4,47
1961,4,47
2114,4,47
4096,1,47
3844,4,47
3197,1,47
4446,4,47
1731,0,47
3056,1,47
2925,2,47
1265,4,47
2667,0,47
3680,0,47
4253,0,47
4436,0,47
1853,0,47
366,0,47
557,0,47
1954,0,47
2,0,47
3353,0,47
3139,0,47
4966,0,47
1881,0,47
2112,0,47
2040,0,47
4222,0,47
1152,0,47
3397,0,47
15,0,47
4368,0,47
3625,0,47
2420,0,47
2959,0,47
4883,0,47
4602,0,47
4972,0,47
900,0,47
2441,0,47
2719,0,47
2652,0,47
1948,0,47
4756,0,47
3517,0,47
3380,0,47
4352,0,47
2635,0,47
467,0,47
3184,0,47
185,0,47
1322,0,47
3681,0,47
1577,0,47
1410,0,47
383,0,47
2684,0,47
3447,0,47
4621,0,47
1293,0,47
1092,0,47
599,0,47
948,0,47
3604,0,47
1834,0,47
774,0,47
2653,0,47
3385,0,47
2050,0,47
4813,0,47
469,0,47
2148,0,47
42,0,47
162,0,47
2689,0,47
2143,0,47
2597,0,47
3750,0,47
2429,0,47
985,0,47
4397,0,47
2372,0,47
4607,0,47
3867,0,47
1088,0,47
799,0,47
181,0,47
2936,0,47
3970,0,47
330,0,47
532,0,47
2732,2,48
2101,2,48
4766,2,48
2502,2,48
1208,2,48
14,2,48
2564,0,48
863,2,48
3734,0,48
3555,2,48
170,0,48
3133,2,48
1239,0,48
1016,2,48
3828,0,48
4546,1,48
1854,2,48
1574,0,48
3941,1,48
3268,2,48
3647,4,48
3210,0,48
3404,0,48
2911,0,48
4696,0,48
2981,0,48
262,0,48
2209,0,48
1925,0,48
685,0,48
4486,0,48
1670,0,48
1510,0,48
1548,0,48
1849,0,48
304,0,48
741,0,48
4787,0,48
2270,0,48
363,0,48
1160,0,48
1777,0,48
1979,0,48
1603,0,48
2492,0,48
137,0,48
2686,0,48
2848,0,48
2758,0,48
1230,0,48
2904,0,48
2103,0,48
2646,0,48
2953,0,48
1395,0,48
4052,0,48
3188,0,48
276,0,48
1304,0,48
1714,0,48
2412,0,48
1493,0,48
89,0,48
4000,0,48
1157,0,48
3539,0,48
3617,0,48
3321,0,48
335,0,48
1543,0,48
2922,0,48
2329,0,48
1234,0,48
3588,0,48
4016,0,48
3147,0,48
2825,0,48
2422,0,48
3294,0,48
622,0,48
555,0,48
77,0,48
923,0,48
841,0,48
381,0,48
2830,0,48
4493,0,48
1466,0,48
2456,0,48
1529,0,48
1538,0,48
2059,0,48
4979,0,48
4577,0,48
2131,0,48
624,4,49
2647,4,49
3876,4,49
3293,6,49
4388,4,49
299,6,49
4421,4,49
292,6,49
558,0,49
4149,4,49
3304,6,49
534,0,49
1400,4,49
1599,6,49
1926,0,49
2903,1,49
1533,3,49
4487,4,49
2763,5,49
4551,6,49
2118,0,49
4019,0,49
1470,0,49
1769,0,49
4122,0,49
1902,0,49
4075,0,49
4671,0,49
1840,0,49
3169,0,49
1119,0,49
1785,0,49
690,0,49
1718,0,49
2373,0,49
2606,0,49
56,0,49
4308,0,49
4666,0,49
2252,0,49
2598,0,49
4325,0,49
1596,0,49
3228,0,49
1479,0,49
234,0,49
3720,0,49
821,0,49
917,0,49
2411,0,49
2927,0,49
1065,0,49
1169,0,49
3460,0,49
3934,0,49
1394,0,49
793,0,49
935,0,49
4594,0,49
3088,0,49
1392,0,49
2292,0,49
2955,0,49
3962,0,49
2253,0,49
3368,0,49
584,0,49
1162,0,49
3343,0,49
1024,0,49
2863,0,49
333,0,49
193,0,49
775,0,49
1278,0,49
1884,0,49
4009,0,49
1739,0,49
4786,0,49
4447,0,49
1798,0,49
384,0,49
679,0,49
400,0,49
1674,0,49
846,0,49
3211,0,49
611,0,49
2857,0,49
3777,0,49
3153,0,49
3906,0,49
4699,0,49
4721,0,49
4059,0,49
2123,2,50
2222,2,50
1498,2,50
4182,2,50
3988,2,50
566,2,50
2516,2,50
4714,2,50
3521,6,50
4565,0,50
1874,2,50
791,4,50
4928,6,50
3085,0,50
2403,1,50
2180,2,50
3299,4,50
4139,6,50
3616,7,50
820,0,50
3598,0,50
360,0,50
1099,0,50
789,0,50
2560,0,50
2097,0,50
1551,0,50
1689,0,50
4078,0,50
120,0,50
3177,0,50
1669,0,50
373,0,50
1788,0,50
1885,0,50
3339,0,50
1280,0,50
3907,0,50
47,0,50
2434,0,50
325,0,50
1528,0,50
590,0,50
3726,0,50
1437,0,50
2109,0,50
3308,0,50
1711,0,50
3369,0,50
1573,0,50
2971,0,50
436,0,50
3686,0,50
1977,0,50
4838,0,50
4107,0,50
4659,0,50
3858,0,50
1388,0,50
4753,0,50
306,0,50
4288,0,50
1856,0,50
284,0,50
4048,0,50
2887,0,50
2814,0,50
4549,0,50
583,0,50
3316,0,50
2404,0,50
3361,0,50
671,0,50
1450,0,50
4212,0,50
3370,0,50
4808,0,50
3053,0,50
2985,0,50
899,0,50
1889,0,50
3635,0,50
487,0,50
580,0,50
4675,0,50
1374,0,50
2344,6,61
1349,4,63
3403,4,64
4492,6,66
1386,4,67
1520,1,69
2995,7,70
1825,4,71
2424,2,71
2330,7,72
2839,0,73
2804,6,73
2965,2,73
247,6,74
951,1,75
2010,2,75
2440,7,76
2899,0,77
17,6,77
346,4,77
631,4,78
2003,1,79
1414,2,79
1827,6,80
1048,0,80
571,2,82
4894,6,83
541,0,83
764,4,83
938,4,84
2860,2,85
4387,0,86
3395,1,86
3372,4,87
3872,2,88
1811,6,89
2012,1,89
4615,7,91
4900,2,92
2250,0,92
1737,4,93
1033,3,93
695,4,95
63,5,95
2566,2,95
498,0,95
4483,7,97
545,1,97
4106,0,98
337,6,98
465,4,99
4118,1,99
201,2,100
1090,3,100
1564,4,100
4184,2,101
178,1,101
1830,1,102
756,7,102
2433,7,103
173,5,104
1261,1,104
34,6,104
4083,0,105
2523,7,107
520,3,107
1271,0,110
4434,7,110
2133,4,110
1247,5,111
211,6,112
1632,1,114
513,0,116
1056,6,116
408,7,118
2709,2,119
3910,4,119
1566,4,119
3766,4,120
1924,2,121
1764,6,122
1284,2,122
500,2,123
2605,4,124
354,5,125
836,4,125
4582,0,126
230,1,127
3449,4,127
1655,2,129
1475,4,129
3013,0,129
205,0,129
2977,0,129
26,3,130
4093,7,130
3141,1,130
4153,4,130
2561,6,130
3034,6,130
895,3,131
4728,2,131
2032,3,133
2747,6,133
3671,2,134
2532,5,135
396,2,135
1031,5,136
837,2,136
3959,1,136
4223,6,137
2017,0,137
85,7,138
95,0,138
2940,1,138
927,7,139
3303,1,139
3506,6,140
3659,7,141
505,3,142
4174,1,143
3745,7,144
2307,4,145
2090,6,146
2874,1,146
4480,1,147
2929,6,149
1061,5,151
3620,2,151
2066,0,152
3979,4,152
4556,2,154
3955,4,154
4771,2,155
2099,4,156
3719,6,161
458,4,161
596,0,161
1589,3,162
1146,0,162
1404,2,163
4025,4,164
4250,7,165
2721,1,168
3456,4,168
369,6,170
75,5,171
4547,3,171
1257,4,171
243,4,171
1462,6,172
529,2,172
2453,2,173
4081,0,174
2614,2,174
3736,2,174
3389,5,175
4292,4,175
4513,0,175
111,1,176
