978,4,0
6280,4,0
9258,4,0
1909,4,0
1498,4,0
533,4,0
6789,4,0
1112,4,0
1739,8,0
3524,8,0
8264,8,0
3639,8,0
4918,2,0
1121,2,0
9383,2,0
928,2,0
8640,6,0
8927,6,0
7159,6,0
9579,6,0
404,0,0
2897,0,0
5572,0,0
9198,0,0
5045,1,0
2893,1,0
8570,3,0
1389,3,0
7207,5,0
5645,5,0
59,5,0
295,7,0
5797,7,0
1875,7,0
4218,6,1
2067,0,1
341,2,1
910,5,1
5759,4,1
1767,3,1
2476,3,1
7730,7,1
8048,1,1
7688,0,1
1556,1,1
3325,7,1
9325,5,1
8507,7,1
9137,2,1
6583,3,1
3556,6,1
8828,0,1
9296,5,1
3782,7,1
9863,7,1
8240,7,1
372,3,1
3306,2,2
1533,4,2
1861,7,2
9720,7,2
2512,1,2
5778,3,2
7453,4,2
6958,5,2
6909,7,2
7610,7,2
743,7,2
393,8,2
4353,1,2
2325,2,2
6122,4,2
5609,7,2
1163,6,2
7306,8,2
4211,7,2
5183,0,2
2717,1,2
7212,2,2
4767,5,2
9909,5,2
7222,7,2
6933,3,2
1340,3,2
9573,7,2
3593,6,2
4069,0,2
5103,1,2
3046,6,2
2826,3,2
3996,4,2
7316,8,2
7270,0,2
7711,2,2
9902,1,2
4068,3,2
301,7,2
1961,6,2
6945,7,2
9204,0,2
5135,1,2
8547,4,2
5442,5,2
1914,8,2
4618,5,2
2506,5,2
9006,5,2
8608,2,2
6115,7,2
7500,7,2
936,7,2
3813,2,2
8126,0,2
4420,1,2
7226,3,2
4614,0,2
8422,7,2
7091,7,2
9789,4,2
3209,1,2
6736,7,2
2818,7,2
9273,3,2
4285,7,2
1777,7,2
2656,7,2
3674,6,2
8933,0,2
9297,7,2
1277,1,2
6630,7,2
7303,3,2
9879,2,2
4928,0,2
1512,5,2
821,7,2
6495,8,2
3656,3,2
4643,4,2
6703,5,2
8915,6,2
9435,5,2
4013,5,2
9406,5,2
9045,7,2
9525,3,2
1266,7,2
9449,7,2
5935,7,2
2093,6,2
1567,7,2
6303,7,2
3152,6,2
4718,1,2
6684,7,2
6687,3,2
8986,6,2
7901,7,2
8200,7,2
2731,7,2
2472,0,2
8812,7,2
7108,3,2
6737,7,2
9110,7,2
6166,7,2
9014,7,2
310,2,2
5452,1,2
2999,7,2
7829,7,2
8398,2,2
1419,7,2
9132,2,2
1878,6,2
5142,0,2
9035,5,2
3953,7,2
9438,7,2
7198,7,2
334,7,2
5281,7,3
5953,3,3
6564,1,3
4939,8,3
9187,7,3
1600,7,3
3515,4,3
4706,8,3
2451,4,3
4429,2,3
3890,8,3
5937,1,3
1310,4,3
4594,2,3
6211,7,3
3466,8,3
4589,6,3
4090,4,3
7930,3,3
7846,8,3
5063,3,3
2714,4,3
3673,8,3
2697,4,3
6142,8,3
5068,0,3
2136,1,3
12,5,3
969,2,3
1944,6,3
2113,5,3
6272,7,3
3956,4,3
3765,0,3
5515,1,3
1188,6,3
8121,0,3
1659,7,3
9488,1,3
3467,8,3
741,6,3
3776,0,3
5958,1,3
1975,5,3
1049,7,3
2107,3,3
3585,2,3
494,0,3
8653,1,3
8953,3,3
7070,0,3
540,3,3
254,4,3
4337,2,3
1539,6,3
7241,1,3
1540,3,3
9233,6,3
7658,7,3
6136,5,3
1915,0,3
8429,5,3
143,7,3
30,2,3
4066,1,3
9602,8,3
9641,5,3
3979,5,3
1929,4,3
8614,0,3
6658,1,3
8329,7,3
6487,7,3
8064,8,3
3135,3,3
5112,3,3
7240,7,3
6915,5,3
6503,7,3
1784,5,3
3414,7,3
116,7,3
2434,3,3
9706,7,3
8099,7,3
2350,7,3
6953,7,3
2170,7,3
7650,7,3
1752,7,3
4503,7,3
8305,7,3
2413,7,3
3729,7,3
6901,4,3
7056,7,3
7162,0,4
8616,1,4
1733,3,4
3720,8,4
8983,2,4
412,4,4
5535,6,4
8030,5,4
2596,5,4
1429,8,4
311,5,4
2627,2,4
7080,7,4
7016,4,4
6006,8,4
6082,2,4
8655,4,4
8302,6,4
9686,8,4
8874,2,4
6067,4,4
4222,6,4
640,8,4
4833,0,4
5276,1,4
2441,2,4
8773,6,4
8162,0,4
8254,1,4
8923,2,4
5807,6,4
4617,0,4
1410,1,4
8911,2,4
439,3,4
5076,6,4
8066,0,4
4506,1,4
3698,3,4
1201,6,4
8767,0,4
6331,5,4
5878,1,4
4681,3,4
7015,5,4
9401,6,4
6229,7,4
2243,0,4
237,1,4
7861,3,4
5879,0,4
7509,4,4
421,1,4
4974,3,4
8120,8,4
6806,0,4
1272,4,4
5966,3,4
5674,3,4
8964,8,4
436,3,4
6968,5,4
1236,3,4
6768,3,4
9229,4,4
8402,3,4
996,6,4
4504,3,4
8415,3,4
5350,1,4
8004,5,4
7228,5,4
5701,5,4
3770,7,4
126,2,4
4704,5,4
4455,5,4
3987,6,4
5830,7,4
4777,5,4
5956,5,4
3220,7,4
7424,7,4
5229,6,4
9583,7,4
3389,0,4
1136,7,4
5036,7,4
2075,7,4
4788,5,4
4957,7,4
7920,7,4
5020,7,4
7683,7,4
2302,7,4
3292,7,4
9476,7,4
3999,7,4
1091,7,4
8408,7,4
1364,7,4
224,7,4
198,7,4
3161,7,4
5301,8,4
7601,4,4
1526,7,4
206,7,4
9785,8,4
6930,7,4
5967,7,5
6296,7,5
2014,4,5
7206,7,5
9651,2,5
1242,4,5
5779,8,5
9643,2,5
2449,5,5
7644,5,5
2022,7,5
8643,4,5
1398,8,5
8649,2,5
9878,4,5
1740,8,5
8096,2,5
4033,1,5
4126,3,5
659,4,5
3112,7,5
119,8,5
3912,2,5
1810,4,5
6810,6,5
553,8,5
1092,0,5
1920,1,5
483,2,5
1361,6,5
420,3,5
4214,0,5
5171,0,5
3057,0,5
565,0,5
9009,0,5
3952,0,5
1268,0,5
6306,0,5
1783,0,5
5126,3,5
2930,0,5
4956,0,5
6755,4,5
8469,0,5
3930,0,5
3605,0,5
437,8,5
702,0,5
3277,0,5
5047,0,5
7219,0,5
7095,0,5
7749,7,5
3175,0,5
4377,0,5
5905,0,5
7783,0,5
7318,0,5
3560,0,5
3218,0,5
4437,0,5
2227,0,5
4067,0,5
9057,7,5
1557,0,5
7381,0,5
1311,0,5
1879,0,5
7495,0,5
2813,0,5
7993,0,5
4907,0,5
5682,5,5
1869,3,5
6918,7,5
2676,3,5
1335,3,5
7917,7,5
2934,3,5
6438,7,5
5840,3,5
1208,7,5
816,7,5
4434,7,5
6758,3,5
8447,3,5
7976,7,5
6679,5,5
5174,5,5
5964,5,5
1145,5,5
6182,5,5
2950,5,5
6964,5,5
2490,5,5
9420,0,5
528,5,5
6878,5,5
6074,5,5
6263,7,5
8433,7,5
9529,7,5
4203,0,5
5252,7,5
4520,7,5
3724,7,5
5642,7,5
1745,7,5
737,5,5
8541,7,5
8216,7,5
1495,7,5
98,7,5
535,7,5
4985,7,5
9175,0,5
1789,7,5
2436,0,5
4441,0,5
186,0,5
5488,7,5
9842,0,5
1938,7,5
2108,3,5
4469,3,5
6102,7,5
6289,7,5
1765,7,5
9532,7,5
8966,7,5
8376,6,6
7544,3,6
3706,3,6
9560,5,6
2247,6,6
4132,3,6
2149,3,6
4730,0,6
2492,0,6
1231,0,6
959,0,6
3160,0,6
6927,0,6
6091,0,6
3781,7,6
9059,0,6
109,0,6
9737,0,6
6959,0,6
1884,0,6
5298,0,6
5516,0,6
2088,0,6
2023,0,6
6864,0,6
4099,5,6
7664,0,6
6155,0,6
4591,3,6
2459,5,6
6416,0,6
8000,0,6
6209,0,6
933,0,6
7850,5,6
2081,0,6
2690,0,6
5030,0,6
4534,0,6
5333,0,6
3002,0,6
7333,0,6
5255,0,6
8963,0,6
2723,0,6
9089,0,6
4236,0,6
1972,0,6
4242,0,6
7794,0,6
6452,0,6
6434,0,6
8942,0,6
23,0,6
9019,0,6
7409,0,6
5654,0,6
2658,0,6
7012,0,6
1196,0,6
7261,0,6
1105,0,6
6072,0,6
175,0,6
292,0,6
3636,0,6
1173,0,6
4094,0,6
2419,0,6
8170,5,6
1025,3,6
1384,3,6
4245,3,6
5748,5,6
6627,3,6
4801,3,6
5915,3,6
3342,3,6
448,3,6
9300,5,6
9969,7,6
3763,7,6
2355,5,6
5048,5,6
862,5,6
611,5,6
7581,5,6
5747,7,6
527,7,6
4031,0,6
8931,0,6
9151,7,6
5626,7,6
4370,7,6
6003,7,6
2713,7,6
842,0,6
4347,0,6
4103,7,6
163,7,6
6117,3,6
4007,3,6
4576,7,6
215,7,6
2958,7,6
976,7,6
1299,7,6
1868,0,6
2007,7,6
1749,7,6
795,0,6
8695,3,6
4213,7,6
3310,7,7
7195,3,7
6752,0,7
2432,3,7
7251,0,7
6218,0,7
6512,0,7
4892,3,7
4452,0,7
323,0,7
2960,0,7
2466,0,7
9106,0,7
2383,7,7
4977,0,7
8341,0,7
3836,0,7
5417,0,7
6230,0,7
3174,0,7
4234,0,7
2320,0,7
8322,0,7
8158,0,7
8473,0,7
5727,0,7
2991,0,7
9710,0,7
5095,0,7
6125,0,7
9552,0,7
8568,0,7
3523,0,7
2841,0,7
8051,0,7
5736,0,7
9235,0,7
728,0,7
8414,0,7
3980,0,7
38,0,7
1240,5,7
814,0,7
5398,0,7
8539,7,7
4247,0,7
1453,0,7
6698,0,7
90,0,7
3783,0,7
4802,0,7
9217,0,7
1305,0,7
3440,0,7
849,5,7
7716,0,7
1729,0,7
8334,7,7
8314,0,7
514,0,7
8238,7,7
3367,3,7
8941,7,7
2809,0,7
2861,3,7
7176,3,7
1020,0,7
3975,3,7
4229,3,7
2983,3,7
3170,3,7
2967,0,7
1958,0,7
4673,5,7
973,5,7
8145,5,7
141,5,7
882,3,7
7923,5,7
4862,7,7
382,7,7
3418,7,7
7326,7,7
6500,7,7
6469,7,7
1588,7,7
4212,7,7
3517,0,7
6683,0,7
1362,7,7
5337,0,7
4086,7,7
9558,7,7
349,7,7
8479,7,7
8027,7,7
1730,7,7
8079,7,7
8369,7,7
7435,0,7
9644,7,7
7733,7,7
3181,7,7
2845,7,7
6582,7,7
9788,7,7
9440,7,7
4138,5,7
5606,7,7
2304,7,7
9154,7,7
431,2,8
9281,7,8
4883,7,8
1459,7,8
7597,0,8
4183,0,8
6386,0,8
9687,0,8
426,0,8
6290,3,8
716,0,8
6425,0,8
5593,0,8
3805,0,8
3455,0,8
8295,3,8
2439,5,8
9067,0,8
6717,0,8
873,0,8
6544,0,8
7903,0,8
8153,7,8
3258,0,8
34,0,8
4863,0,8
2901,0,8
2188,0,8
2673,0,8
9471,7,8
1209,0,8
8558,0,8
6295,0,8
8832,0,8
6976,0,8
2554,0,8
1023,0,8
9913,7,8
9603,0,8
9017,0,8
1263,0,8
357,0,8
5656,0,8
5662,0,8
6541,0,8
5205,0,8
1304,0,8
3540,0,8
176,0,8
3731,0,8
6033,0,8
2982,0,8
763,0,8
117,0,8
4616,0,8
5688,0,8
1406,0,8
6841,0,8
4987,0,8
813,0,8
7006,0,8
3177,3,8
6064,0,8
1636,3,8
9661,3,8
6628,3,8
2123,3,8
8962,3,8
9824,3,8
7772,5,8
1925,3,8
1312,5,8
2344,5,8
6711,5,8
1562,5,8
5381,5,8
7648,5,8
780,7,8
6961,5,8
4286,5,8
8940,7,8
464,7,8
3426,0,8
8967,7,8
8291,0,8
4164,7,8
3328,7,8
1954,7,8
8844,7,8
4158,7,8
2943,0,8
1895,0,8
6374,7,8
3939,7,8
1513,7,8
1071,0,8
9741,0,8
3371,7,8
2372,7,8
9958,7,8
2874,0,8
1919,7,8
6517,7,8
7276,2,9
2672,1,9
3793,0,9
7144,0,9
4476,0,9
6921,0,9
809,0,9
1250,0,9
8925,0,9
893,0,9
8774,0,9
3982,0,9
5563,0,9
5534,3,9
5708,3,9
6267,0,9
6342,0,9
7247,0,9
9629,5,9
8353,0,9
121,7,9
377,0,9
9472,0,9
2052,0,9
3798,0,9
5678,0,9
9848,0,9
2763,0,9
3444,7,9
9765,0,9
6475,0,9
5222,0,9
3401,0,9
8430,0,9
8061,0,9
8262,0,9
6889,0,9
7723,0,9
9721,0,9
3629,0,9
4755,0,9
273,0,9
7707,7,9
1460,0,9
9228,0,9
1146,0,9
2806,0,9
1554,0,9
557,0,9
2571,0,9
6482,0,9
7632,7,9
9889,0,9
5031,0,9
7158,0,9
8808,0,9
7475,0,9
1737,0,9
5604,0,9
8997,0,9
7545,0,9
3876,0,9
9665,0,9
6528,0,9
6998,0,9
1344,0,9
4078,0,9
8981,0,9
3726,0,9
4513,0,9
2986,0,9
8435,0,9
3020,0,9
8471,0,9
2266,3,9
6848,0,9
3366,0,9
5853,3,9
5206,3,9
2411,3,9
1420,0,9
4177,3,9
5285,3,9
4199,7,9
8307,3,9
9818,5,9
308,5,9
53,5,9
2386,5,9
3276,5,9
5992,5,9
5883,5,9
660,5,9
1039,0,9
2526,0,9
7457,5,9
3509,5,9
9820,5,9
9120,0,9
9613,3,9
7051,7,9
5230,7,9
7796,7,9
6723,7,9
1024,7,9
939,7,9
4644,7,9
2361,7,9
137,7,9
1467,7,9
727,7,9
2482,7,9
3089,7,9
9648,7,9
3499,7,9
4241,7,9
4362,7,9
2744,7,9
6116,7,9
1047,7,9
6017,7,9
2217,7,9
5037,0,9
6577,7,9
2803,0,9
4941,7,9
2221,7,9
4776,7,9
8554,7,9
9462,7,9
9223,7,9
3779,7,9
5316,7,9
725,7,9
8684,3,10
9893,6,10
1278,0,10
7283,0,10
8712,0,10
6534,0,10
3978,0,10
8330,0,10
6874,0,10
899,0,10
6410,0,10
359,0,10
325,0,10
2096,0,10
8401,0,10
3192,0,10
3039,0,10
3550,0,10
1970,0,10
4290,0,10
5705,0,10
9539,0,10
6668,0,10
4847,0,10
5223,0,10
9251,0,10
1454,0,10
5984,0,10
3267,0,10
3332,0,10
5377,0,10
6220,0,10
6533,0,10
4540,0,10
1140,0,10
4691,0,10
6268,0,10
7713,0,10
4821,3,10
4900,0,10
9794,0,10
4316,7,10
1558,0,10
1181,0,10
9439,0,10
3823,0,10
3024,0,10
6718,0,10
9294,0,10
5151,7,10
4314,0,10
3536,0,10
4787,0,10
9355,0,10
3272,0,10
343,7,10
9172,0,10
1075,0,10
2384,0,10
4613,0,10
2251,0,10
1334,0,10
4426,0,10
3553,0,10
8604,0,10
4752,0,10
144,0,10
5518,0,10
2329,0,10
8324,0,10
1098,0,10
8893,0,10
7292,3,10
7245,3,10
7756,3,10
2068,3,10
2194,3,10
7765,3,10
9064,5,10
1785,5,10
6398,5,10
5279,5,10
5835,5,10
6200,5,10
3338,5,10
4215,5,10
4269,5,10
6765,7,10
2115,7,10
9748,7,10
760,0,10
5179,7,10
2178,7,10
3098,7,10
7951,7,10
7558,7,10
6673,7,10
9610,7,10
524,7,10
1423,0,10
491,7,10
4947,7,10
5661,7,10
2374,7,10
1953,7,10
6829,7,10
9168,7,10
8705,7,10
8290,7,10
5335,7,10
4805,7,10
4478,7,10
6264,7,10
8494,7,10
543,7,10
7353,7,10
621,3,11
284,3,11
9278,0,11
3891,7,11
3409,3,11
1097,0,11
8521,0,11
2210,0,11
9350,0,11
337,0,11
3472,0,11
3022,0,11
2703,0,11
2732,0,11
9607,0,11
9540,0,11
3462,0,11
8954,0,11
5854,0,11
9633,0,11
1119,0,11
4195,0,11
5623,0,11
5574,0,11
6934,0,11
1007,0,11
4758,0,11
5178,0,11
4785,0,11
179,0,11
4015,0,11
2546,0,11
8384,0,11
788,0,11
2618,3,11
4932,0,11
3156,0,11
7428,0,11
2760,0,11
5517,3,11
635,0,11
6459,0,11
7360,5,11
9724,0,11
4278,7,11
7974,0,11
373,0,11
4305,0,11
453,0,11
2929,0,11
101,0,11
1811,0,11
9306,0,11
6739,0,11
181,0,11
4348,7,11
9795,0,11
943,0,11
1431,0,11
303,0,11
5570,0,11
8253,7,11
9388,0,11
5504,7,11
5999,0,11
8077,0,11
4169,0,11
7138,3,11
4112,0,11
4809,3,11
5476,3,11
2927,3,11
2854,3,11
1626,3,11
351,3,11
9463,5,11
3882,5,11
6943,5,11
1009,5,11
9704,5,11
2948,5,11
5234,5,11
3951,5,11
9011,5,11
6511,5,11
6600,0,11
6924,5,11
6899,5,11
8935,0,11
5088,5,11
5375,7,11
7701,7,11
7339,7,11
7858,7,11
2452,7,11
2010,7,11
9666,7,11
6221,0,11
4986,7,11
1760,7,11
9458,7,11
279,7,11
4154,0,11
400,7,11
2914,7,11
7580,7,11
6886,7,11
5159,7,11
2319,7,11
9703,7,11
5930,7,11
7110,7,11
4136,0,11
5753,7,11
8147,7,11
8518,7,11
1336,3,11
4636,7,11
3649,0,12
4192,0,12
5624,0,12
9620,0,12
2734,3,12
2835,0,12
346,0,12
8005,0,12
7518,0,12
6852,0,12
1303,0,12
9890,0,12
6783,0,12
7999,0,12
9998,0,12
140,0,12
7654,0,12
9062,0,12
5607,0,12
272,0,12
5111,0,12
191,0,12
2487,0,12
9020,0,12
2941,3,12
2461,0,12
4609,5,12
6883,0,12
4046,0,12
5060,0,12
6513,0,12
6298,0,12
2621,0,12
5690,0,12
9289,0,12
3574,0,12
5740,0,12
4127,7,12
8980,0,12
8527,0,12
8632,0,12
4335,0,12
4855,0,12
8839,0,12
3833,0,12
1923,0,12
614,0,12
3353,0,12
516,0,12
3609,0,12
6028,0,12
6662,7,12
1727,0,12
8288,0,12
3834,0,12
5845,0,12
9028,0,12
800,0,12
9738,0,12
5616,0,12
7777,0,12
4607,0,12
65,0,12
4652,0,12
7239,3,12
617,3,12
4933,7,12
2719,3,12
5514,3,12
1003,3,12
6262,3,12
8625,3,12
4030,3,12
1129,3,12
3697,3,12
9761,3,12
8087,3,12
75,5,12
4052,5,12
3583,5,12
2087,5,12
5767,5,12
9526,7,12
997,7,12
4022,7,12
2534,7,12
2145,7,12
4741,7,12
5974,7,12
6993,7,12
3860,7,12
5578,7,12
8560,7,12
2817,7,12
4891,7,12
4542,7,12
2488,7,12
9694,7,12
8499,7,12
8348,7,12
6699,7,12
4605,7,12
9161,7,12
4712,0,12
4648,7,12
8356,7,12
4393,7,12
8347,7,12
6353,7,12
8847,7,12
8845,7,12
6288,7,12
872,0,12
2373,7,12
2623,7,12
9851,7,12
2543,7,12
8466,7,12
6881,7,12
9965,7,12
9650,7,12
5064,7,12
4946,7,12
1734,0,12
1663,7,12
7995,0,13
7060,0,13
6373,0,13
8996,0,13
9826,0,13
3324,0,13
4050,0,13
6093,0,13
628,0,13
9466,0,13
4680,0,13
5231,0,13
497,0,13
6501,0,13
8934,0,13
588,0,13
8483,0,13
4153,0,13
6156,0,13
2183,0,13
9071,0,13
2602,3,13
3868,0,13
2280,0,13
9659,0,13
4850,0,13
9431,0,13
7687,0,13
2289,0,13
4747,0,13
476,5,13
7789,0,13
5312,0,13
3957,0,13
2779,0,13
5866,0,13
2061,7,13
6494,0,13
5067,0,13
833,0,13
2652,7,13
2692,0,13
4687,0,13
2366,0,13
930,0,13
2126,0,13
9037,0,13
8906,0,13
8278,0,13
8189,0,13
2505,0,13
552,0,13
57,0,13
4141,0,13
9880,0,13
7211,0,13
7534,0,13
6856,7,13
6348,0,13
3273,0,13
2701,0,13
7103,0,13
8921,0,13
1462,0,13
7065,0,13
6847,0,13
5057,7,13
3648,3,13
8831,3,13
589,3,13
7320,3,13
1706,3,13
2347,3,13
7390,3,13
2685,3,13
8947,5,13
7357,5,13
5089,7,13
5065,5,13
2894,5,13
3476,5,13
9248,5,13
2187,5,13
81,5,13
154,7,13
7336,7,13
1704,7,13
6782,7,13
1889,7,13
5981,7,13
2789,7,13
4119,7,13
5265,7,13
7889,7,13
5323,7,13
1615,7,13
534,7,13
7543,7,13
6278,0,13
7173,7,13
6201,7,13
3703,7,13
9697,7,13
918,7,13
4358,7,13
1774,7,13
2307,7,13
5542,0,13
3428,1,14
9030,3,14
4708,2,14
7004,0,14
6914,0,14
7043,0,14
7812,0,14
3282,0,14
1721,0,14
226,0,14
4357,0,14
7455,0,14
8994,0,14
5014,0,14
5302,0,14
673,0,14
5839,0,14
5614,0,14
1056,0,14
8167,3,14
2405,0,14
9743,0,14
7851,5,14
6669,0,14
6367,0,14
5577,0,14
5619,0,14
8095,0,14
4768,0,14
7076,0,14
4754,0,14
7565,0,14
4588,0,14
8627,5,14
2422,0,14
5780,0,14
9275,0,14
4232,7,14
1274,0,14
9845,0,14
3931,0,14
1995,0,14
3035,0,14
8702,0,14
4261,0,14
8710,7,14
845,0,14
3047,0,14
2561,7,14
4073,0,14
8624,0,14
2778,0,14
8975,0,14
9148,0,14
3103,0,14
9138,0,14
645,0,14
6100,0,14
8152,0,14
8097,0,14
3442,0,14
684,0,14
460,0,14
7324,0,14
5558,0,14
4219,0,14
7827,0,14
2324,0,14
5826,0,14
5461,0,14
2660,3,14
4773,3,14
2348,3,14
6297,3,14
5947,3,14
267,3,14
9001,3,14
9894,3,14
8733,3,14
6029,3,14
8718,3,14
2044,5,14
6701,5,14
5894,5,14
8098,5,14
228,5,14
6077,5,14
680,5,14
5384,7,14
2993,7,14
3295,7,14
9502,7,14
5806,7,14
45,0,14
9417,7,14
4439,7,14
4658,0,14
6070,7,14
2043,7,14
1980,0,14
4522,7,14
3971,7,14
630,0,14
6489,7,14
752,7,14
4925,7,14
4435,7,14
6861,7,14
6088,7,14
1703,7,14
3464,7,14
587,7,14
4692,7,14
4724,7,14
3990,0,14
2346,7,14
1037,7,14
3769,7,14
992,7,14
6361,7,14
7774,7,14
6555,0,14
1444,7,14
925,7,14
499,0,15
4864,0,15
6740,5,15
8108,0,15
5916,0,15
1499,0,15
3595,0,15
8445,0,15
3508,0,15
9537,0,15
1157,0,15
7459,0,15
9318,0,15
3065,0,15
6678,0,15
4340,0,15
8820,0,15
5114,0,15
5354,0,15
6395,0,15
5198,0,15
1666,0,15
8296,0,15
7338,0,15
8358,0,15
1451,0,15
3586,0,15
2455,0,15
9352,3,15
4216,0,15
7165,0,15
5787,3,15
5117,0,15
8858,3,15
7278,0,15
5079,0,15
5436,5,15
2080,0,15
4799,0,15
1041,0,15
6604,0,15
2360,0,15
9919,0,15
1969,0,15
8885,0,15
5525,0,15
8700,0,15
5396,0,15
5477,0,15
6510,0,15
1461,0,15
1060,0,15
3736,0,15
6372,0,15
963,0,15
402,0,15
4841,0,15
6015,0,15
3599,3,15
4804,7,15
9618,3,15
4597,3,15
544,7,15
1421,3,15
8609,5,15
7657,5,15
9038,5,15
5015,7,15
3493,5,15
3036,5,15
3313,5,15
1135,5,15
5219,5,15
3370,7,15
5277,7,15
7741,7,15
6477,7,15
2479,7,15
4879,7,15
883,7,15
1295,7,15
792,7,15
3608,7,15
4512,7,15
6652,7,15
9925,7,15
4307,7,15
6761,7,15
8265,7,15
6146,7,15
3299,7,15
2002,7,15
7684,7,15
2530,7,15
3683,7,15
7831,7,15
9534,7,15
4336,7,15
8504,7,15
2440,7,15
4387,7,15
8790,7,15
9179,7,15
2298,7,15
2111,7,15
5896,7,15
9026,7,15
3242,7,15
6879,7,15
7562,7,15
4560,7,15
9286,7,15
4317,7,15
7767,7,15
3945,7,15
2896,2,16
3905,7,16
7410,0,16
1829,0,16
7097,0,16
3522,0,16
6894,0,16
6796,0,16
7369,0,16
7884,0,16
252,0,16
8044,0,16
1153,7,16
9784,0,16
1063,0,16
5248,0,16
619,0,16
2564,0,16
7955,0,16
9896,0,16
3278,0,16
900,0,16
3603,0,16
6460,0,16
5976,0,16
7591,0,16
2549,0,16
3095,0,16
8957,0,16
1541,0,16
135,0,16
3547,0,16
2533,0,16
2687,7,16
4054,0,16
7122,0,16
8248,0,16
220,0,16
8907,0,16
2086,0,16
1383,7,16
5362,0,16
7742,0,16
5172,0,16
6453,0,16
4344,0,16
9587,0,16
9315,0,16
5990,0,16
8357,0,16
4205,0,16
7161,0,16
3519,0,16
3899,0,16
5356,7,16
3557,0,16
6882,0,16
4182,0,16
7622,0,16
3548,3,16
3602,3,16
6269,3,16
4559,3,16
4517,7,16
4557,3,16
7677,3,16
8148,5,16
4651,5,16
7804,5,16
1332,5,16
7072,5,16
1354,5,16
4472,7,16
1029,7,16
2680,7,16
750,7,16
69,7,16
5893,7,16
2443,7,16
9726,7,16
5493,7,16
8227,7,16
9265,7,16
7038,7,16
1993,7,16
492,7,16
6744,7,16
4693,7,16
4660,7,16
7582,7,16
6616,7,16
7114,7,16
5368,7,16
5423,7,16
7911,7,16
7115,7,16
3710,7,16
84,7,16
3007,7,16
9156,8,17
7946,0,17
1424,0,17
1736,0,17
5003,0,17
8949,0,17
2341,0,17
9530,0,17
3058,0,17
5086,0,17
5809,0,17
687,0,17
5373,0,17
6569,0,17
8585,0,17
5118,0,17
6445,0,17
2599,0,17
3404,0,17
1356,0,17
4997,0,17
1376,0,17
6542,0,17
8698,0,17
210,0,17
2851,0,17
895,0,17
2799,0,17
6769,0,17
5836,0,17
6185,0,17
2704,0,17
831,0,17
5567,0,17
4453,0,17
6665,0,17
6315,0,17
773,0,17
4989,0,17
2644,0,17
4392,0,17
4663,0,17
9368,0,17
6508,0,17
7485,0,17
1464,0,17
5260,0,17
2423,0,17
3872,0,17
5777,0,17
8080,0,17
6157,0,17
8721,0,17
4740,0,17
7587,0,17
8028,0,17
8333,0,17
7786,0,17
8665,0,17
4447,0,17
6041,0,17
6225,0,17
1684,0,17
8988,3,17
7830,3,17
9087,3,17
3501,3,17
4999,3,17
1324,3,17
1373,0,17
1707,5,17
3810,5,17
8522,5,17
8517,5,17
1741,5,17
8163,0,17
4346,5,17
4105,5,17
7293,5,17
2974,0,17
7067,5,17
7471,5,17
1477,5,17
781,5,17
3079,5,17
7924,5,17
1054,7,17
4585,7,17
2050,7,17
4722,7,17
5927,7,17
7450,7,17
9230,7,17
3892,0,17
7600,7,17
8748,0,17
784,7,17
7090,0,17
3111,7,17
2745,7,17
4188,7,17
3911,7,17
561,7,17
4129,7,17
9446,7,17
8395,7,17
9838,7,17
5227,7,17
249,7,17
5468,7,17
5844,7,17
4333,7,17
4678,7,17
1402,7,17
6454,7,17
165,7,17
1867,7,17
8375,7,17
3568,7,17
2706,7,17
3474,7,17
1322,4,18
2859,8,18
291,8,18
8545,0,18
6271,0,18
3172,0,18
6430,0,18
2920,0,18
1604,0,18
8553,0,18
4909,0,18
8607,0,18
354,0,18
322,0,18
5394,0,18
1655,0,18
7941,0,18
3491,0,18
2124,0,18
745,0,18
6318,0,18
4817,0,18
2715,0,18
4049,0,18
5975,0,18
8779,0,18
4878,0,18
1967,0,18
457,0,18
2513,0,18
8035,0,18
7661,0,18
6873,0,18
9346,5,18
9066,0,18
8459,0,18
8378,5,18
6661,0,18
3503,0,18
9986,0,18
8083,0,18
2969,0,18
9361,0,18
9143,5,18
8182,0,18
3642,0,18
6496,0,18
3333,0,18
10,0,18
6784,0,18
8936,0,18
5709,0,18
2663,0,18
5769,0,18
2100,5,18
5741,0,18
1120,7,18
9171,3,18
1448,3,18
5520,3,18
4510,3,18
1162,3,18
8848,3,18
8875,7,18
8020,3,18
9188,3,18
8421,3,18
5832,5,18
2267,5,18
7148,5,18
5680,5,18
4170,5,18
6531,7,18
2653,7,18
2981,7,18
9090,7,18
7660,7,18
148,7,18
6002,7,18
5446,7,18
2114,7,18
7614,7,18
2885,7,18
3877,7,18
2855,7,18
5332,7,18
7642,7,18
2474,7,18
1314,7,18
8130,7,18
9782,7,18
6887,7,18
7132,7,18
5154,7,18
55,7,18
1073,7,18
6192,7,18
9595,7,18
5859,7,18
7177,7,18
8505,7,18
6842,7,18
7674,7,18
9955,3,19
6486,3,19
9448,3,19
2823,1,19
2544,1,19
4364,0,19
8877,0,19
5886,0,19
9801,0,19
3889,0,19
3341,0,19
8717,0,19
1493,0,19
300,0,19
3388,0,19
8514,0,19
4723,0,19
5856,0,19
1005,0,19
8526,0,19
285,0,19
9480,0,19
6175,0,19
7086,0,19
1563,0,19
8729,0,19
1149,0,19
3448,0,19
4998,0,19
4471,0,19
2343,0,19
8235,0,19
4076,0,19
145,0,19
9359,0,19
386,0,19
6644,0,19
9113,0,19
8853,0,19
1778,0,19
594,0,19
5968,0,19
6746,0,19
2580,0,19
3066,0,19
9387,0,19
1291,0,19
6536,0,19
5443,0,19
9627,0,19
8338,0,19
40,0,19
965,0,19
3454,0,19
4474,0,19
443,0,19
1472,7,19
2670,7,19
9304,0,19
1481,0,19
1102,0,19
8525,0,19
3827,0,19
6734,3,19
9331,3,19
3144,3,19
926,3,19
39,3,19
5346,3,19
6925,3,19
2545,3,19
3191,3,19
2184,5,19
6471,5,19
7703,5,19
3787,5,19
3236,5,19
9696,5,19
5479,5,19
3099,5,19
9731,5,19
1719,5,19
5761,5,19
4271,5,19
785,5,19
1632,5,19
8444,5,19
1572,7,19
2121,7,19
2004,7,19
7307,7,19
3702,7,19
9994,7,19
3147,7,19
8852,7,19
1647,7,19
3647,7,19
8426,7,19
1674,7,19
8992,7,19
2071,7,19
7304,7,19
998,7,19
1198,7,19
3619,7,19
7400,7,19
392,7,19
5315,7,19
8321,7,19
1892,7,19
6250,7,19
7912,7,19
678,7,19
6254,7,19
248,7,19
7142,7,19
1328,6,20
9586,3,20
8029,0,20
9803,8,20
9563,0,20
2162,0,20
2603,0,20
8393,0,20
2727,0,20
3962,0,20
2583,7,20
4248,0,20
5221,0,20
3405,0,20
6411,0,20
3381,0,20
5528,0,20
3853,0,20
2131,0,20
6853,0,20
5421,0,20
5739,0,20
1644,0,20
8555,0,20
2453,0,20
8908,0,20
3712,0,20
2313,0,20
7643,0,20
5632,0,20
6483,0,20
9655,0,20
9330,0,20
5374,0,20
7337,0,20
327,0,20
7721,0,20
7104,0,20
5360,0,20
9027,0,20
4277,0,20
7437,0,20
6090,0,20
4230,0,20
4682,0,20
2246,3,20
1877,0,20
1167,3,20
3280,0,20
8753,0,20
956,0,20
8057,0,20
6788,0,20
5631,0,20
5278,0,20
406,0,20
9853,0,20
3032,0,20
77,3,20
4814,0,20
1845,0,20
8683,0,20
4120,0,20
783,0,20
9079,3,20
1271,3,20
1318,3,20
2011,3,20
556,3,20
9091,3,20
2208,3,20
4717,3,20
4716,3,20
908,3,20
4367,3,20
2752,5,20
7402,5,20
170,5,20
6978,5,20
8880,5,20
986,5,20
6491,7,20
6109,7,20
7963,7,20
1910,7,20
6174,7,20
799,7,20
4541,7,20
260,7,20
771,7,20
808,7,20
2531,7,20
4407,7,20
9078,5,20
7468,7,20
631,7,20
5621,5,20
7308,7,20
6457,7,20
3618,7,20
9261,7,20
4622,7,20
4488,7,20
2364,7,20
3480,7,20
3055,7,20
5693,7,20
3043,7,20
1759,7,20
6025,5,20
3864,7,20
3925,7,20
8798,7,20
472,7,20
2637,7,20
551,5,20
9284,7,20
6364,6,21
7965,3,21
3676,4,21
3844,2,21
8998,0,21
5758,0,21
8797,0,21
454,0,21
6895,0,21
9407,0,21
9915,0,21
9740,0,21
4511,0,21
6971,0,21
2976,0,21
8484,0,21
5867,0,21
8186,0,21
9513,0,21
4563,0,21
5238,0,21
9594,0,21
7374,0,21
4765,0,21
8364,0,21
7989,0,21
1100,0,21
6329,0,21
7257,0,21
9692,0,21
4530,0,21
7832,0,21
7805,0,21
4395,0,21
4270,0,21
2819,0,21
278,0,21
3588,0,21
7549,0,21
441,0,21
1898,0,21
9512,0,21
8417,0,21
5919,0,21
5669,0,21
5666,0,21
2021,0,21
3611,0,21
6870,0,21
2912,0,21
102,0,21
6078,0,21
1211,0,21
8461,0,21
2128,0,21
7552,0,21
3701,0,21
8730,0,21
1058,0,21
5328,0,21
4902,0,21
5122,0,21
6926,0,21
509,0,21
3856,0,21
2937,0,21
1387,3,21
8428,3,21
9658,7,21
4369,3,21
5636,7,21
6631,3,21
7200,3,21
2394,7,21
8242,3,21
5989,5,21
1907,5,21
7748,5,21
6599,5,21
9923,5,21
9498,5,21
5262,5,21
8023,5,21
8125,7,21
627,7,21
8214,7,21
4527,7,21
6351,7,21
4938,7,21
1160,7,21
5628,7,21
8049,7,21
7590,7,21
5920,7,21
6551,0,21
2110,7,21
1095,0,21
1096,7,21
1233,0,21
9214,7,21
2853,7,21
4786,7,21
3356,7,21
7208,0,21
9382,7,21
879,3,22
1552,3,22
2738,0,22
860,0,22
2522,0,22
2368,0,22
0,0,22
1017,0,22
2997,0,22
8300,0,22
6757,0,22
1396,0,22
7956,0,22
6337,0,22
4125,0,22
9165,0,22
4600,0,22
7709,0,22
5314,0,22
7895,0,22
8171,0,22
818,0,22
4569,0,22
4306,0,22
183,0,22
5162,0,22
6357,0,22
2017,0,22
7295,0,22
1573,0,22
2977,0,22
8856,0,22
3662,0,22
1978,0,22
1418,0,22
7223,0,22
2771,0,22
4845,0,22
735,0,22
4970,0,22
5156,0,22
1034,0,22
9491,0,22
14,0,22
2297,0,22
5459,0,22
8172,0,22
2968,0,22
852,0,22
4467,0,22
8534,0,22
5070,0,22
122,0,22
7892,0,22
3973,0,22
3025,0,22
47,0,22
4109,0,22
3145,0,22
8237,0,22
8708,0,22
1306,0,22
9962,0,22
9904,0,22
463,3,22
2762,3,22
5717,3,22
1865,3,22
7124,3,22
1592,3,22
3264,3,22
6421,3,22
3959,3,22
7259,3,22
3563,3,22
2226,3,22
7069,3,22
3305,5,22
3857,5,22
9221,5,22
7870,5,22
8799,5,22
8133,5,22
7059,7,22
7947,7,22
3162,7,22
5182,7,22
5437,7,22
9759,7,22
4880,7,22
187,7,22
9934,7,22
1394,7,22
6001,7,22
7605,7,22
7651,7,22
3373,7,22
5075,7,22
241,0,22
9725,7,22
8578,0,22
5745,7,22
286,7,22
41,7,22
5536,7,22
5823,7,22
7882,3,22
5080,7,22
5364,7,22
1798,7,22
3634,7,22
4056,7,22
2617,7,22
480,7,22
2831,7,22
6663,7,22
8744,7,22
3818,7,22
378,2,23
6292,0,23
5931,0,23
7089,0,23
566,0,23
8782,0,23
3688,0,23
2515,0,23
5592,0,23
7141,0,23
7969,0,23
6283,0,23
9201,0,23
4738,0,23
5750,0,23
3010,0,23
3064,0,23
2398,0,23
7564,0,23
7167,0,23
2504,0,23
6747,0,23
7891,0,23
5509,0,23
4954,5,23
1948,0,23
2559,0,23
8584,0,23
9023,0,23
4016,0,23
5959,0,23
7620,0,23
1076,0,23
7978,0,23
3014,0,23
5485,0,23
6807,0,23
5115,0,23
6546,0,23
6339,0,23
5817,0,23
2255,0,23
3298,0,23
1989,0,23
1407,0,23
4670,0,23
1215,0,23
6242,7,23
1510,0,23
3318,0,23
517,0,23
8423,0,23
4744,0,23
32,7,23
2079,0,23
9033,0,23
2622,0,23
8788,0,23
5794,0,23
505,0,23
6609,0,23
4180,0,23
6843,0,23
4088,3,23
396,3,23
4200,3,23
1590,3,23
9052,3,23
3867,3,23
3738,3,23
1890,3,23
9426,5,23
1671,5,23
5810,5,23
2788,5,23
1853,5,23
1175,5,23
5530,5,23
6106,5,23
2094,5,23
1346,5,23
5987,5,23
4150,7,23
2501,7,23
5588,7,23
9277,7,23
8194,7,23
8533,7,23
8916,7,23
686,7,23
451,7,23
5785,7,23
7606,7,23
6790,7,23
5005,7,23
8094,7,23
7375,7,23
1545,7,23
6381,7,23
8510,7,23
9810,7,23
7123,7,23
7078,7,23
427,7,23
2784,7,23
9695,7,23
4961,0,24
5239,7,24
6392,0,24
8198,0,24
189,0,24
8552,0,24
3914,0,24
5233,0,24
720,0,24
5591,0,24
9101,0,24
5733,0,24
6651,0,24
1085,0,24
4866,0,24
5044,0,24
9545,0,24
1624,0,24
1386,0,24
2557,0,24
223,0,24
7209,7,24
3775,0,24
7321,0,24
2235,0,24
2365,0,24
9922,0,24
8320,7,24
9609,0,24
6285,0,24
1150,0,24
3001,0,24
3382,0,24
8246,0,24
471,0,24
7964,0,24
3130,0,24
4984,0,24
1555,0,24
8211,0,24
9604,0,24
7887,0,24
1723,0,24
3756,0,24
6009,0,24
1,0,24
9674,0,24
4798,0,24
4118,0,24
9837,7,24
5001,0,24
8316,0,24
1911,0,24
8524,0,24
537,0,24
9073,0,24
2376,0,24
6439,0,24
4667,0,24
5560,0,24
5647,3,24
7082,3,24
1547,3,24
1296,7,24
1866,3,24
6068,3,24
6164,3,24
8448,3,24
5213,3,24
601,3,24
5924,3,24
3003,5,24
8972,5,24
3287,5,24
6123,5,24
2880,7,24
2234,5,24
503,5,24
4756,5,24
9881,5,24
3849,5,24
6849,5,24
7105,5,24
859,5,24
8449,5,24
5464,5,24
3655,5,24
8443,5,24
8310,7,24
5724,7,24
8319,7,24
4915,7,24
8540,7,24
6578,7,24
2923,0,24
6833,7,24
5508,7,24
766,7,24
2311,7,24
97,7,24
7201,7,24
452,7,24
3437,7,24
9249,7,24
9670,7,24
3171,7,24
4252,0,24
624,7,24
6979,0,24
6702,7,24
4930,7,24
9709,7,24
2907,7,24
3791,0,24
975,7,24
8577,7,24
146,7,24
2805,7,24
78,7,24
1903,7,24
8349,7,24
7790,7,24
5510,7,24
1378,7,24
8670,0,24
880,7,24
5431,7,24
2842,1,25
7908,1,25
6252,1,25
4121,2,25
5026,0,25
473,5,25
4303,0,25
3028,0,25
5390,0,25
3592,0,25
7464,0,25
4640,0,25
8656,0,25
6481,0,25
6446,0,25
650,0,25
4690,0,25
2626,0,25
3255,0,25
4791,0,25
6647,0,25
9150,0,25
8350,0,25
9591,0,25
9875,0,25
9862,0,25
9199,0,25
1292,0,25
4082,0,25
5157,0,25
1388,0,25
290,0,25
8362,0,25
9422,0,25
6613,0,25
13,0,25
7046,0,25
7630,0,25
3178,0,25
4209,0,25
7584,0,25
9093,0,25
5220,0,25
6811,0,25
4284,0,25
4237,0,25
9418,0,25
6057,0,25
7516,0,25
5439,0,25
1806,0,25
9328,0,25
4757,0,25
2416,0,25
7418,0,25
5868,0,25
8478,0,25
4964,0,25
6415,0,25
6208,0,25
4671,3,25
1159,3,25
665,3,25
6591,3,25
9938,3,25
5719,3,25
5814,5,25
2265,0,25
1849,0,25
9688,0,25
1699,5,25
3206,0,25
7034,0,25
5395,5,25
1028,5,25
1670,5,25
1561,5,25
3125,5,25
6350,5,25
7635,5,25
2576,5,25
5889,7,25
3537,7,25
6440,7,25
4615,7,25
3684,7,25
9543,0,25
9445,7,25
8143,7,25
6574,7,25
4411,7,25
5403,7,25
3940,7,25
4484,7,25
9951,7,25
6860,7,25
9569,7,25
133,7,25
7491,0,25
7810,7,25
8480,7,25
2106,7,25
1243,7,25
626,7,25
2938,7,25
219,7,25
7377,7,25
7579,7,25
8738,7,25
8268,3,25
3755,7,25
4233,7,25
7560,7,25
4386,7,25
4897,7,25
8650,7,25
5637,3,26
4359,0,26
2693,0,26
6819,0,26
1751,0,26
4428,0,26
8183,5,26
340,0,26
1224,0,26
9140,0,26
2972,0,26
8919,0,26
3076,0,26
6571,0,26
3660,0,26
7617,0,26
9303,7,26
1946,0,26
6335,0,26
5941,0,26
4276,0,26
4108,0,26
5715,0,26
1949,0,26
501,7,26
3753,0,26
2415,0,26
2628,0,26
1239,0,26
7507,0,26
2503,0,26
3427,0,26
6096,0,26
6560,0,26
6282,7,26
3666,0,26
2144,0,26
6795,0,26
2524,7,26
3682,0,26
4063,0,26
6900,0,26
1596,7,26
9002,0,26
7112,0,26
2824,0,26
6004,0,26
4026,0,26
338,0,26
4025,0,26
9982,0,26
6708,0,26
8210,3,26
9835,3,26
5848,3,26
1891,7,26
7297,3,26
469,3,26
7966,3,26
7886,3,26
2867,3,26
6384,3,26
4639,3,26
801,7,26
6635,5,26
184,5,26
348,5,26
1381,5,26
7726,5,26
5186,5,26
4448,5,26
4781,5,26
5544,5,26
60,5,26
5702,5,26
446,5,26
9690,5,26
9715,5,26
7878,7,26
7991,7,26
5224,0,26
1006,0,26
5963,7,26
9991,7,26
9428,7,26
3743,7,26
405,7,26
8315,7,26
7497,7,26
6316,7,26
7349,7,26
3438,7,26
2875,7,26
7612,7,26
6008,7,26
5946,7,26
6950,7,26
6770,7,26
7499,7,26
6158,7,26
2607,7,26
3449,7,26
2592,7,26
6891,7,26
9773,7,26
5039,7,26
6677,7,26
7718,0,26
6219,7,26
4963,7,26
131,0,26
4874,7,26
4650,7,26
1395,5,27
7885,0,27
805,0,27
9908,0,27
4309,0,27
8230,0,27
7057,0,27
3896,0,27
8399,0,27
549,0,27
4409,0,27
9094,0,27
5625,0,27
8918,0,27
1502,0,27
5140,0,27
6258,0,27
5870,0,27
3355,0,27
3257,0,27
6525,0,27
1441,0,27
2485,0,27
4632,0,27
2095,0,27
585,0,27
5420,0,27
5694,0,27
8406,0,27
2130,0,27
1981,0,27
654,0,27
3824,0,27
4328,0,27
3485,0,27
7049,0,27
2257,0,27
3343,0,27
370,0,27
3650,0,27
2229,0,27
8062,0,27
8233,0,27
3339,0,27
7299,0,27
8040,0,27
8124,0,27
5426,0,27
5612,0,27
4029,0,27
5318,0,27
9092,0,27
6108,0,27
5109,0,27
9206,0,27
9425,0,27
1061,0,27
8135,0,27
159,0,27
9681,0,27
3658,0,27
596,0,27
3063,0,27
4753,0,27
3000,0,27
794,0,27
5059,0,27
2072,0,27
8501,0,27
1412,0,27
6518,0,27
8138,0,27
6636,0,27
6867,0,27
3202,0,27
8681,0,27
2758,0,27
8117,0,27
8286,3,27
532,3,27
8132,3,27
5366,3,27
5925,3,27
7689,3,27
8283,3,27
9240,3,27
7029,3,27
1004,3,27
5217,5,27
1223,5,27
6590,5,27
5687,5,27
2995,5,27
4477,5,27
1158,5,27
3148,5,27
9409,5,27
5478,5,27
2332,0,27
4243,0,27
971,7,27
7973,7,27
5319,7,27
4807,7,27
342,7,27
2737,7,27
1247,7,27
5235,7,27
1485,7,27
3113,7,27
7880,7,27
3109,7,27
7633,7,27
7855,7,27
2349,3,27
8340,7,27
7897,3,27
9802,7,27
1628,7,27
4697,7,27
7385,7,27
2380,7,27
1455,7,27
5762,7,27
7118,7,27
1276,3,27
1515,7,27
7077,7,27
1320,7,27
8489,7,27
5983,7,27
4872,7,27
3777,7,27
2323,7,27
9568,7,27
2292,7,27
493,7,27
401,5,28
3665,2,28
5042,0,28
8706,0,28
9859,0,28
8090,0,28
5379,0,28
8139,0,28
5899,0,28
5212,0,28
9291,0,28
605,0,28
2829,0,28
193,0,28
8082,0,28
9460,0,28
9673,0,28
8199,0,28
9455,0,28
7860,0,28
2507,0,28
274,0,28
6031,0,28
7859,0,28
837,0,28
8819,0,28
5307,0,28
995,0,28
6778,0,28
609,0,28
921,0,28
7809,3,28
8388,0,28
846,0,28
3311,0,28
5675,0,28
8635,0,28
7085,0,28
4867,0,28
7836,0,28
6504,0,28
5202,0,28
3379,0,28
8168,0,28
4102,0,28
8352,0,28
7331,5,28
6226,0,28
7918,0,28
1227,0,28
4937,3,28
793,3,28
9405,3,28
4842,3,28
5813,3,28
2279,3,28
4473,3,28
2566,3,28
1610,5,28
8571,5,28
4912,5,28
4259,5,28
5597,5,28
4064,5,28
3222,5,28
8134,5,28
8380,5,28
9373,5,28
4748,5,28
2326,5,28
8580,5,28
3792,5,28
3521,5,28
2063,5,28
8742,5,28
3150,7,28
7062,7,28
836,7,28
8354,7,28
8989,7,28
125,7,28
6557,7,28
9699,7,28
2248,7,28
6005,7,28
2186,7,28
9320,7,28
8102,7,28
9567,7,28
7314,7,28
5330,7,28
697,7,28
6274,7,28
8502,7,28
5253,7,28
9559,7,28
6992,7,28
863,7,28
9459,7,28
4732,7,28
7473,7,28
802,7,28
9580,7,28
2574,7,28
1473,7,28
9733,7,28
7659,7,28
5286,7,28
3012,0,29
1426,0,29
6675,0,29
9122,0,29
826,0,29
4319,0,29
2491,0,29
289,0,29
977,0,29
7873,0,29
7799,0,29
3372,0,29
8503,0,29
4299,0,29
1053,0,29
9210,5,29
4784,0,29
1298,0,29
9115,0,29
5144,0,29
2135,0,29
8128,0,29
7462,0,29
9577,0,29
9843,0,29
9430,0,29
5671,0,29
222,0,29
87,0,29
1474,0,29
7302,0,29
7574,0,29
5938,0,29
3176,0,29
5096,0,29
147,0,29
3207,0,29
9454,0,29
719,0,29
7230,0,29
5100,0,29
3928,0,29
7512,0,29
2642,0,29
3307,0,29
8106,0,29
6989,0,29
5284,0,29
2801,5,29
4081,0,29
9155,0,29
6561,0,29
674,0,29
6643,0,29
5932,0,29
3290,0,29
4535,0,29
104,0,29
7773,3,29
6994,3,29
1984,3,29
6579,3,29
8595,3,29
9209,3,29
4249,3,29
5697,3,29
434,5,29
2301,5,29
3132,5,29
1974,5,29
4084,5,29
8019,5,29
7406,5,29
8613,5,29
2814,5,29
7866,5,29
8846,7,29
7081,7,29
9465,7,29
4688,7,29
489,7,29
6129,7,29
577,7,29
2860,7,29
9043,7,29
9778,7,29
1677,7,29
3481,7,29
6981,7,29
7498,7,29
2753,7,29
3303,5,29
1347,7,29
4669,7,29
2711,7,29
755,7,29
2473,7,29
449,7,29
7494,7,29
7249,7,29
7429,7,29
3168,7,29
8754,7,29
9256,7,29
3049,7,29
2541,7,29
8883,0,30
8101,0,30
4366,0,30
6645,0,30
6239,0,30
575,0,30
3631,0,30
8881,0,30
7524,0,30
1192,0,30
4849,0,30
1012,0,30
8308,0,30
4174,0,30
1366,0,30
9412,0,30
9844,0,30
4062,0,30
3248,0,30
4077,0,30
9051,0,30
3300,0,30
8781,0,30
1155,0,30
9421,0,30
5211,0,30
5407,0,30
8394,0,30
8574,0,30
498,0,30
4771,0,30
2129,0,30
2645,0,30
3721,0,30
8827,0,30
9345,0,30
7458,0,30
7232,0,30
8878,0,30
3251,0,30
6044,0,30
1808,0,30
8537,0,30
2878,0,30
1031,0,30
9727,0,30
6732,0,30
425,0,30
511,0,30
1152,0,30
6069,0,30
3704,0,30
415,0,30
4449,0,30
5611,0,30
4965,0,30
718,0,30
2,0,30
8823,0,30
3087,0,30
7970,0,30
8805,0,30
4507,0,30
6581,0,30
885,3,30
4184,3,30
9335,3,30
4093,3,30
6764,3,30
1950,3,30
3722,3,30
4427,3,30
507,3,30
2414,5,30
7053,5,30
2176,5,30
2458,5,30
5004,5,30
7793,5,30
7224,5,30
6954,5,30
2863,5,30
7388,5,30
9212,5,30
5449,5,30
4468,7,30
9888,7,30
600,7,30
4881,7,30
4445,7,30
7568,7,30
3031,7,30
1575,7,30
2792,7,30
4699,7,30
2518,7,30
8149,7,30
2370,5,30
8140,7,30
637,7,30
5012,7,30
6868,7,30
9260,7,30
7616,7,30
1792,7,30
9767,7,30
4775,7,30
8034,7,30
3534,0,31
1138,0,31
6320,0,31
1701,0,31
8750,0,31
9570,0,31
2276,0,31
61,0,31
2045,0,31
1390,0,31
389,0,31
3960,0,31
2035,0,31
2707,0,31
9823,0,31
7551,0,31
2161,0,31
9814,0,31
1326,0,31
7358,0,31
803,0,31
5988,0,31
4148,0,31
3570,0,31
9514,0,31
1372,0,31
8032,0,31
3920,0,31
7100,0,31
6345,7,31
1790,0,31
5251,0,31
7017,0,31
887,0,31
779,0,31
3690,0,31
6780,0,31
4430,0,31
931,0,31
4465,0,31
1744,0,31
7807,0,31
9329,0,31
9871,0,31
2288,0,31
1668,0,31
7717,0,31
7014,0,31
909,0,31
4779,0,31
1260,0,31
2163,0,31
7425,0,31
8038,0,31
8169,0,31
362,0,31
4888,0,31
8801,0,31
5017,0,31
385,0,31
5310,0,31
3699,0,31
6751,0,31
9758,0,31
7546,0,31
7444,3,31
6664,3,31
136,3,31
730,3,31
9397,3,31
2120,3,31
8513,3,31
1796,3,31
8637,3,31
6148,3,31
9287,5,31
9474,5,31
8600,7,31
9084,5,31
7440,5,31
6443,5,31
4106,5,31
5188,5,31
3463,7,31
8785,7,31
1608,7,31
9348,7,31
410,7,31
603,7,31
6766,7,31
1442,7,31
1202,7,31
8026,7,31
9646,7,31
854,7,31
3847,7,31
5873,7,31
5104,7,31
7573,7,31
178,7,31
5367,7,31
1606,7,31
1673,7,31
8339,7,31
7073,7,31
5062,7,31
6506,7,31
8164,7,31
1434,7,31
5098,7,31
6821,7,31
7446,7,31
2978,7,31
8659,7,31
2872,7,31
6730,7,31
1517,7,31
6606,7,31
8161,7,31
9899,7,31
7638,7,31
6427,7,31
4096,7,31
4837,7,31
6756,7,31
1871,7,32
6966,7,32
8509,7,32
2812,1,32
7289,0,32
9413,0,32
5786,0,32
5960,0,32
9946,0,32
5977,0,32
6598,0,32
9344,0,32
4501,0,32
3296,0,32
2054,0,32
455,0,32
1519,0,32
9601,0,32
7535,0,32
2630,0,32
8221,0,32
8285,0,32
7267,0,32
3590,0,32
7690,0,32
7623,0,32
2105,0,32
5531,0,32
7685,0,32
1705,0,32
3413,0,32
6325,0,32
7900,0,32
4631,0,32
580,0,32
3256,0,32
4677,0,32
7025,0,32
9523,0,32
6759,0,32
7629,0,32
3395,0,32
5834,0,32
8226,0,32
3933,0,32
2218,0,32
6689,0,32
3349,0,32
3137,0,32
6618,0,32
8396,3,32
3496,3,32
2587,3,32
5009,3,32
7116,3,32
367,3,32
7199,3,32
6988,3,32
9746,3,32
2026,3,32
9999,5,32
244,5,32
3950,5,32
2654,5,32
6380,0,32
3075,5,32
398,5,32
2138,5,32
2540,5,32
3477,5,32
7033,7,32
2174,7,32
7477,7,32
3360,7,32
964,7,32
1605,7,32
3203,7,32
7170,7,32
4815,7,32
919,7,32
2586,7,32
9887,7,32
5245,7,32
2710,7,32
520,7,32
6422,7,32
7994,7,32
740,7,32
1768,0,32
8335,7,32
513,7,32
8053,7,32
5569,7,32
6098,7,32
361,7,32
9996,7,32
8070,7,32
3502,7,32
7131,7,32
7505,7,32
4011,7,32
5585,7,32
8123,7,32
547,7,32
9429,1,33
2864,0,33
5393,0,33
1425,0,33
7916,0,33
9701,0,33
8085,0,33
4620,0,33
8551,0,33
459,0,33
9404,0,33
3289,0,33
591,0,33
782,0,33
3268,0,33
3320,0,33
1652,0,33
4694,0,33
2040,0,33
4782,0,33
3992,0,33
2104,0,33
2092,0,33
2156,0,33
2258,0,33
9386,0,33
6026,0,33
5710,0,33
7514,0,33
1143,0,33
942,0,33
2334,0,33
7009,0,33
8658,0,33
8639,0,33
5218,0,33
9504,0,33
7521,0,33
4130,0,33
266,0,33
6588,0,33
2489,0,33
6719,0,33
5526,0,33
4924,0,33
5399,0,33
9139,0,33
582,0,33
2420,0,33
4598,0,33
363,0,33
7037,0,33
6722,0,33
5019,0,33
358,3,33
1370,3,33
82,3,33
9598,3,33
5700,3,33
736,3,33
9945,3,33
6750,3,33
6610,3,33
7445,3,33
2798,3,33
8181,3,33
5246,3,33
4332,3,33
6032,0,33
806,3,33
6191,5,33
970,5,33
4421,5,33
698,5,33
1062,5,33
5811,5,33
4226,7,33
56,7,33
4401,7,33
3142,7,33
3425,7,33
797,7,33
5884,7,33
6412,7,33
3644,7,33
6776,7,33
6753,7,33
7598,7,33
6559,7,33
581,7,33
7510,7,33
5270,7,33
6131,7,33
3253,7,33
7466,7,33
7744,0,33
4438,7,33
1079,7,33
1821,7,33
7350,7,33
4886,7,33
6124,7,33
1864,7,33
1881,7,33
8093,7,33
4279,7,33
4083,7,33
1385,7,33
9548,7,33
2215,3,34
3483,0,34
4827,0,34
444,0,34
6611,0,34
502,0,34
2223,0,34
4859,0,34
8876,0,34
8100,0,34
704,0,34
2528,0,34
9034,0,34
2989,0,34
4365,0,34
71,0,34
9920,0,34
2951,0,34
607,0,34
7712,0,34
8067,0,34
7508,0,34
9993,0,34
62,0,34
2241,0,34
4074,0,34
3751,0,34
3520,0,34
1576,0,34
4583,0,34
5498,0,34
9918,0,34
430,0,34
9377,0,34
4735,0,34
5058,0,34
5562,0,34
2816,0,34
5685,0,34
642,0,34
8036,0,34
855,0,34
3029,0,34
4024,0,34
3312,0,34
2539,0,34
7826,0,34
6341,0,34
5801,0,34
4464,0,34
2396,0,34
1899,0,34
8634,0,34
3180,0,34
5686,3,34
2260,3,34
5496,3,34
1991,3,34
1689,3,34
7592,3,34
3861,3,34
1713,3,34
9861,5,34
5292,5,34
4766,0,34
466,5,34
9793,5,34
7140,5,34
7550,5,34
934,5,34
239,0,34
6021,5,34
8088,5,34
4655,7,34
9279,7,34
3352,0,34
8903,7,34
510,7,34
4980,7,34
5303,7,34
2253,7,34
7379,7,34
5093,7,34
8438,7,34
6293,7,34
9326,7,34
8137,7,34
3434,7,34
9288,0,34
2196,7,34
4971,7,34
7305,7,34
1581,7,34
8159,7,34
3848,7,34
7679,7,34
6623,7,34
80,7,34
174,7,34
9108,7,34
3187,7,34
2069,7,34
8530,7,34
8002,7,34
8515,7,34
3034,7,34
9152,7,34
5714,7,34
2890,7,34
562,7,34
2913,7,35
2822,7,35
5155,0,35
4294,0,35
9860,0,35
8770,0,35
16,0,35
5663,0,35
7423,0,35
3571,0,35
2155,0,35
2648,0,35
8155,0,35
5348,0,35
9183,0,35
182,0,35
8122,0,35
1661,0,35
2776,0,35
1781,0,35
6692,0,35
4168,0,35
4443,0,35
2748,0,35
7532,0,35
3923,0,35
9146,0,35
6527,0,35
1589,0,35
5861,0,35
2764,0,35
9127,0,35
2444,0,35
4544,0,35
9524,0,35
9857,0,35
1067,0,35
2552,0,35
293,0,35
9501,0,35
7220,0,35
6532,0,35
7527,0,35
8948,0,35
3559,0,35
8667,0,35
4021,0,35
2032,0,35
7938,0,35
9776,0,35
4201,0,35
1926,0,35
5486,0,35
339,0,35
4315,0,35
6047,0,35
3252,0,35
5695,0,35
9907,0,35
7959,3,35
2089,3,35
8118,3,35
8999,0,35
1205,3,35
9282,3,35
5457,3,35
5317,3,35
263,3,35
9944,3,35
848,3,35
2134,3,35
3269,3,35
6880,5,35
6670,5,35
7093,5,35
2634,5,35
9010,5,35
1874,5,35
7399,5,35
6222,5,35
4770,5,35
6986,5,35
7865,5,35
6779,5,35
1179,5,35
9337,5,35
3806,7,35
4023,7,35
5635,7,35
5638,7,35
8952,7,35
1587,7,35
7925,7,35
2308,7,35
4577,7,35
92,7,35
9639,7,35
6051,7,35
173,7,35
5651,7,35
9768,7,35
9180,7,35
7298,7,35
7915,7,35
2239,7,35
4110,0,35
8250,7,36
1776,0,36
8806,0,36
5882,0,36
7315,0,36
9885,0,36
6655,0,36
8743,0,36
8612,0,36
1165,0,36
3270,0,36
7559,0,36
6844,0,36
8924,0,36
5035,0,36
9022,0,36
3614,0,36
1065,0,36
7697,0,36
6562,0,36
7149,0,36
120,0,36
7853,0,36
889,0,36
3527,0,36
417,0,36
1817,0,36
4320,0,36
5261,0,36
3577,0,36
4283,0,36
825,0,36
692,0,36
7706,0,36
5411,0,36
298,0,36
6050,0,36
6436,0,36
3121,0,36
5177,0,36
3391,0,36
3092,0,36
380,0,36
3302,0,36
1042,0,36
5359,0,36
5584,0,36
6935,0,36
5805,0,36
3322,0,36
7517,0,36
6552,0,36
647,0,36
227,3,36
4419,3,36
9433,3,36
6809,3,36
5347,5,36
1819,5,36
7401,5,36
9410,5,36
5322,5,36
3504,5,36
1996,5,36
3796,5,36
9783,5,36
3321,5,36
7021,5,36
5007,5,36
4446,7,36
4604,7,36
1377,7,36
9605,7,36
8201,7,36
5226,7,36
1553,7,36
6595,3,36
8929,7,36
6539,7,36
7862,7,36
2430,7,36
2252,7,36
1013,7,36
5353,7,36
9107,7,36
9018,7,36
3936,7,36
4298,7,36
4272,7,36
2887,7,36
4072,7,36
5771,3,36
3077,7,36
690,7,36
7992,7,36
6449,7,36
1508,8,37
2774,0,37
9063,0,37
3241,0,37
1509,0,37
9941,0,37
681,0,37
5997,0,37
4354,0,37
9322,0,37
4893,5,37
1897,0,37
9379,0,37
5996,0,37
8955,0,37
4462,0,37
317,0,37
9667,0,37
3402,0,37
819,0,37
2172,0,37
6184,0,37
1951,0,37
2961,0,37
1033,0,37
9787,0,37
9728,0,37
903,0,37
2662,0,37
3195,0,37
6969,0,37
753,0,37
197,0,37
2417,0,37
7119,0,37
712,5,37
9259,0,37
3365,0,37
1983,0,37
2808,0,37
8014,0,37
5024,0,37
7332,0,37
9932,0,37
391,0,37
1976,0,37
5181,0,37
9827,0,37
6213,0,37
6492,0,37
651,0,37
1825,0,37
3250,0,37
2058,0,37
5689,3,37
9077,3,37
7188,3,37
4518,3,37
6212,5,37
8956,5,37
3622,5,37
8860,5,37
2572,5,37
5627,5,37
3393,5,37
9929,5,37
2287,5,37
3447,7,37
2285,5,37
7541,7,37
3976,7,37
4463,7,37
5466,7,37
2030,7,37
200,5,37
683,7,37
974,7,37
4457,7,37
4555,7,37
5641,7,37
7347,7,37
1840,7,37
4156,7,37
6018,7,37
8368,7,37
2230,7,37
107,7,37
5650,7,37
9910,7,37
641,7,37
2925,7,37
4246,7,37
6602,7,37
3473,7,37
8177,7,37
7175,7,37
6130,7,37
3217,6,38
8203,0,38
3420,0,38
1360,0,38
2675,0,38
9663,0,38
4055,0,38
1275,0,38
93,0,38
2802,0,38
2649,7,38
3627,0,38
7492,0,38
8899,7,38
8528,0,38
3873,0,38
764,0,38
4846,0,38
6176,0,38
8105,0,38
9111,0,38
3967,0,38
8110,0,38
7404,0,38
6573,0,38
7054,0,38
8219,0,38
747,0,38
3641,0,38
5164,7,38
7397,0,38
1947,0,38
9671,0,38
3549,0,38
8081,0,38
8175,0,38
4004,0,38
1656,0,38
8344,0,38
2328,0,38
4379,0,38
7256,0,38
7824,0,38
2481,0,38
2971,0,38
2064,7,38
2225,0,38
5389,0,38
5918,0,38
5105,0,38
4,0,38
3530,0,38
4405,0,38
3452,0,38
8446,0,38
1244,0,38
1066,0,38
2316,0,38
1367,0,38
7273,0,38
3088,0,38
7417,0,38
9086,0,38
3408,0,38
8689,0,38
7063,7,38
2975,0,38
2181,0,38
6714,0,38
2173,0,38
6885,0,38
5718,0,38
3717,0,38
8009,0,38
9099,0,38
1443,0,38
6095,0,38
1489,0,38
6324,3,38
3435,3,38
329,3,38
5343,3,38
4647,3,38
1641,3,38
9739,3,38
5232,3,38
314,3,38
3439,3,38
6245,5,38
6785,5,38
44,5,38
9068,5,38
5146,5,38
7346,5,38
296,5,38
9013,5,38
6940,5,38
6854,5,38
4818,5,38
6710,5,38
3589,5,38
724,5,38
1523,7,38
1756,7,38
7798,7,38
9186,7,38
9870,7,38
4098,7,38
9942,7,38
5327,7,38
1070,7,38
525,7,38
8825,7,38
6210,7,38
6957,7,38
6524,7,38
7982,7,38
6777,7,38
9562,7,38
9252,7,38
2973,7,38
7426,7,38
652,7,38
7403,7,38
2379,7,38
3604,7,38
2213,7,38
5013,7,38
1392,7,38
1702,7,38
6323,7,38
2810,7,38
1979,0,38
4774,7,38
9949,7,38
9339,7,38
4808,7,38
7317,2,39
7802,1,39
11,7,39
1712,0,39
2992,0,39
5900,0,39
7519,0,39
6389,0,39
7055,0,39
7479,0,39
4375,0,39
5078,0,39
2168,0,39
1726,0,39
5194,0,39
9632,0,39
8437,0,39
6680,0,39
1833,0,39
6214,0,39
4146,0,39
6103,0,39
1732,0,39
8727,0,39
500,0,39
1982,0,39
1763,0,39
7533,0,39
9451,0,39
2203,0,39
2755,0,39
5792,0,39
4606,0,39
5203,0,39
199,0,39
3194,0,39
5199,0,39
8886,0,39
1800,0,39
523,0,39
58,0,39
3535,0,39
9193,0,39
8669,0,39
8676,0,39
9316,0,39
6448,0,39
9226,0,39
413,0,39
8075,0,39
6640,3,39
3582,3,39
5737,3,39
495,3,39
4521,3,39
7776,3,39
3739,3,39
7342,3,39
4990,3,39
8071,3,39
7731,3,39
4645,0,39
6086,3,39
7536,3,39
2057,3,39
5434,5,39
8892,5,39
6866,5,39
4890,5,39
9411,5,39
3678,5,39
9159,5,39
2739,5,39
9332,7,39
3397,7,39
4281,0,39
1857,7,39
4190,7,39
2820,7,39
164,7,39
9309,7,39
7412,7,39
4858,7,39
2180,7,39
8405,7,39
5880,7,39
9678,7,39
2435,7,39
4595,7,39
7238,7,39
5887,0,39
8719,7,39
669,7,39
6204,7,39
6418,7,39
1171,7,39
6016,7,39
5032,7,39
7808,7,39
5463,7,39
5391,0,39
7028,8,40
1216,0,40
6013,0,40
6378,0,40
6152,0,40
6774,0,40
9592,0,40
8046,0,40
5876,0,40
2303,0,40
6700,0,40
6605,0,40
8870,0,40
1688,0,40
2924,0,40
1251,0,40
2834,0,40
9371,0,40
2716,0,40
7431,0,40
8427,0,40
7427,0,40
35,0,40
2862,0,40
9134,0,40
987,0,40
709,0,40
4684,0,40
9854,0,40
1262,0,40
1415,0,40
7883,0,40
7180,0,40
4355,0,40
5772,0,40
4450,0,40
4910,0,40
2242,0,40
9147,0,40
4532,0,40
9511,0,40
3820,0,40
944,0,40
76,0,40
3969,0,40
8490,0,40
8058,0,40
6359,0,40
5145,0,40
5000,0,40
8202,0,40
8482,0,40
3051,0,40
7943,0,40
8766,0,40
6896,0,40
8598,0,40
9124,0,40
9966,0,40
7841,0,40
1114,3,40
8914,3,40
4053,3,40
2698,3,40
1317,3,40
4580,5,40
1001,5,40
7204,5,40
6987,5,40
1416,5,40
3730,5,40
913,5,40
103,7,40
985,7,40
3017,7,40
2785,7,40
5679,7,40
7430,7,40
1132,7,40
9900,7,40
4638,7,40
4721,7,40
9717,7,40
8243,7,40
5267,7,40
9347,7,40
8603,7,40
2619,7,40
5908,7,40
3918,7,40
7530,7,40
555,7,40
8651,7,40
7384,7,40
8894,7,40
5084,7,40
4492,7,40
7724,7,40
6931,7,40
5040,5,41
3215,5,41
4382,5,41
8709,3,41
6615,0,41
411,0,41
1694,0,41
1300,0,41
9231,0,41
9292,0,41
5412,0,41
714,0,41
1353,0,41
7327,0,41
3855,0,41
5732,0,41
5912,0,41
6056,0,41
3846,0,41
896,0,41
6019,0,41
5573,0,41
1068,0,41
6556,0,41
9847,0,41
7460,0,41
130,0,41
9947,0,41
1511,0,41
7715,0,41
5773,0,41
954,0,41
3713,0,41
4186,0,41
7554,0,41
1238,0,41
4834,0,41
4384,0,41
9197,0,41
3163,0,41
394,0,41
1814,0,41
7432,0,41
4810,0,41
316,0,41
8312,0,41
2299,0,41
7848,0,41
2016,0,41
3335,0,41
7064,0,41
8638,0,41
6709,0,41
7071,0,41
5939,0,41
3966,0,41
5340,0,41
9015,0,41
3115,0,41
4649,0,41
4265,0,41
5308,0,41
9342,0,41
5148,3,41
4967,3,41
7953,3,41
51,3,41
383,3,41
6822,0,41
5130,3,41
6366,3,41
7613,3,41
7448,3,41
3600,3,41
1177,3,41
8768,3,41
1828,3,41
8532,5,41
2638,5,41
9790,5,41
3773,5,41
8563,5,41
8289,0,41
2568,5,41
1452,0,41
7218,0,41
8144,5,41
8228,5,41
9536,5,41
578,5,41
1648,7,41
2336,7,41
236,7,41
8241,7,41
9007,7,41
9310,7,41
4312,7,41
9533,7,41
7705,7,41
8284,7,41
2214,7,41
6794,7,41
1113,7,41
8751,7,41
853,7,41
3607,7,41
7702,7,41
761,7,41
8840,7,41
4783,7,41
4959,7,41
5646,7,41
4759,7,41
204,7,41
6831,7,41
3510,7,41
9295,7,41
868,7,41
9987,7,41
1051,7,41
6735,7,41
7079,8,42
9519,2,42
3228,0,42
6629,0,42
677,0,42
1809,0,42
8814,0,42
3675,0,42
1126,0,42
6020,0,42
1283,0,42
3663,0,42
5726,0,42
6858,0,42
1612,0,42
4163,0,42
7380,0,42
3845,0,42
259,0,42
1281,0,42
1830,0,42
2412,0,42
7007,0,42
1219,0,42
3105,0,42
5540,0,42
7414,0,42
8176,0,42
3762,0,42
7871,0,42
8690,0,42
4313,0,42
7156,0,42
3081,0,42
6814,0,42
1854,0,42
7411,0,42
9215,0,42
365,0,42
4524,0,42
9832,0,42
5752,0,42
4621,0,42
3275,0,42
8688,0,42
6955,0,42
6478,0,42
9477,0,42
8497,0,42
2369,0,42
280,0,42
9117,0,42
4256,0,42
1943,0,42
787,0,42
1823,0,42
979,0,42
7253,0,42
3205,0,42
1021,0,42
7125,0,42
9427,0,42
6825,0,42
8786,0,42
350,0,42
636,0,42
3136,0,42
9508,0,42
9338,0,42
6273,0,42
6649,0,42
3138,0,42
4579,0,42
9149,0,42
3874,0,42
1766,0,42
6937,0,42
7696,0,42
424,0,42
6816,0,42
1686,3,42
8810,3,42
1235,3,42
9391,3,42
5288,3,42
937,3,42
1148,3,42
957,5,42
2389,5,42
830,5,42
5147,5,42
7172,5,42
5432,0,42
3630,5,42
8796,0,42
7751,5,42
828,7,42
3879,7,42
3179,0,42
7540,7,42
8548,7,42
2666,7,42
5842,7,42
1265,7,42
4633,7,42
8807,7,42
4003,7,42
2428,7,42
9250,7,42
8054,7,42
9930,7,42
5237,7,42
8529,7,42
2781,7,42
1189,7,42
1086,7,42
9381,7,42
8945,7,42
7041,7,42
723,7,42
347,0,43
5603,0,43
7708,0,43
8039,0,43
1438,0,43
5998,0,43
8843,0,43
399,0,43
6080,0,43
8696,0,43
8229,0,43
9500,0,43
2708,0,43
1458,0,43
2025,0,43
4674,0,43
7788,0,43
5952,0,43
9036,0,43
8666,0,43
1289,0,43
1217,0,43
3680,0,43
6904,0,43
5119,0,43
4225,0,43
2523,0,43
4490,0,43
5087,0,43
3746,0,43
1337,0,43
2955,0,43
8630,0,43
3518,0,43
3828,0,43
5410,0,43
96,0,43
3958,0,43
3412,0,43
6172,0,43
4529,0,43
832,0,43
3750,0,43
9599,0,43
4491,0,43
790,0,43
21,0,43
8273,0,43
1816,0,43
940,0,43
3337,0,43
1939,0,43
1245,0,43
2858,0,43
851,0,43
8763,0,43
7939,0,43
4745,0,43
9581,0,43
1492,0,43
7817,0,43
4856,0,43
7671,0,43
5342,3,43
4331,3,43
150,3,43
3561,3,43
4840,0,43
5503,3,43
2928,3,43
2240,3,43
7743,3,43
3260,3,43
9705,3,43
6246,3,43
2741,5,43
7351,5,43
3083,5,43
5766,5,43
9984,5,43
3384,7,43
715,7,43
7231,7,43
31,7,43
9012,7,43
1204,7,43
1560,7,43
3617,7,43
9487,7,43
9995,7,43
5782,7,43
3821,7,43
1365,7,43
4654,7,43
1597,0,43
2116,7,43
461,7,43
3993,7,43
3451,7,43
3926,7,43
7136,7,43
7641,7,43
2437,7,43
9953,7,43
6163,7,43
5788,7,43
5985,7,43
1935,7,43
8337,7,43
7675,0,44
7309,0,44
364,0,44
5696,0,44
8802,0,44
6724,0,44
7972,0,44
9729,0,44
5291,0,44
1964,0,44
5425,3,44
4137,0,44
1026,0,44
3616,0,44
4713,0,44
9302,0,44
3229,0,44
1374,0,44
8418,3,44
6111,0,44
884,0,44
2454,0,44
5139,0,44
618,0,44
168,0,44
9305,0,44
8301,0,44
6437,0,44
1629,0,44
6603,0,44
6791,0,44
4165,0,44
7058,0,44
5480,0,44
5699,0,44
7894,0,44
839,0,44
8841,0,44
1962,0,44
5025,0,44
9364,0,44
2249,0,44
7593,0,44
4175,0,44
3942,0,44
7636,0,44
8622,0,44
765,0,44
7968,0,44
9029,0,44
1352,0,44
2009,0,44
6052,0,44
1154,0,44
4968,0,44
3149,0,44
6104,0,44
8397,0,44
9268,0,44
4664,0,44
9555,3,44
6238,3,44
3416,3,44
376,3,44
4599,3,44
240,3,44
438,3,44
6963,3,44
2686,3,44
4397,3,44
3708,3,44
6498,5,44
1351,5,44
901,5,44
7391,5,44
2062,5,44
3183,5,44
6601,5,44
9479,5,44
7496,5,44
7961,5,44
7487,7,44
2725,7,44
2783,7,44
4742,7,44
1870,7,44
8677,7,44
6884,7,44
898,3,44
3488,7,44
1593,7,44
7729,7,44
4048,7,44
1331,7,44
1124,7,44
4499,7,44
167,7,44
583,7,44
6034,7,44
8209,7,44
7005,7,44
5467,7,44
2220,7,44
4979,7,44
5349,7,44
6596,7,44
2959,7,44
6516,7,44
3533,7,44
9360,7,44
4871,7,44
3097,7,44
6083,7,44
8731,7,44
1248,7,45
7714,7,45
203,7,45
9752,0,45
8602,0,45
7942,0,45
487,0,45
9336,0,45
1537,0,45
9566,0,45
823,0,45
5557,0,45
9809,0,45
4394,0,45
1128,0,45
2871,0,45
7670,0,45
1918,0,45
8699,0,45
5441,0,45
2228,0,45
7875,0,45
758,0,45
2786,0,45
5955,0,45
7906,0,45
2555,0,45
4498,0,45
6300,0,45
708,0,45
7217,0,45
7599,0,45
820,0,45
9812,0,45
1583,0,45
8761,0,45
8008,0,45
202,0,45
7645,0,45
6140,0,45
6319,0,45
9535,0,45
6189,0,45
9656,0,45
4060,0,45
6304,0,45
2273,0,45
7952,0,45
9396,0,45
5837,0,45
6570,0,45
1257,0,45
6975,0,45
9225,0,45
1571,0,45
9456,0,45
7750,0,45
897,0,45
201,0,45
2881,0,45
2353,0,45
3400,0,45
3511,0,45
4422,0,45
2994,0,45
4525,0,45
2207,0,45
2629,0,45
1521,3,45
100,3,45
7998,3,45
8456,3,45
5428,3,45
7233,3,45
3576,3,45
5681,3,45
2499,3,45
670,3,45
5481,3,45
2020,3,45
1607,3,45
6659,3,45
8984,5,45
5041,5,45
8220,5,45
465,5,45
2825,5,45
6965,5,45
3851,5,45
1750,5,45
7145,5,45
9095,7,45
9118,7,45
1645,7,45
7075,7,45
4470,7,45
4134,7,45
9482,7,45
7529,7,45
7197,7,45
3831,7,45
7061,7,45
4202,7,45
9623,7,45
4010,7,45
2615,7,45
8973,7,45
7842,7,45
3651,7,45
3354,7,45
9886,7,45
9708,7,45
9645,7,45
538,7,45
8003,7,45
5271,7,45
9770,7,45
7586,7,45
8197,7,45
4111,7,45
6808,7,45
2400,7,45
2945,7,45
4772,7,45
613,7,45
2852,5,46
9911,5,46
6936,5,46
4329,5,46
4923,0,46
6259,0,46
6731,0,46
7738,0,46
6299,0,46
8654,0,46
6442,0,46
2053,0,46
7392,0,46
3829,0,46
261,0,46
5552,0,46
2154,0,46
1368,0,46
9271,0,46
7277,0,46
470,0,46
9883,0,46
1901,0,46
2891,0,46
1638,0,46
5917,0,46
3963,0,46
3909,0,46
9754,0,46
9468,0,46
8579,0,46
8342,0,46
7001,0,46
2139,0,46
3943,0,46
8556,0,46
4047,0,46
4710,0,46
894,0,46
1971,0,46
7828,0,46
6634,0,46
5123,0,46
1818,0,46
4114,0,46
9485,0,46
1018,0,46
7928,0,46
2409,0,46
946,0,46
1480,0,46
7310,0,46
4981,0,46
3129,0,46
9676,0,46
634,0,46
9505,0,46
1858,0,46
7835,3,46
6281,0,46
5501,3,46
3886,3,46
8599,3,46
2911,3,46
7174,3,46
8531,3,46
6138,5,46
4763,5,46
7957,5,46
6376,5,46
6995,5,46
7371,5,46
8275,5,46
6720,5,46
5722,5,46
7084,5,46
9246,7,46
3898,7,46
4410,7,46
9370,7,46
8266,7,46
5283,7,46
3838,7,46
8601,7,46
166,7,46
4255,7,46
9194,7,46
9546,7,46
1316,7,46
9145,7,46
5339,7,46
1965,7,46
8119,7,46
7133,7,46
8413,7,46
5507,7,46
2261,7,46
8822,7,46
6062,7,46
1621,3,46
7482,7,46
4993,7,46
2671,0,47
3498,0,47
17,0,47
9167,5,47
5589,8,47
4296,0,47
9850,0,47
6835,0,47
8166,0,47
8313,0,47
4496,0,47
8758,0,47
6851,0,47
1187,0,47
2027,0,47
1848,0,47
6846,0,47
5506,0,47
3390,0,47
3016,0,47
1457,0,47
5676,0,47
4039,0,47
3564,0,47
4091,0,47
4142,0,47
9056,0,47
5361,0,47
2876,0,47
7407,0,47
9467,0,47
5392,0,47
5011,0,47
1475,0,47
6941,0,47
1775,0,47
3169,0,47
2990,0,47
4009,0,47
8610,0,47
695,0,47
9781,0,47
8901,0,47
5857,0,47
8891,0,47
3961,0,47
2600,0,47
7480,0,47
7264,0,47
6763,0,47
4913,0,47
7522,0,47
7185,0,47
8021,3,47
1928,0,47
9262,0,47
9333,0,47
1678,0,47
7646,3,47
9970,3,47
4376,3,47
2219,3,47
5074,3,47
4994,3,47
4794,3,47
9298,3,47
5483,3,47
1646,3,47
7845,3,47
9174,3,47
4972,3,47
2101,5,47
3774,5,47
2345,5,47
3555,5,47
9830,5,47
8902,5,47
5029,5,47
6633,7,47
2828,7,47
3073,7,47
7720,7,47
878,7,47
8474,7,47
9102,7,47
8257,7,47
9450,7,47
9828,7,47
1178,7,47
2793,7,47
2352,7,47
6420,7,47
9891,5,47
8587,7,47
355,7,47
3719,7,47
4486,7,47
6383,7,47
7745,7,47
3155,7,47
8112,7,47
9561,7,47
6291,7,47
9484,7,47
1832,7,47
7130,5,47
8633,7,47
789,7,47
8589,7,47
2191,7,47
7343,7,47
3378,7,48
9362,6,48
3200,0,48
4479,0,48
7784,0,48
8626,0,48
7250,0,48
5744,0,48
9080,0,48
5484,0,48
8678,0,48
6565,0,48
1330,0,48
1000,0,48
9574,0,48
7003,0,48
142,0,48
7135,0,48
3019,0,48
9050,0,48
2684,0,48
7967,0,48
2182,0,48
1700,0,48
1002,0,48
2988,0,48
7980,0,48
5495,0,48
5980,0,48
8726,5,48
9806,0,48
9408,0,48
8830,0,48
5936,0,48
4412,0,48
8325,0,48
7803,0,48
3512,0,48
1594,0,48
982,0,48
1375,0,48
4264,0,48
9542,0,48
4159,0,48
4861,0,48
7246,0,48
2517,0,48
450,0,48
3671,0,48
4593,3,48
4701,3,48
4882,3,48
9497,3,48
3610,3,48
9049,3,48
3,3,48
1182,5,48
6666,5,48
9528,5,48
8481,5,48
3883,5,48
7099,7,48
2884,7,48
6206,7,48
8990,7,48
6391,7,48
7143,7,48
6671,7,48
5305,7,48
2651,7,48
1008,7,48
8680,7,48
232,7,48
1685,7,48
4089,7,48
4002,7,48
2509,7,48
2766,7,48
1439,7,48
3725,7,48
5943,7,48
5911,7,48
3968,7,48
6554,7,48
5703,7,48
6038,7,48
242,7,48
7469,7,48
2048,7,48
6075,7,48
2286,7,48
1301,7,48
3862,0,49
9189,0,49
7243,0,49
5855,0,49
5784,0,49
5293,0,49
4978,0,49
2356,0,49
5414,0,49
9416,0,49
1708,0,49
4514,0,49
8074,0,49
2433,0,49
7893,5,49
5902,0,49
7248,5,49
5419,0,49
8809,0,49
5405,0,49
6597,0,49
5430,0,49
3383,0,49
9804,0,49
5275,0,49
9475,0,49
6054,0,49
1711,0,49
546,0,49
6620,0,49
7909,0,49
5341,0,49
2082,0,49
726,0,49
4720,0,49
644,0,49
6898,0,49
3657,0,49
8512,0,49
5378,0,49
3734,0,49
7035,0,49
2278,0,49
3531,0,49
3807,0,49
9270,0,49
5994,0,49
6187,0,49
5427,0,49
3027,0,49
1651,5,49
2839,0,49
9121,0,49
8151,0,49
2150,0,49
4505,0,49
2270,5,49
5320,5,49
5833,0,49
4896,0,49
6101,0,49
3903,0,49
7608,0,49
4812,0,49
2375,0,49
8787,0,49
8016,0,49
3411,0,49
6917,0,49
810,0,49
1640,3,49
9299,3,49
5336,3,49
7362,3,49
6932,3,49
1550,3,49
3668,3,49
9997,3,49
8343,3,49
8187,3,49
1815,5,49
8564,5,49
456,5,49
9762,5,49
4657,5,49
2641,5,49
5812,5,49
2042,5,49
6431,5,49
5523,5,49
7234,5,49
8965,5,49
1764,5,49
4140,7,49
1743,5,49
6362,5,49
2674,5,49
5416,7,49
7153,7,49
5668,7,49
1506,7,49
5365,7,49
9849,7,49
5950,7,49
951,7,49
9509,7,49
1548,7,49
1635,7,49
7795,7,49
2465,7,49
7489,7,49
1927,7,49
190,7,49
7147,7,49
4685,7,49
6249,7,49
9075,7,49
245,7,49
9239,7,49
5149,7,49
5756,7,49
2903,7,49
4238,7,49
3429,7,49
3638,7,49
3661,7,49
1286,7,49
6141,7,49
1081,7,49
1579,7,49
4927,7,49
7548,7,49
7203,7,49
8245,7,49
3461,4,50
3153,4,50
4123,0,50
63,0,50
1534,0,50
4339,0,50
1446,0,50
4824,0,50
5598,0,50
2844,0,50
6626,0,50
4495,7,50
4356,0,50
4361,0,50
8593,0,50
2294,0,50
2811,0,50
1470,0,50
9792,0,50
1357,0,50
590,0,50
664,0,50
4051,0,50
7814,0,50
3628,0,50
4458,0,50
1256,0,50
8282,0,50
4341,0,50
6058,0,50
7047,0,50
3946,0,50
8611,0,50
7113,0,50
7665,0,50
8195,0,50
8318,0,50
5707,0,50
5383,0,50
4389,0,50
9867,0,50
8722,0,50
9775,0,50
2729,0,50
6660,0,50
1358,0,50
8713,0,50
2464,0,50
4406,0,50
9219,0,50
2787,0,50
3184,0,50
3254,0,50
2494,3,50
8185,3,50
4115,3,50
1582,3,50
1793,3,50
3134,3,50
7691,5,50
8581,5,50
4028,5,50
7266,5,50
1601,5,50
6865,5,50
8496,5,50
2996,5,50
6946,5,50
9061,5,50
8045,7,50
5460,7,50
6145,7,50
7463,7,50
8623,7,50
4581,7,50
2767,7,50
7454,7,50
8460,7,50
3245,7,50
7833,7,50
3705,7,50
1103,7,50
2646,7,50
768,7,50
422,7,50
1491,7,50
1683,7,50
6543,7,50
8156,7,50
9469,7,50
8458,7,50
4653,7,50
2404,7,50
7874,7,50
2695,7,50
9327,7,50
3431,7,50
3917,7,50
3385,1,51
6168,7,51
4860,4,51
7356,0,51
8673,8,51
8605,1,51
1057,1,51
9492,1,51
5189,0,51
72,0,51
8111,0,51
8116,0,51
4027,0,51
5721,0,51
567,0,51
3784,0,51
9707,0,51
5617,0,51
7184,0,51
9520,0,51
3538,0,51
6488,0,51
653,0,51
1151,0,51
8641,0,51
2963,0,51
804,0,51
8467,0,51
6781,0,51
506,0,51
4006,0,51
6224,0,51
8006,0,51
6803,0,51
5170,0,51
257,7,51
9181,0,51
8922,0,51
8950,0,51
1782,0,51
2141,0,51
4960,0,51
3319,0,51
4547,0,51
2679,0,51
86,0,51
5169,0,51
8671,0,51
7101,0,51
9718,0,51
2514,0,51
7481,0,51
1896,0,51
515,0,51
2012,0,51
2245,0,51
6592,0,51
8076,0,51
2408,0,51
5615,0,51
8662,0,51
218,0,51
6674,3,51
221,3,51
9119,3,51
5083,3,51
8018,3,51
2330,7,51
869,3,51
3804,3,51
6232,3,51
6133,3,51
5289,3,51
5408,5,51
7981,5,51
6113,5,51
9083,5,51
1348,5,51
3078,5,51
3247,5,51
9255,5,51
4151,7,51
9975,7,51
2367,7,51
1436,7,51
8890,7,51
6338,7,51
6484,7,51
2109,7,51
5404,7,51
8495,7,51
4300,7,51
1665,7,51
3460,7,51
1249,7,51
3235,7,51
3023,7,51
2847,7,51
8359,7,51
8672,7,51
1805,7,51
8416,7,51
504,7,51
1565,7,51
3080,7,51
7780,8,52
7864,8,52
1724,5,52
586,1,52
2689,1,52
9317,0,52
8536,0,52
748,0,52
3331,0,52
563,0,52
5376,0,52
8488,0,52
9196,0,52
807,0,52
6793,0,52
1748,0,52
7229,0,52
7286,0,52
3625,0,52
4619,0,52
4352,7,52
4675,0,52
2084,0,52
6507,0,52
5352,0,52
6455,0,52
5849,0,52
7556,0,52
6061,0,52
9031,0,52
2921,0,52
8247,0,52
1045,0,52
7150,0,52
989,0,52
2821,0,52
914,0,52
6035,0,52
5522,0,52
9903,0,52
6426,0,52
414,0,52
7922,0,52
9625,0,52
988,0,52
6261,0,52
9745,0,52
9354,0,52
8323,0,52
8685,0,52
276,0,52
5185,0,52
8951,0,52
2478,0,52
2608,0,52
2283,0,52
3575,0,52
3398,0,52
9950,0,52
5204,0,52
5781,0,52
1791,0,52
9074,0,52
9757,0,52
7596,0,52
1695,0,52
3074,0,52
4711,0,52
8392,0,52
2939,0,52
675,0,52
8791,0,52
5505,0,52
3694,0,52
864,0,52
8960,0,52
8794,0,52
4351,0,52
2750,7,52
407,3,52
4044,3,52
4792,3,52
3581,3,52
2886,3,52
3871,3,52
9046,3,52
1064,3,52
4715,5,52
6712,5,52
4423,5,52
7940,5,52
7585,5,52
110,5,52
972,5,52
1994,5,52
2647,7,52
9153,7,52
2102,7,52
5630,7,52
1574,7,52
7340,7,52
5731,7,52
9478,7,52
4829,7,52
6568,7,52
6913,7,52
2338,7,52
3026,7,52
6346,7,52
7422,7,52
2502,7,52
7960,7,52
2935,7,52
5462,7,52
1422,7,52
1658,7,52
570,7,52
2047,7,52
4558,7,52
3044,7,52
6132,7,52
9521,7,52
8704,7,52
6908,7,52
3941,7,52
7984,7,52
1731,6,53
9434,0,53
4193,0,53
2551,0,53
3128,0,53
5129,0,53
1986,0,53
3759,0,53
6237,0,53
7929,0,53
3266,0,53
5451,0,53
3654,0,53
3516,0,53
3825,0,53
1959,0,53
2033,0,53
5670,0,53
1837,0,53
3478,0,53
6228,0,53
1166,0,53
2956,0,53
8871,0,53
4176,0,53
7313,7,53
8015,0,53
5168,0,53
5922,0,53
7325,0,53
6828,0,53
6024,0,53
5274,0,53
1302,0,53
6444,0,53
5550,0,53
7010,0,53
1977,0,53
9869,0,53
3788,0,53
5152,0,53
8760,0,53
7186,0,53
3664,0,53
447,0,53
1584,0,53
7210,0,53
693,0,53
344,0,53
8711,0,53
7447,0,53
661,0,53
8222,0,53
5131,0,53
5073,0,53
8411,0,53
545,0,53
7618,0,53
7682,0,53
6653,0,53
9263,0,53
255,0,53
2905,0,53
1397,0,53
8759,0,53
5564,0,53
2569,0,53
9216,0,53
7747,0,53
4853,0,53
9112,0,53
3040,0,53
313,0,53
7030,0,53
4085,0,53
1194,3,53
8073,3,53
3998,3,53
3469,3,53
3139,3,53
1252,0,53
6197,3,53
312,3,53
4143,3,53
7847,3,53
3244,3,53
1038,3,53
195,5,53
2250,5,53
114,5,53
9380,5,53
2942,5,53
1254,5,53
4032,5,53
3060,5,53
1116,7,53
9021,7,53
46,7,53
2889,7,53
5904,7,53
3819,0,53
3117,7,53
6326,7,53
8204,7,53
8824,7,53
7763,7,53
3921,7,53
4906,7,53
9133,7,53
8365,7,53
6845,7,53
8985,7,53
9662,7,53
7737,7,53
9473,7,53
3761,7,53
1941,7,53
1882,7,53
297,6,54
1139,0,54
188,0,54
4257,0,54
6826,0,54
7800,0,54
3895,0,54
1229,0,54
9432,0,54
7376,0,54
5639,0,54
9457,0,54
8491,0,54
4944,0,54
4696,0,54
3141,0,54
2362,0,54
4601,0,54
7983,0,54
3362,0,54
7296,0,54
1035,0,54
1082,0,54
4749,0,54
1213,0,54
2231,0,54
5903,0,54
8792,0,54
6365,0,54
9200,0,54
6387,0,54
6485,0,54
3551,0,54
4746,0,54
7287,0,54
658,0,54
2211,0,54
5888,0,54
1697,0,54
8500,0,54
7503,0,54
3897,0,54
5730,0,54
8271,0,54
7948,0,54
2382,0,54
1779,3,54
429,3,54
5933,3,54
9856,3,54
4641,3,54
4908,3,54
1413,3,54
6594,3,54
3696,3,54
984,5,54
5196,5,54
2984,5,54
9669,5,54
5796,5,54
5677,5,54
4005,5,54
1232,0,54
3995,7,54
6360,7,54
6691,7,54
1342,7,54
1578,7,54
2594,7,54
5409,7,54
3623,7,54
9164,7,54
7988,0,54
6370,7,54
2322,7,54
8311,0,54
6336,7,54
6027,7,54
320,7,54
306,7,54
3884,7,54
7127,0,54
6984,7,54
2467,7,54
7740,7,54
530,7,54
3495,7,54
620,7,54
7486,7,54
6379,7,54
1379,7,54
8317,7,54
6171,7,54
6048,7,54
1660,7,54
9040,7,54
6287,7,54
1131,0,55
3754,0,55
6892,0,55
3505,0,55
5979,0,55
7520,0,55
3842,0,55
7662,0,55
8561,0,55
8917,0,55
3640,0,55
6547,0,55
7570,0,55
3494,0,55
5250,0,55
4310,0,55
5783,0,55
8477,0,55
671,0,55
8631,0,55
8898,0,55
1851,0,55
3965,0,55
2667,0,55
7727,0,55
8328,0,55
5066,0,55
5438,0,55
4646,0,55
9070,0,55
6356,0,55
1758,0,55
7155,0,55
1894,0,55
5447,0,55
8385,0,55
8575,0,55
9638,0,55
8498,0,55
3539,0,55
2151,0,55
1074,0,55
1430,0,55
2431,0,55
1595,0,55
3265,0,55
1118,0,55
4008,0,55
3072,0,55
3514,0,55
6742,0,55
5587,0,55
7190,0,55
3301,0,55
5765,0,55
2200,0,55
1801,0,55
9160,0,55
7121,0,55
6939,0,55
5321,0,55
2206,0,55
4454,0,55
8390,0,55
9065,0,55
2142,0,55
3667,0,55
2189,3,55
2895,3,55
7443,3,55
4097,3,55
2390,3,55
7216,3,55
7139,3,55
5841,3,55
433,5,55
9510,5,55
6099,5,55
1625,5,55
6572,5,55
4014,5,55
3423,5,55
7949,5,55
829,5,55
8424,5,55
5388,5,55
6813,7,55
5565,7,55
8113,7,55
9290,7,55
4911,7,55
8835,7,55
3100,7,55
2143,7,55
8465,7,55
1400,7,55
3052,7,55
5691,7,55
1107,7,55
3826,7,55
7178,7,55
3932,7,55
1476,7,55
48,7,55
4461,7,55
2643,7,55
7368,7,55
1087,7,55
7109,7,55
9311,7,55
4679,7,55
1170,7,55
6754,7,55
4144,0,55
7348,7,55
7627,7,55
5494,0,55
4822,7,55
1059,7,55
6441,7,55
234,8,56
2605,0,56
1642,0,56
1089,0,56
7215,0,56
4378,0,56
6180,0,56
1052,0,56
268,0,56
3934,0,56
4836,0,56
7294,0,56
4575,0,56
6916,0,56
8523,0,56
4293,0,56
64,0,56
8977,0,56
3910,0,56
7732,0,56
7639,0,56
4726,0,56
8646,0,56
4231,0,56
7236,0,56
1720,0,56
1675,0,56
3947,0,56
1218,0,56
6198,0,56
379,0,56
2606,0,56
9314,0,56
6468,0,56
8274,0,56
8279,0,56
1077,0,56
2612,0,56
8084,0,56
4603,0,56
3071,0,56
9076,0,56
610,0,56
468,0,56
7370,0,56
7927,0,56
4982,0,56
50,0,56
9624,0,56
8115,3,56
1559,3,56
6646,3,56
7607,3,56
1404,3,56
5716,3,56
2125,3,56
9424,3,56
5825,3,56
49,3,56
8136,3,56
6641,3,56
8267,3,56
418,3,56
713,5,56
209,5,56
6973,5,56
5802,5,56
6553,5,56
8857,5,56
3869,5,56
4838,5,56
8450,5,56
5435,5,56
7839,7,56
4263,7,56
2584,7,56
4568,7,56
2631,7,56
5978,7,56
7695,7,56
945,0,56
707,7,56
6694,7,56
1725,7,56
8293,7,56
5006,7,56
4592,7,56
2918,7,56
2468,7,56
902,7,56
9483,7,56
9858,7,56
3199,7,56
9301,7,56
4537,7,56
9808,7,56
7752,7,56
8476,7,56
841,7,56
8618,7,56
7816,7,56
352,7,56
2314,7,56
1618,7,56
2132,7,56
5533,7,56
3030,7,56
8486,7,56
6327,7,56
5969,7,56
3443,7,56
796,0,56
7898,7,56
1813,7,56
8272,7,56
6775,6,57
5338,3,57
4157,0,57
2119,0,57
9131,0,57
9185,0,57
2296,0,57
6256,0,57
6859,0,57
7363,0,57
2827,0,57
9589,0,57
8007,0,57
6748,0,57
1339,0,57
4191,0,57
6490,0,57
3048,0,57
2000,0,57
8829,0,57
5961,0,57
4943,0,57
8001,0,57
9398,0,57
326,0,57
8926,0,57
4707,0,57
5895,0,57
3363,0,57
428,0,57
2190,0,57
2160,0,57
18,0,57
2118,0,57
2462,0,57
6368,0,57
7083,0,57
2152,0,57
7561,0,57
1040,0,57
8937,0,57
8033,0,57
1520,0,57
3635,0,57
6967,0,57
876,0,57
6456,0,57
127,0,57
4983,0,57
7117,0,57
6402,0,57
1614,0,57
1940,0,57
3850,0,57
4275,0,57
5329,0,57
5097,0,57
4210,0,57
6584,0,57
1649,0,57
6548,0,57
5247,0,57
1900,0,57
8487,0,57
7760,0,57
3361,0,57
2511,0,57
5133,0,57
2633,3,57
8188,3,57
5566,3,57
4573,3,57
3304,3,57
106,3,57
3259,3,57
8739,5,57
79,5,57
3606,5,57
5207,5,57
1156,5,57
4995,5,57
2591,5,57
9636,5,57
6857,7,57
4057,7,57
1228,7,57
7284,7,57
9044,7,57
6236,7,57
7408,7,57
5191,7,57
1916,7,57
6823,7,57
923,7,57
9312,7,57
9936,7,57
5634,7,57
7024,7,57
9800,7,57
9799,7,57
4876,7,57
5008,7,57
155,7,57
9055,7,57
3062,7,57
368,7,57
4854,7,57
36,7,57
3368,7,57
6721,7,57
5926,7,57
7039,7,57
1195,7,57
8757,7,57
8771,7,57
4919,8,58
4371,6,58
7868,0,58
4725,0,58
9375,0,58
1127,0,58
9005,0,58
2340,0,58
8621,0,58
3006,0,58
9016,0,58
4167,0,58
4224,0,58
3085,0,58
2037,0,58
3938,0,58
5023,0,58
4253,0,58
4147,0,58
6447,0,58
2008,0,58
710,0,58
6928,0,58
2868,0,58
5180,0,58
8783,0,58
7098,0,58
2232,0,58
5108,0,58
5489,0,58
2548,0,58
1050,0,58
3613,0,58
8884,0,58
668,0,58
3790,0,58
5789,0,58
9058,0,58
7235,0,58
559,0,58
9367,0,58
8091,0,58
9764,0,58
6817,0,58
6270,0,58
8377,0,58
7764,0,58
3104,0,58
9313,0,58
134,0,58
8740,0,58
4523,0,58
1273,0,58
685,0,58
8913,0,58
8299,0,58
5913,0,58
5982,0,58
5299,0,58
8543,0,58
5658,0,58
8591,0,58
8559,0,58
5092,0,58
5173,0,58
9547,0,58
5583,3,58
7694,3,58
2624,3,58
8457,3,58
225,3,58
6066,3,58
9906,3,58
8546,3,58
7168,3,58
6688,3,58
3326,3,58
9868,5,58
6307,5,58
4399,5,58
6308,5,58
7975,0,58
9544,5,58
5492,5,58
3230,7,58
9550,7,58
8851,7,58
4894,7,58
9024,7,58
6428,7,58
7852,7,58
8583,7,58
4425,7,58
6255,7,58
1206,7,58
324,7,58
9841,7,58
2166,7,58
214,7,58
7653,7,58
1221,7,58
815,7,58
906,7,58
2204,7,58
738,7,58
3542,7,58
1631,7,58
4899,7,58
2556,7,58
8207,7,58
1527,7,58
1203,7,58
3054,8,59
7271,7,59
7214,0,59
3201,0,59
4217,0,59
8208,0,59
3554,0,59
375,0,59
7692,0,59
1130,0,59
2483,0,59
6227,0,59
1757,0,59
663,0,59
1141,0,59
6451,0,59
8573,0,59
7378,0,59
3465,0,59
5197,0,59
521,0,59
2655,0,59
4363,0,59
3707,0,59
5386,0,59
9677,0,59
4666,0,59
1544,0,59
8991,0,59
8562,0,59
4311,0,59
2387,0,59
4070,0,59
2547,0,59
2236,0,59
5791,0,59
5043,0,59
4042,0,59
4385,0,59
6996,0,59
3364,0,59
3601,0,59
3038,0,59
1676,0,59
235,0,59
8462,0,59
1099,0,59
9390,0,59
8217,0,59
8703,0,59
4018,0,59
6773,0,59
8861,0,59
6523,0,59
3835,0,59
4139,0,59
929,0,59
1634,0,59
4413,0,59
369,0,59
7027,0,59
7484,0,59
5728,0,59
9972,0,59
8645,0,59
8157,0,59
4626,0,59
9004,0,59
7785,0,59
4545,0,59
5099,3,59
7068,3,59
4162,3,59
2797,3,59
1542,3,59
2542,3,59
7436,3,59
5633,3,59
7026,3,59
7345,3,59
3740,3,59
5657,3,59
2036,3,59
7531,5,59
3212,5,59
4161,5,59
1820,5,59
5790,5,59
5249,5,59
5600,5,59
3450,5,59
9308,5,59
5257,7,59
8234,7,59
1405,7,59
2932,7,59
6063,7,59
1094,7,59
3424,7,59
9081,7,59
8400,7,59
8817,7,59
8179,7,59
3347,7,59
3986,7,59
9640,7,59
8982,7,59
6970,7,59
7365,7,59
2936,7,59
7334,7,59
2669,7,59
9126,7,59
149,7,59
185,7,59
1664,7,59
4451,7,59
6309,7,59
8971,7,59
9227,7,59
754,7,59
5458,7,59
1284,7,59
5471,7,59
4381,7,59
9008,0,60
3208,0,60
1693,0,60
9960,0,60
302,0,60
2782,0,60
6127,0,60
7555,0,60
9191,0,60
1797,0,60
3350,0,60
6333,0,60
597,0,60
3358,0,60
6897,0,60
8741,0,60
283,0,60
4321,0,60
7160,0,60
3154,0,60
5072,0,60
1888,0,60
7681,0,60
7753,0,60
6042,0,60
1598,0,60
7319,0,60
3186,0,60
3316,0,60
4480,0,60
8615,0,60
9564,0,60
212,0,60
5357,0,60
1169,0,60
5602,0,60
5472,0,60
3227,0,60
3653,0,60
1955,0,60
9097,0,60
111,0,60
4549,0,60
3415,0,60
1908,0,60
2049,0,60
4431,0,60
1803,0,60
1609,0,60
8511,0,60
3922,0,60
478,0,60
8586,0,60
1220,0,60
5568,0,60
751,0,60
7699,0,60
8218,0,60
8868,0,60
8367,3,60
1343,3,60
7950,3,60
3216,3,60
6458,3,60
1030,3,60
5803,3,60
1917,3,60
9366,3,60
5754,3,60
1855,3,60
6199,3,60
5659,3,60
3380,3,60
4297,3,60
9349,5,60
9732,5,60
6081,5,60
156,5,60
4955,5,60
2790,5,60
3231,5,60
6007,5,60
648,5,60
2944,7,60
6375,7,60
2385,7,60
666,7,60
9898,7,60
2179,7,60
474,7,60
2883,7,60
70,0,60
8725,7,60
5371,7,60
8280,7,60
5016,7,60
8557,7,60
1501,7,60
2756,7,60
9493,7,60
1687,7,60
9173,0,60
2857,4,61
2060,7,61
7834,8,61
230,0,61
3685,0,61
5622,0,61
6065,0,61
3120,0,61
9597,0,61
8772,0,61
9884,0,61
6479,0,61
8387,0,61
598,0,61
1933,0,61
403,0,61
739,0,61
512,0,61
9866,0,61
2295,0,61
7904,0,61
5742,0,61
2850,0,61
6619,0,61
8795,0,61
1973,0,61
1044,0,61
9072,0,61
7611,0,61
4922,0,61
3747,0,61
2254,0,61
6948,0,61
2947,0,61
9948,0,61
8281,0,61
667,0,61
3470,0,61
9319,0,61
7672,0,61
3240,0,61
2381,0,61
7451,0,61
9517,0,61
9882,0,61
9283,0,61
2610,0,61
8224,0,61
9578,0,61
1015,0,61
2177,0,61
3822,0,61
5751,0,61
4637,0,61
5499,0,61
9565,0,61
5081,0,61
7944,0,61
4728,0,61
238,0,61
8371,0,61
8804,0,61
1282,3,61
5297,3,61
7710,3,61
3090,3,61
1738,3,61
8309,3,61
1083,3,61
6686,5,61
6144,5,61
2570,5,61
5610,5,61
2222,5,61
8472,5,61
5906,5,61
7032,5,61
1585,5,61
7775,0,61
2425,5,61
2034,5,61
9596,5,61
1359,5,61
9082,5,61
2065,7,61
3545,7,61
5046,7,61
5746,7,61
5061,7,61
7438,7,61
83,7,61
9865,7,61
9494,7,61
5175,7,61
6632,7,61
2567,7,61
6167,7,61
554,7,61
573,7,61
9324,7,61
1258,7,61
757,7,61
6183,7,61
9098,7,61
9664,7,61
9928,7,61
4556,7,61
9983,7,61
7837,7,61
5187,7,61
6672,7,61
5345,7,61
129,7,61
2076,7,61
7877,7,61
5538,7,61
8086,7,61
2074,7,61
1241,7,61
1885,7,61
4061,4,62
4360,7,62
1471,0,62
3387,0,62
1945,0,62
7255,0,62
5891,0,62
7011,0,62
8873,0,62
8520,0,62
3594,0,62
560,0,62
9553,0,62
1549,0,62
8042,0,62
6194,0,62
1611,0,62
6804,0,62
1016,0,62
250,0,62
980,0,62
3484,0,62
208,0,62
4107,0,62
6480,0,62
9461,0,62
9926,0,62
6815,0,62
2446,0,62
9971,0,62
26,0,62
9340,0,62
5325,0,62
8778,0,62
8360,0,62
8866,0,62
108,0,62
7977,0,62
6332,0,62
4885,0,62
9821,0,62
856,0,62
4948,0,62
1992,0,62
6535,0,62
7666,0,62
6217,0,62
2097,0,62
7511,0,62
5082,0,62
6704,0,62
3377,0,62
9954,0,62
7192,0,62
9634,0,62
2759,3,62
5021,3,62
7301,3,62
4734,3,62
8346,3,62
822,3,62
4235,3,62
1207,3,62
1393,0,62
7818,3,62
6493,3,62
1536,3,62
3246,3,62
7194,3,62
646,3,62
7364,5,62
7488,5,62
6120,5,62
6820,5,62
1069,5,62
3858,5,62
9876,5,62
8251,5,62
2815,5,62
8043,5,62
3458,5,62
6165,7,62
1762,7,62
7355,7,62
7474,7,62
3893,7,62
5502,7,62
4017,7,62
9415,7,62
691,7,62
5311,7,62
4789,7,62
4665,7,62
7678,7,62
7722,7,62
4380,7,62
7023,7,62
4623,6,63
33,3,63
2438,0,63
8879,0,63
419,0,63
4502,0,63
6305,0,63
484,0,63
2538,0,63
7857,0,63
8276,0,63
4440,0,63
2169,0,63
7754,0,63
6352,0,63
6771,0,63
623,0,63
9892,0,63
5590,0,63
6340,0,63
158,0,63
4903,0,63
6855,0,63
9245,0,63
2726,0,63
9272,0,63
8769,0,63
7704,0,63
7945,0,63
7439,0,63
6423,0,63
2185,0,63
4901,0,63
7187,0,63
7954,0,63
5259,0,63
6417,0,63
5829,0,63
3334,0,63
270,0,63
6394,0,63
3114,0,63
9921,0,63
6952,0,63
5453,0,63
7179,0,63
8815,0,63
2233,0,63
2865,0,63
8780,0,63
7237,0,63
7739,0,63
9531,0,63
1930,0,63
2724,0,63
1191,0,63
8888,0,63
2256,0,63
3357,0,63
3767,0,63
2264,0,63
2856,0,63
3840,0,63
231,0,63
5539,0,63
4610,3,63
3866,3,63
9622,3,63
9763,3,63
4414,3,63
3766,3,63
2562,3,63
5532,0,63
1176,5,63
8707,5,63
5711,5,63
6241,5,63
6906,5,63
593,5,63
4485,0,63
7935,0,63
2284,5,63
4113,7,63
8816,7,63
8576,7,63
7096,7,63
1144,7,63
1691,7,63
2668,7,63
4889,7,63
2639,7,63
9575,7,63
9779,7,63
1313,7,63
8691,7,63
4204,7,63
5808,7,63
7797,7,63
9819,7,63
9747,7,63
9700,7,63
4323,7,63
584,0,63
6537,7,63
2616,7,63
5110,7,63
2201,7,63
8867,7,63
3802,7,63
604,7,63
9716,7,63
3486,7,63
9363,7,63
5599,7,63
3817,7,63
5692,7,63
6244,7,63
4695,7,63
2146,7,63
1246,7,63
679,0,63
5269,8,64
8910,8,64
2070,7,64
9053,6,64
1134,8,64
3983,0,64
824,0,64
8,0,64
6540,0,64
2238,0,64
360,0,64
2209,0,64
2601,0,64
1449,0,64
705,0,64
742,0,64
981,0,64
3124,0,64
2898,0,64
3870,0,64
3274,0,64
8063,0,64
6310,0,64
1267,0,64
281,0,64
7048,0,64
95,0,64
5644,0,64
6832,0,64
8606,0,64
5120,0,64
9142,0,64
1999,0,64
4731,0,64
9489,0,64
5055,0,64
3067,0,64
711,0,64
2677,0,64
5764,0,64
7766,0,64
9653,0,64
6772,0,64
1036,0,64
5038,0,64
8958,0,64
3396,0,64
9572,0,64
3839,0,64
9436,0,64
9836,0,64
595,0,64
445,0,64
2410,0,64
3679,0,64
5793,0,64
4533,0,64
9642,0,64
8664,0,64
770,0,64
4038,0,64
1184,0,64
3924,0,64
4325,0,64
8686,0,64
2041,0,64
2899,3,64
5387,3,64
2837,3,64
3532,3,64
5995,3,64
4835,3,64
5815,3,64
4865,3,64
157,3,64
8011,3,64
4282,5,64
4953,5,64
2354,5,64
243,5,64
9104,5,64
8452,0,64
8258,5,64
9964,5,64
1108,5,64
9590,7,64
5559,7,64
3937,7,64
2019,7,64
9615,7,64
4852,7,64
5648,7,64
5665,7,64
5890,7,64
7465,7,64
1043,7,64
4373,0,64
8391,7,64
6741,7,64
2917,7,64
2904,7,64
4570,7,64
6767,7,64
7583,7,64
7572,7,64
6076,7,64
2393,0,64
8425,7,64
5664,7,64
9054,7,64
5113,7,64
374,7,64
9736,7,64
6196,7,64
1905,7,64
8379,7,64
8959,7,64
8930,7,64
9000,7,64
9924,7,64
4116,7,64
9236,7,64
5898,7,65
3693,6,65
8304,4,65
9224,0,65
1503,0,65
5601,0,65
9481,0,65
5575,0,65
9816,0,65
3878,0,65
6105,0,65
639,0,65
6938,0,65
6545,0,65
9689,0,65
180,0,65
7134,0,65
3453,0,65
6624,0,65
4133,0,65
5799,0,65
3669,0,65
5768,0,65
8068,0,65
4935,0,65
5266,0,65
2747,0,65
8037,0,65
3050,0,65
3213,0,65
5369,0,65
4181,0,65
139,0,65
8249,0,65
915,0,65
4790,0,65
817,0,65
9834,0,65
5571,0,65
1990,0,65
4267,0,65
3994,0,65
2604,0,65
2946,0,65
1836,0,65
5973,0,65
6530,0,65
4404,0,65
734,0,65
9956,0,65
4079,0,65
2721,0,65
9444,0,65
8492,0,65
7389,0,65
8056,0,65
6147,0,65
6520,0,65
8252,0,65
6060,0,65
4672,0,65
1428,0,65
840,0,65
5090,0,65
9207,0,65
3131,0,65
3865,3,65
8013,3,65
28,3,65
4508,3,65
4884,3,65
5586,3,65
9351,3,65
2371,3,65
5991,3,65
9486,0,65
5804,5,65
2090,5,65
2442,5,65
7433,5,65
7405,5,65
8569,5,65
2553,5,65
7274,5,65
9840,5,65
7902,5,65
5934,5,65
9437,5,65
6097,7,65
3904,7,65
891,7,65
4012,7,65
2754,7,65
9797,7,65
2083,7,65
1504,7,65
9679,7,65
3436,7,65
8882,7,65
7008,7,65
8516,7,65
5576,7,65
6190,7,65
8373,7,65
2212,0,65
1698,7,65
1770,7,65
3525,7,65
9702,7,65
608,7,65
4543,7,65
7258,7,65
1199,7,65
9211,7,65
2954,7,65
9750,7,65
9912,7,65
2497,7,65
25,7,65
7676,7,65
3392,7,65
5683,7,65
1985,7,65
4642,7,65
4951,7,65
9060,7,65
6358,7,65
3234,6,66
4035,3,66
9917,6,66
2590,0,66
5555,0,66
2712,0,66
7036,0,66
2103,0,66
118,0,66
1551,0,66
94,0,66
9872,0,66
6920,0,66
3944,0,66
8850,0,66
5712,0,66
8697,0,66
6177,0,66
5473,0,66
3830,0,66
835,0,66
3211,0,66
1463,0,66
458,0,66
3317,0,66
3223,0,66
2965,0,66
6382,0,66
3165,0,66
9170,0,66
2611,0,66
3009,0,66
6587,0,66
4287,0,66
8732,0,66
1287,0,66
5049,0,66
9811,0,66
6875,0,66
29,0,66
922,0,66
4969,0,66
7854,0,66
8409,0,66
6762,0,66
6907,0,66
2085,0,66
1088,0,66
5296,0,66
381,0,66
247,0,66
958,0,66
4764,0,66
1780,0,66
927,0,66
5344,0,66
5824,3,66
9184,3,66
4087,3,66
1787,3,66
7844,3,66
1466,3,66
177,3,66
4572,3,66
8887,3,66
2598,3,66
6515,3,66
9447,3,66
2193,3,66
8412,0,66
9129,3,66
3445,5,66
7838,5,66
7577,5,66
911,5,66
4811,5,66
2613,5,66
6112,5,66
9100,5,66
3233,5,66
7987,5,66
6797,5,66
1180,7,66
7330,7,66
2620,7,66
4844,7,66
4433,7,66
9635,7,66
8259,7,66
9048,7,66
7213,7,66
8277,7,66
2158,7,66
8092,7,66
3985,7,66
5228,7,66
2882,7,66
1859,7,66
8974,3,66
4551,7,66
7163,7,66
3812,7,66
7050,7,66
9522,7,66
7396,7,66
8854,7,66
5176,7,66
6983,7,66
938,7,66
1528,7,66
2006,7,66
2066,7,66
9989,7,66
6301,0,67
2970,0,67
4345,0,67
7566,0,67
9357,0,67
744,0,67
6462,0,67
1856,3,67
9617,0,67
3108,0,67
1569,0,67
2678,0,67
4992,0,67
6862,0,67
8636,0,67
4629,0,67
9977,0,67
8617,0,67
9395,0,67
8629,0,67
8784,0,67
1963,0,67
9213,0,67
4460,0,67
2406,0,67
9815,0,67
2424,0,67
9423,0,67
5002,0,67
305,0,67
1535,0,67
6314,0,67
4760,3,67
2486,0,67
7896,0,67
9136,0,67
2122,0,67
8701,0,67
6010,0,67
5608,0,67
9135,0,67
3430,0,67
6499,0,67
9243,0,67
7825,0,67
8372,0,67
2772,3,67
1709,3,67
7937,3,67
5264,3,67
6985,3,67
3008,3,67
1456,3,67
9369,3,67
649,3,67
8327,3,67
4173,3,67
9307,3,67
1494,3,67
7735,3,67
7416,3,67
1329,3,67
2908,5,67
2262,5,67
8976,5,67
7979,5,67
1639,5,67
9813,5,67
4709,5,67
3140,5,67
1728,5,67
3723,5,67
4828,5,67
9839,7,67
3815,7,67
9914,7,67
1988,3,67
8142,7,67
7819,7,67
2335,7,67
7594,7,67
721,7,67
3351,7,67
4820,7,67
5355,7,67
6409,7,67
6824,7,67
6186,7,67
4343,3,67
3742,7,67
3760,7,67
7022,7,67
7910,7,67
4350,7,67
8060,7,67
9334,7,67
812,7,67
2099,7,67
6312,7,67
1109,7,67
950,7,67
5401,7,67
6413,7,67
5652,7,67
9952,7,67
112,7,67
1860,7,67
7323,7,67
9693,7,67
2683,7,67
1570,7,67
2879,7,67
843,1,68
3764,4,68
486,4,68
7769,0,68
6450,0,68
4483,0,68
4152,0,68
3907,0,68
5770,0,68
2263,0,68
5033,0,68
8755,0,68
5268,0,68
7914,0,68
1078,0,68
8225,0,68
3964,0,68
6118,0,68
7421,0,68
8897,0,68
216,0,68
22,0,68
9682,0,68
6349,0,68
6463,0,68
968,0,68
606,0,68
3457,0,68
2470,0,68
196,0,68
1653,0,68
6944,0,68
8895,0,68
5972,0,68
7279,0,68
2573,0,68
5929,0,68
3190,0,68
1755,0,68
5161,0,68
5970,0,68
7275,0,68
1824,0,68
5497,0,68
3573,5,68
7452,0,68
8107,0,68
3056,0,68
4531,0,68
8692,0,68
9293,0,68
9103,0,68
9414,0,68
4624,0,68
8745,0,68
7322,0,68
3584,0,68
9719,0,68
4221,0,68
6094,0,68
9041,0,68
6502,0,68
5800,0,68
616,0,68
1998,0,68
1168,0,68
9927,0,68
7768,0,68
2910,0,68
5241,0,68
6045,0,68
5795,0,68
5723,0,68
105,3,68
6055,3,68
6840,3,68
1319,3,68
4304,3,68
7640,3,68
1259,3,68
2498,3,68
3151,3,68
5282,3,68
3249,3,68
4662,3,68
5910,3,68
9760,5,68
7693,5,68
9730,5,68
5309,5,68
5580,5,68
6073,5,68
3315,5,68
3929,5,68
4398,5,68
2475,5,68
9751,5,68
7513,5,68
2293,5,68
4171,5,68
1055,7,68
8263,7,68
4895,7,68
5729,7,68
2665,7,68
6363,7,68
1568,7,68
6685,7,68
4904,7,68
999,7,68
4793,7,68
7971,7,68
2520,7,68
892,7,68
1546,7,68
6134,7,68
8146,7,68
6233,7,68
1795,7,68
5945,7,68
496,7,68
932,7,68
991,7,68
9588,5,68
2659,7,68
3004,7,68
9025,7,68
941,7,68
4240,7,68
7542,7,68
8232,7,68
7300,7,68
3837,1,69
7634,8,69
3475,4,69
9182,0,69
5400,0,69
6974,0,69
3403,0,69
4973,0,69
2537,0,69
6461,0,69
5551,0,69
3596,0,69
1922,0,69
2964,0,69
6011,0,69
5613,0,69
7107,0,69
3479,0,69
5295,0,69
5942,0,69
3126,0,69
253,0,69
1654,0,69
7700,0,69
333,0,69
6371,0,69
870,0,69
2363,0,69
3863,0,69
2275,0,69
8442,0,69
2480,0,69
8104,0,69
791,0,69
8470,0,69
6248,0,69
3794,0,69
4831,0,69
881,0,69
66,0,69
9341,0,69
9712,0,69
3915,0,69
2148,0,69
6830,0,69
759,0,69
4020,0,69
1482,0,69
6235,0,69
1522,0,69
9177,0,69
6149,0,69
7501,0,69
7604,0,69
1500,0,69
5776,0,69
2577,0,69
8747,0,69
318,0,69
1117,0,69
4493,0,69
6179,0,69
2768,0,69
5892,0,69
8793,0,69
733,0,69
4043,0,69
8114,0,69
5137,0,69
5529,3,69
4991,3,69
2728,3,69
5358,3,69
7539,3,69
2966,3,69
8728,5,69
9713,5,69
5106,5,69
6625,5,69
7771,5,69
2268,5,69
917,5,69
4497,5,69
9208,5,69
722,5,69
2091,5,69
6877,5,69
9419,5,69
2024,5,69
336,5,69
657,7,69
4124,7,69
3084,7,69
8647,7,69
905,7,69
5863,7,69
2962,7,69
7092,7,69
1690,7,69
4539,7,69
572,7,69
1667,7,69
2137,7,69
2127,7,69
416,7,69
8687,7,69
6607,7,69
2940,7,69
6159,7,69
3119,7,69
3778,7,69
6656,7,69
7719,7,69
3330,7,69
4661,7,69
432,7,69
269,7,69
1812,7,69
4383,7,69
5865,7,69
2635,8,70
4917,4,70
579,0,70
7052,7,70
3852,7,70
475,0,70
1338,0,70
7393,0,70
2902,0,70
4500,0,70
1011,0,70
7120,0,70
2357,0,70
990,0,70
9549,0,70
2282,0,70
1516,0,70
1525,0,70
834,0,70
5190,0,70
124,0,70
3226,0,70
3281,0,70
9266,0,70
3700,0,70
9556,0,70
7663,0,70
1846,0,70
4729,0,70
6110,0,70
1371,0,70
6888,0,70
4561,0,70
6161,0,70
3727,0,70
7,0,70
3068,0,70
5885,0,70
1746,0,70
4117,0,70
5798,0,70
9976,0,70
4388,0,70
9846,0,70
1957,0,70
265,0,70
3375,0,70
786,0,70
3984,0,70
8493,0,70
1966,0,70
6997,0,70
531,0,70
7502,0,70
1942,0,70
6919,0,70
5541,0,70
7449,5,70
776,0,70
9668,0,70
3232,0,70
3718,0,70
2866,0,70
3919,0,70
3094,0,70
703,0,70
7191,0,70
2001,0,70
7013,3,70
5561,3,70
7621,3,70
8052,3,70
9753,7,70
397,7,70
8961,5,70
8736,5,70
4251,5,70
8022,5,70
6650,5,70
4761,5,70
2987,5,70
4816,5,70
356,5,70
3329,7,70
4196,7,70
9157,7,70
1185,7,70
9554,7,70
6863,7,70
9470,7,70
1769,7,70
7441,7,70
7576,7,70
2840,7,70
1323,7,70
3558,7,70
3441,7,70
1802,7,70
4515,7,70
1531,7,70
2496,7,70
5254,7,70
3037,7,70
4519,7,70
3182,7,70
6526,7,70
2147,7,70
1735,7,70
5334,6,71
3069,7,71
662,0,71
2931,0,71
3955,0,71
5649,0,71
1717,7,71
395,0,71
9833,0,71
6464,0,71
2056,0,71
8383,0,71
8407,0,71
9637,0,71
7154,0,71
912,0,71
9218,0,71
4819,0,71
8694,0,71
1886,0,71
3800,0,71
3157,0,71
9988,0,71
2321,0,71
9403,0,71
8260,0,71
7801,0,71
2175,0,71
9576,0,71
3913,0,71
6419,0,71
3894,0,71
3432,0,71
207,0,71
7074,0,71
7372,7,71
967,0,71
9372,0,71
1843,0,71
6321,0,71
769,0,71
7328,0,71
3238,0,71
8141,0,71
9981,0,71
4250,0,71
7205,0,71
9538,0,71
2471,0,71
5725,0,71
1852,0,71
6980,7,71
2632,0,71
3541,0,71
8355,0,71
1321,0,71
7157,0,71
8223,0,71
5413,3,71
7932,3,71
4239,3,71
3687,3,71
3143,3,71
1285,3,71
7182,3,71
5166,3,71
2309,3,71
5474,3,71
6369,3,71
3243,3,71
778,5,71
4489,5,71
772,5,71
2702,5,71
6030,5,71
1627,5,71
3489,5,71
6538,5,71
6085,7,71
9047,7,71
6977,7,71
4526,7,71
4538,7,71
5200,7,71
1518,7,71
8979,7,71
9735,7,71
5698,7,71
9267,7,71
8336,7,71
24,7,71
8862,7,71
7151,7,71
3107,7,71
9979,7,71
8287,7,71
5519,7,71
827,7,71
5706,7,71
6733,7,71
8165,0,72
9992,4,72
8904,3,72
3887,0,72
3497,0,72
5629,0,72
4548,0,72
9939,0,72
2952,0,72
6408,0,72
2477,0,72
6053,0,72
3733,0,72
161,0,72
151,0,72
5143,0,72
1921,7,72
15,0,72
5556,0,72
2770,0,72
3015,0,72
9158,0,72
7673,7,72
7164,0,72
3127,0,72
7515,0,72
5210,0,72
4368,0,72
1934,0,72
955,0,72
4574,0,72
6999,0,72
4197,0,72
3204,0,72
9756,0,72
3814,0,72
288,0,72
1771,0,72
7382,0,72
3528,0,72
6982,0,72
171,0,72
3345,0,72
3591,0,72
5094,0,72
8173,0,72
4676,0,72
6612,0,72
886,0,72
9116,0,72
3116,0,72
9378,0,72
5596,0,72
9796,0,72
2900,0,72
2484,0,72
5273,0,72
1046,0,72
4554,0,72
8834,0,72
3859,0,72
526,3,72
2427,3,72
1831,3,72
3225,3,72
7815,3,72
8055,3,72
9630,3,72
5838,3,72
5660,3,72
847,3,72
345,5,72
1264,5,72
5071,5,72
6046,5,72
4436,5,72
1643,5,72
9195,5,72
2848,5,72
777,5,72
2892,5,72
6193,7,72
952,7,72
5363,7,72
3633,7,72
3188,7,72
9162,7,72
3082,7,72
2098,7,72
9442,7,72
1111,7,72
20,7,72
5127,7,72
9222,7,72
5735,7,72
5775,7,72
1255,7,72
5743,7,72
7189,7,72
3797,7,72
9852,7,72
798,7,72
8432,7,72
2761,7,72
3011,7,72
7615,7,72
4095,7,72
9169,7,72
6827,0,73
8212,6,73
3972,3,73
568,7,73
8909,4,73
539,0,73
7571,0,73
5331,0,73
548,0,73
262,0,73
3091,0,73
5372,0,73
2073,0,73
2699,0,73
5469,0,73
6260,0,73
2402,0,73
5124,0,73
5546,0,73
2339,0,73
5734,0,73
7260,0,73
3376,0,73
7631,0,73
3279,0,73
192,0,73
2351,7,73
3122,0,73
4769,0,73
9452,0,73
7506,0,73
4875,0,73
676,0,73
7856,0,73
4322,0,73
3446,0,73
4400,0,73
1137,0,73
1696,0,73
4000,0,73
1270,0,73
3399,0,73
2661,0,73
717,0,73
282,0,73
1110,0,73
1862,0,73
8506,0,73
9234,0,73
1261,0,73
7698,0,73
8762,0,73
2527,0,73
7669,0,73
9935,0,73
4546,0,73
574,0,73
3394,0,73
3645,0,73
8306,0,73
4432,0,73
8724,0,73
2378,0,73
4565,3,73
6972,3,73
8776,3,73
576,3,73
6435,3,73
1487,3,73
8582,3,73
7367,3,73
1657,3,73
8410,3,73
9551,3,73
2269,3,73
8943,3,73
2579,3,73
3219,3,73
6388,3,73
99,3,73
1090,5,73
169,5,73
4482,5,73
7931,5,73
5475,5,73
1411,5,73
2614,5,73
7290,5,73
960,5,73
2735,5,73
1174,5,73
3785,7,73
5684,7,73
6311,7,73
371,7,73
6397,7,73
4703,7,73
3102,7,73
9612,7,73
8131,7,73
2888,7,73
6728,7,73
8939,7,73
6472,7,73
2869,7,73
8900,7,73
3854,7,73
6279,7,73
5034,7,73
390,7,73
2705,7,73
1210,7,73
211,7,73
9237,7,73
8872,7,73
1532,7,73
4034,8,74
9571,0,74
5263,3,74
3314,6,74
287,0,74
2733,0,74
5818,0,74
9990,0,74
8331,0,74
8842,0,74
5445,0,74
7528,0,74
1873,0,74
2448,0,74
9585,0,74
6137,0,74
5201,0,74
8419,0,74
7472,0,74
7018,0,74
7504,0,74
5138,0,74
8995,0,74
9684,0,74
3927,0,74
8255,0,74
2722,0,74
7649,7,74
7265,0,74
9515,0,74
1307,0,74
9766,0,74
4416,0,74
2773,0,74
9675,0,74
7936,0,74
1788,0,74
9897,0,74
9,0,74
871,0,74
3271,0,74
7899,0,74
6682,0,74
1669,0,74
8789,0,74
5521,0,74
5513,0,74
8746,0,74
8215,0,74
6089,0,74
6470,0,74
5351,0,74
1084,0,74
6715,0,74
8628,0,74
7111,7,74
3410,0,74
775,0,74
9238,0,74
4301,0,74
7470,0,74
8298,0,74
5,3,74
6697,3,74
1716,3,74
6639,3,74
5869,3,74
2500,3,74
477,3,74
1761,3,74
9557,3,74
4101,3,74
4780,3,74
4582,3,74
6126,3,74
4266,3,74
3500,5,74
4456,5,74
5620,5,74
9443,5,74
5928,5,74
966,5,74
6947,5,74
3041,5,74
8660,5,74
6800,5,74
1222,5,74
9652,5,74
138,5,74
6608,7,74
1619,7,74
5440,7,74
953,7,74
9241,7,74
3053,7,74
5424,7,74
1230,7,74
2237,7,74
729,7,74
2700,7,74
7905,7,74
1952,7,74
7843,7,74
9628,7,74
4851,7,74
3544,7,74
3901,7,74
2003,7,74
1019,7,74
4683,7,74
4869,7,74
9777,7,74
3482,7,74
8439,7,74
481,7,74
9631,7,74
307,7,75
1355,7,75
5594,3,75
1427,6,75
258,0,75
7655,0,75
2495,0,75
4244,0,75
8566,0,75
3659,0,75
3158,0,75
2696,0,75
3580,0,75
6550,0,75
6801,0,75
6681,0,75
6202,0,75
1435,0,75
3159,0,75
8864,0,75
682,0,75
638,0,75
4562,0,75
1529,0,75
1465,0,75
1904,0,75
5749,0,75
6276,0,75
9772,0,75
7553,0,75
696,0,75
9114,0,75
7526,0,75
2274,0,75
8734,0,75
4292,0,75
4843,0,75
5294,0,75
3224,0,75
9393,0,75
4762,0,75
9608,0,75
9503,0,75
88,0,75
924,0,75
7823,0,75
7020,0,75
8050,0,75
7779,0,75
4656,0,75
1876,0,75
7934,0,75
6207,0,75
9985,0,75
1490,0,75
1161,0,75
8777,0,75
2794,0,75
3621,0,75
7461,0,75
5052,0,75
7312,0,75
330,0,75
6707,0,75
7456,0,75
4931,0,75
8855,0,75
3309,3,75
6818,3,75
3691,3,75
2407,3,75
4567,3,75
2038,3,75
1850,3,75
37,3,75
5847,3,75
4625,3,75
7872,5,75
9321,5,75
6903,5,75
1630,5,75
9714,5,75
8047,5,75
6567,5,75
9358,5,75
6162,5,75
4122,7,75
6181,7,75
3262,7,75
529,7,75
3096,7,75
1147,7,75
3670,7,75
3344,7,75
701,7,75
1142,7,75
9257,7,75
9125,7,75
8594,7,75
4459,7,75
3468,7,75
4189,7,75
4921,7,75
5300,7,75
1478,7,75
9385,7,75
2140,7,75
9593,7,75
4950,7,75
4586,7,75
7094,7,75
1234,7,75
73,7,75
8361,7,75
8597,7,75
1382,7,75
7183,7,75
8178,7,75
2688,7,75
5482,7,75
2597,7,75
874,7,75
2447,7,75
2521,7,75
3018,7,75
767,7,75
9780,3,76
8236,0,76
9003,0,76
2051,0,76
8946,0,76
479,0,76
7398,0,76
8716,0,76
8434,0,76
6253,0,76
3166,0,76
5877,0,76
811,0,76
8932,0,76
1484,0,76
4308,0,76
7227,0,76
9441,0,76
5136,0,76
4166,0,76
5121,0,76
5053,0,76
1662,0,76
9855,0,76
6251,0,76
8644,0,76
4796,0,76
8191,0,76
5549,0,76
5167,0,76
8519,0,76
2742,7,76
8775,0,76
3118,0,76
5054,0,76
3615,0,76
7926,0,76
2469,0,76
5193,0,76
5158,0,76
2736,0,76
1190,0,76
3997,0,76
4338,0,76
2800,0,76
9069,0,76
89,0,76
2077,0,76
1747,0,76
3786,0,76
4155,0,76
4274,0,76
7476,0,76
384,0,76
844,0,76
920,0,76
9691,0,76
153,0,76
3772,0,76
1369,0,76
2310,0,76
5491,0,76
5208,3,76
4280,3,76
6589,3,76
2926,3,76
1807,3,76
7045,7,76
9365,5,76
732,5,76
3198,5,76
5272,5,76
8833,5,76
8072,5,76
4778,5,76
706,5,76
4403,7,76
5487,7,76
1822,7,76
9232,7,76
2775,7,76
3487,7,76
1872,7,76
9973,7,76
3695,7,76
1399,7,76
6586,7,76
2846,7,76
4198,7,76
7778,7,76
6195,7,76
9506,7,76
6696,7,76
5672,7,76
6786,7,76
3652,7,76
8550,7,76
1327,7,76
7813,7,76
5553,7,76
774,7,76
9749,7,76
4374,7,76
7647,7,76
7787,7,76
6871,7,76
519,7,76
8811,8,77
2593,6,77
6787,3,77
8463,0,77
3745,0,77
309,0,77
2508,0,77
4289,0,77
8818,0,77
4659,0,77
6036,0,77
8192,0,77
8269,0,77
5897,0,77
3991,0,77
5184,0,77
7759,0,77
5547,0,77
5901,0,77
9940,0,77
6922,0,77
3885,0,77
6037,0,77
3803,0,77
1380,0,77
5921,0,77
7781,0,77
6529,0,77
9931,0,77
1408,0,77
3263,0,77
3164,0,77
5326,0,77
8239,0,77
5872,0,77
52,0,77
7725,0,77
8938,0,77
1838,0,77
6872,0,77
3021,0,77
5102,0,77
4587,0,77
8588,0,77
4302,0,77
3808,0,77
3637,0,77
5324,0,77
2133,0,77
7547,0,77
4444,0,77
9392,0,77
8154,0,77
8620,0,77
1682,0,77
3809,0,77
2018,0,77
2877,0,77
7042,0,77
4714,0,77
8538,7,77
2849,3,77
2078,3,77
9254,3,77
9672,3,77
5195,3,77
3741,3,77
5258,3,77
5107,3,77
8869,3,77
1080,3,77
5822,3,77
6385,3,77
4417,3,77
9490,3,77
3221,3,77
4372,5,77
7040,5,77
8451,5,77
5512,5,77
1591,5,77
8382,5,77
8404,5,77
2318,5,77
6792,5,77
1710,5,77
1987,5,77
3374,5,77
3185,7,77
8803,7,77
2244,7,77
9957,7,77
2259,7,77
9722,7,77
6173,7,77
7578,7,77
7921,7,77
8389,7,77
3795,7,77
6727,7,77
1902,7,77
213,7,77
6231,7,77
5244,7,77
275,7,77
5141,7,77
7849,7,77
2392,7,77
7557,7,77
4065,7,77
4036,7,77
2028,5,78
3459,7,78
9280,1,78
9626,0,78
6286,0,78
9178,0,78
7483,0,78
3908,0,78
4268,0,78
2916,0,78
5605,0,78
9242,0,78
1960,0,78
1786,0,78
1681,0,78
8025,0,78
9685,0,78
1997,0,78
5101,0,78
6049,0,78
315,0,78
3801,0,78
3714,0,78
1437,0,78
655,0,78
7002,0,78
7467,0,78
7625,0,78
9967,0,78
5757,0,78
5209,0,78
3832,0,78
6247,0,78
9619,0,78
7181,0,78
2691,0,78
4857,0,78
6223,0,78
877,0,78
5821,0,78
7387,0,78
888,0,78
1924,0,78
4873,0,78
9220,0,78
3507,0,78
4823,0,78
2403,0,78
1880,0,78
7202,0,78
9600,0,78
1530,0,78
3133,0,78
8326,0,78
2843,0,78
321,0,78
74,0,78
5843,0,78
5397,0,78
5940,0,78
5216,0,78
9399,0,78
2460,0,78
1827,0,78
5527,0,78
5595,3,78
7413,3,78
4635,3,78
5406,3,78
2059,3,78
1486,3,78
4342,3,78
2757,3,78
6834,3,78
3543,3,78
5256,3,78
6837,3,78
4273,3,78
6119,5,78
8206,5,78
1804,5,78
1293,5,78
3902,5,78
3513,5,78
5548,5,78
5858,5,78
2272,7,78
6151,7,78
8294,7,78
9742,7,78
1403,7,78
5091,7,78
9582,7,78
4418,7,78
4870,7,78
8059,7,78
6205,7,78
8723,7,78
6328,7,78
2159,7,78
277,7,78
1566,7,78
8821,7,78
7602,7,78
5132,7,78
435,7,78
9769,7,78
4608,7,78
3070,7,78
5450,7,78
2595,7,78
1936,7,78
6695,7,78
7595,7,78
625,7,78
2532,7,78
7652,7,78
7152,7,78
9496,7,78
4415,7,78
2833,7,78
4806,7,78
4566,7,78
4288,7,78
8849,7,78
2565,5,79
6912,5,79
7335,7,79
5524,5,79
1200,3,79
4942,0,79
7656,0,79
6396,0,79
1937,0,79
1633,0,79
6638,0,79
5643,0,79
5545,0,79
6390,0,79
5240,0,79
8453,0,79
7066,0,79
7354,0,79
1133,0,79
8069,0,79
2157,0,79
6566,0,79
2709,0,79
3732,0,79
9085,0,79
2164,0,79
1308,0,79
8549,0,79
6657,0,79
4553,0,79
1212,0,79
4135,0,79
8190,0,79
8213,0,79
6404,0,79
633,0,79
1906,0,79
6,0,79
6576,0,79
558,0,79
2578,0,79
8366,0,79
4071,0,79
7628,0,79
2013,0,79
2550,0,79
1072,0,79
2625,0,79
5581,0,79
7352,0,79
8464,0,79
2751,0,79
5236,0,79
8297,0,79
6084,0,79
8752,0,79
7019,0,79
8592,3,79
2529,3,79
442,3,79
6522,3,79
1447,3,79
5948,3,79
1469,3,79
9901,5,79
8859,0,79
4179,5,79
8661,5,79
7792,5,79
5755,5,79
3283,5,79
5010,7,79
4952,7,79
7252,7,79
4612,7,79
4736,7,79
3578,7,79
4260,7,79
7282,7,79
6429,7,79
4223,7,79
8675,7,79
6738,7,79
6869,7,79
8590,7,79
9711,7,79
3716,7,79
1538,7,79
6039,7,79
4743,7,79
1616,7,79
2377,7,79
2873,7,79
1773,7,79
6593,7,79
3949,7,79
7758,7,79
19,7,79
8648,7,79
8010,7,79
2743,6,80
6150,5,80
3565,7,80
3620,3,80
5051,0,80
3748,0,80
4487,0,80
6509,0,80
4330,0,80
2953,0,80
9807,0,80
6798,0,80
7128,0,80
5165,0,80
5313,0,80
6215,0,80
850,0,80
27,0,80
8544,0,80
9698,0,80
6343,0,80
9166,0,80
7341,0,80
838,0,80
7626,0,80
5831,0,80
6637,0,80
7958,0,80
2650,0,80
5554,0,80
4668,0,80
993,0,80
8270,0,80
5738,0,80
7088,0,80
8089,0,80
6059,0,80
1753,0,80
8565,0,80
4571,0,80
9202,0,80
4705,0,80
2909,0,80
2112,0,80
1883,0,80
4045,0,80
6942,0,80
9616,0,80
7129,0,80
9916,0,80
3737,0,80
8905,0,80
3288,0,80
2039,0,80
3059,0,80
3597,0,80
3579,3,80
3433,3,80
3906,3,80
6153,3,80
5957,3,80
3369,3,80
2832,3,80
2195,3,80
3061,3,80
8431,3,80
522,3,80
6743,3,80
3572,3,80
7782,3,80
3033,3,80
4949,3,80
7244,5,80
1637,5,80
1839,5,80
749,5,80
9353,5,80
5819,5,80
2585,5,80
6403,5,80
5134,5,80
7361,5,80
7806,5,80
7996,5,80
1847,7,80
3492,7,80
8865,7,80
5923,7,80
4795,7,80
6838,7,80
1280,7,80
2216,7,80
1602,7,80
1913,7,80
2388,7,80
5018,7,80
8863,7,80
3456,7,80
7863,7,80
8674,7,80
3632,7,80
3981,7,80
1968,7,80
7821,7,80
6549,7,80
4080,7,80
4552,7,80
9464,7,80
7262,7,80
7478,7,80
3196,7,80
4187,7,80
2429,1,81
2560,4,81
6169,6,81
1842,6,81
4832,0,81
6347,0,81
5827,0,81
7609,0,81
7881,0,81
8764,0,81
6690,0,81
482,0,81
113,0,81
542,0,81
7383,0,81
6022,0,81
2493,0,81
599,0,81
2426,0,81
1197,0,81
6716,0,81
7000,0,81
7667,0,81
5422,0,81
7913,0,81
6414,0,81
5490,0,81
7757,0,81
5456,0,81
9621,0,81
4976,0,81
7166,0,81
8351,0,81
6354,0,81
2277,0,81
4327,0,81
7269,0,81
3526,0,81
3284,0,81
8374,0,81
5287,0,81
328,0,81
4258,0,81
1617,0,81
1887,0,81
6580,0,81
1010,7,81
1826,0,81
9873,0,81
8127,0,81
3624,0,81
7272,0,81
3286,0,81
1345,0,81
3689,0,81
2998,3,81
6910,3,81
4494,3,81
6902,3,81
4751,3,81
217,7,81
4442,3,81
5881,3,81
1288,3,81
5380,3,81
9943,3,81
6465,3,81
5871,5,81
3506,5,81
2558,5,81
294,5,81
4578,5,81
643,5,81
6705,5,81
2395,5,81
1333,5,81
7867,7,81
9874,7,81
8455,7,81
2192,7,81
6330,7,81
4208,7,81
6023,7,81
857,7,81
4254,7,81
5192,7,81
6266,7,81
8813,7,81
4826,7,81
6393,7,81
8987,7,81
5306,7,81
8970,7,81
4145,7,81
319,7,81
8836,7,81
3948,7,81
9829,0,82
6178,6,82
2979,4,82
3935,0,82
2197,0,82
7344,0,82
3758,0,82
7603,0,82
7386,0,82
7736,0,82
9109,0,82
3293,0,82
4700,0,82
8737,0,82
4178,0,82
3749,0,82
5242,0,82
6693,0,82
689,0,82
6713,0,82
9786,0,82
7242,0,82
4220,0,82
4228,0,82
4584,0,82
4940,0,82
4958,0,82
5448,0,82
1409,0,82
9791,0,82
8714,0,82
2588,0,82
6725,0,82
550,0,82
7907,0,82
6850,0,82
5582,0,82
5160,0,82
9203,0,82
462,0,82
7589,0,82
256,0,82
8103,0,82
7811,0,82
6960,0,82
3471,0,82
2780,0,82
4590,0,82
353,0,82
2337,0,82
4719,0,82
2358,0,82
4848,0,82
7888,0,82
5828,0,82
2525,0,82
6302,0,82
264,0,82
994,0,82
1488,0,82
6949,0,82
4996,0,82
8129,0,82
6474,3,82
3587,3,82
4936,3,82
3735,7,82
4408,3,82
2957,3,82
1226,3,82
2838,3,82
6476,3,82
5454,3,82
4262,3,82
299,5,82
3974,5,82
8109,5,82
440,5,82
9822,5,82
3780,5,82
6277,5,82
1722,5,82
700,5,82
4739,5,82
8231,5,82
2333,5,82
2224,7,82
3123,7,82
2456,7,82
9606,7,82
2202,7,82
2640,7,82
5816,7,82
4185,7,82
907,7,82
4207,7,82
6991,7,82
5851,7,82
3005,7,82
9518,7,82
4702,7,82
5085,7,82
5667,7,82
3110,7,82
1505,7,82
251,7,82
7822,4,83
9905,0,83
2636,7,83
3546,0,83
8978,0,83
2046,0,83
8031,0,83
3709,0,83
6114,0,83
5864,0,83
5653,0,83
6654,0,83
3646,0,83
3237,0,83
6729,0,83
160,0,83
5415,0,83
3323,0,83
2949,0,83
8436,0,83
949,0,83
7415,0,83
423,0,83
1450,0,83
6334,0,83
9584,0,83
5850,0,83
5993,0,83
2463,0,83
4075,0,83
6951,0,83
7680,0,83
6812,0,83
6836,0,83
5862,0,83
9384,0,83
947,0,83
6139,0,83
408,0,83
1186,0,83
6956,0,83
246,0,83
1164,0,83
9541,7,83
1835,0,83
6407,0,83
9755,0,83
6563,0,83
6424,0,83
948,0,83
5986,0,83
2015,0,83
2281,0,83
508,0,83
890,0,83
7668,0,83
3715,0,83
6170,0,83
7268,0,83
2271,0,83
1363,0,83
9276,0,83
6135,0,83
4920,3,83
1564,3,83
4825,3,83
4839,3,83
541,3,83
2830,3,83
1620,5,83
8468,5,83
4001,5,83
5290,5,83
6317,5,83
1341,5,83
4733,5,83
7280,5,83
5069,5,83
2906,5,83
5962,5,83
5954,5,83
54,5,83
1931,5,83
5949,5,83
699,5,83
4334,5,83
9974,5,83
9499,7,83
194,7,83
271,7,83
6240,7,83
867,7,83
3744,7,83
6071,7,83
3916,7,83
7997,7,83
6406,7,83
4058,7,83
1524,7,83
2029,7,83
9963,7,83
2291,7,83
4966,7,83
3042,7,83
1433,7,83
762,7,83
1027,7,83
7193,7,83
904,7,83
7986,7,83
2777,7,83
5128,7,83
5860,7,83
5150,7,83
9895,7,83
2582,7,83
9088,7,83
7919,7,83
4929,7,83
7619,7,83
4402,7,83
3297,7,83
3490,7,83
128,7,83
7770,7,83
9274,7,83
6012,7,83
2317,7,83
8205,7,83
7419,7,84
2342,7,84
4975,6,84
4424,5,84
4172,3,84
935,7,84
335,7,84
4291,0,84
2055,0,84
2153,0,84
1613,0,84
1543,0,84
9649,0,84
6092,0,84
6188,0,84
4596,0,84
488,0,84
9771,0,84
7281,0,84
6473,0,84
2117,0,84
8261,0,84
6243,0,84
6294,0,84
7791,0,84
916,0,84
2609,0,84
5429,0,84
8968,0,84
6676,0,84
5951,0,84
2563,0,84
4131,0,84
7588,0,84
8652,0,84
8078,0,84
1622,0,84
8969,0,84
9389,0,84
3101,0,84
1680,0,84
9683,0,84
7538,0,84
3816,0,84
5971,0,84
8303,0,84
9647,0,84
4160,0,84
8441,0,84
3173,0,84
7394,0,84
4945,0,84
3417,0,84
5909,0,84
162,0,84
6749,0,84
3327,0,84
1093,0,84
332,3,84
5704,3,84
1123,3,84
9356,3,84
5214,3,84
1834,3,84
3686,3,84
2836,3,84
8065,3,84
1754,3,84
2681,5,84
2519,5,84
5465,5,84
229,5,84
9744,5,84
9453,5,84
7761,5,84
6040,5,84
9343,5,84
8403,5,84
9933,0,84
3900,5,84
5907,5,84
2980,7,84
2718,7,84
7962,7,84
3672,7,84
9032,7,84
6905,7,84
962,7,84
7171,7,84
9163,7,84
1106,7,84
6355,7,84
8345,7,84
3421,7,84
7575,7,84
9402,7,84
8012,7,84
7569,7,84
9244,5,84
672,7,84
3799,7,84
4326,7,84
9817,7,84
8928,7,84
7434,7,84
1290,7,84
656,7,84
3422,7,84
602,7,84
1297,7,84
1496,7,84
7329,7,84
3193,7,85
7169,1,85
7762,2,85
3954,0,85
6344,0,85
2682,0,85
7221,0,85
5418,0,85
3359,0,85
4040,0,85
8193,0,85
7044,7,85
1237,0,85
1577,0,85
1315,0,85
3677,0,85
6521,0,85
5163,0,85
5640,0,85
2031,0,85
5215,0,85
9968,0,85
1279,0,85
1912,0,85
8024,0,85
2657,0,85
1445,0,85
7146,0,85
4630,0,85
6990,0,85
7291,0,85
8542,0,85
6275,0,85
5455,0,85
4390,0,85
2765,0,85
7734,0,85
3811,0,85
4727,0,85
9660,0,85
8420,0,85
3569,0,85
615,0,85
2399,0,85
8657,0,85
4916,0,85
861,0,85
7420,0,85
8454,0,85
5077,0,85
8756,0,85
7869,0,85
4550,0,85
9774,0,85
9192,0,85
4318,0,85
4750,0,85
8180,0,85
5537,0,85
8256,0,85
1603,0,85
67,0,85
9614,0,85
9264,0,85
387,0,85
7876,0,85
5713,0,85
6799,0,85
2589,0,85
688,0,85
6667,0,85
5511,0,85
2510,0,85
3643,0,85
9978,0,85
4019,0,85
2581,0,85
8174,3,85
2205,3,85
4100,3,85
7373,3,85
6087,0,85
6000,3,85
3841,3,85
5965,3,85
2199,3,85
7890,3,85
592,3,85
3880,5,85
4934,5,85
2359,5,85
1193,5,85
7933,5,85
3239,5,85
8735,5,85
1349,5,85
571,5,85
4564,5,85
6585,5,85
331,7,85
3768,7,85
7490,7,85
4349,7,85
1414,7,85
9961,7,85
7537,7,85
1580,7,85
8720,7,85
8184,7,85
1309,7,85
3752,7,85
172,7,85
4737,7,85
2795,7,85
8679,7,85
7102,7,85
4887,7,85
7493,0,85
1391,7,85
5382,7,85
2300,7,85
4803,7,85
8017,7,85
9123,7,85
1742,7,85
6154,7,85
5056,7,85
4295,7,85
2985,7,85
1956,7,85
5243,7,85
9323,7,85
7879,7,85
6466,7,85
7840,7,85
1893,7,85
7126,0,86
6745,4,86
7442,0,86
1483,0,86
4041,0,86
9831,0,86
5125,0,86
5846,0,86
6433,0,86
4324,0,86
3197,0,86
569,0,86
7563,0,86
632,0,86
123,0,86
731,0,86
2450,0,86
8567,0,86
8765,0,86
3771,0,86
1115,0,86
9516,0,86
5760,0,86
6313,0,86
1772,0,86
132,0,86
2167,0,86
8896,0,86
9798,0,86
1104,0,86
7990,0,86
6614,0,86
9734,0,86
3562,0,86
1214,0,86
5875,0,86
756,0,86
4481,0,86
2401,0,86
6143,0,86
3406,0,86
694,0,86
8693,0,86
3291,0,86
9825,0,86
2915,0,86
3210,0,86
7031,0,86
9495,0,86
3977,0,86
3285,0,86
4227,0,86
5304,0,86
1417,0,86
1714,0,86
983,0,86
2171,0,86
4800,0,86
3294,0,86
4797,0,86
6107,0,86
9205,0,86
4602,0,86
2391,0,86
6923,0,86
3348,0,86
7087,0,86
2290,0,86
622,0,86
6876,3,86
3308,3,86
7637,3,86
9039,3,86
3552,3,86
1101,3,86
1932,3,86
7106,5,86
6519,5,86
8682,5,86
5914,5,86
3598,5,86
2804,5,86
8912,5,86
8508,5,86
2198,7,86
6839,7,86
875,7,86
8668,7,86
5153,7,86
8381,7,86
8642,7,86
115,7,86
2327,7,86
5618,7,86
6257,7,86
43,7,86
6706,7,86
5444,7,86
2740,7,86
5944,7,86
7746,7,86
9105,7,86
8160,7,86
1863,7,86
2165,7,86
2730,7,86
2694,7,86
9654,7,86
4059,7,86
388,7,86
6043,0,86
3214,7,86
8572,7,86
3789,7,86
4813,7,86
2312,7,86
4698,7,86
9527,5,87
490,0,87
2791,0,87
9877,0,87
9611,0,87
9805,0,87
3711,0,87
3843,0,87
3261,0,87
5500,0,87
4391,0,87
3407,0,87
1468,0,87
8475,0,87
2575,0,87
9269,0,87
366,0,87
1507,0,87
6642,0,87
3189,0,87
7311,0,87
6893,0,87
3419,0,87
4686,0,87
5470,0,87
2331,0,87
3970,0,87
8244,0,87
2457,0,87
6203,0,87
3988,0,87
1432,0,87
85,0,87
1014,0,87
8332,0,87
6514,0,87
1514,0,87
612,0,87
9400,0,87
3757,0,87
8363,0,87
3626,0,87
5433,0,87
3045,0,87
3692,0,87
7395,0,87
152,0,87
4104,0,87
5402,0,87
6617,0,87
2445,0,87
5655,0,87
629,0,87
4528,0,87
2516,3,87
1623,3,87
7567,3,87
1799,3,87
6911,3,87
4536,3,87
2933,3,87
68,3,87
9253,3,87
8041,3,87
4128,3,87
6805,5,87
1440,5,87
1844,5,87
9247,5,87
5543,5,87
1350,5,87
6160,5,87
8944,5,87
2769,7,87
7225,7,87
3888,7,87
7686,7,87
1401,7,87
8196,7,87
5874,7,87
4149,7,87
9144,7,87
7359,7,87
9680,7,87
7285,7,87
2421,7,87
8826,7,87
5370,7,87
4988,7,87
1325,7,87
7263,7,87
304,7,87
4898,7,87
9176,7,87
5673,7,87
2536,7,87
536,7,87
8440,7,87
3989,7,87
7137,7,87
3340,0,90
6234,2,94
7985,3,96
2315,0,96
6405,2,106
4689,3,108
7624,4,110
961,3,113
4516,7,120
1032,1,120
7254,7,127
2664,5,135
8993,6,136
5280,7,139
2870,5,140
233,0,143
6929,7,144
5116,1,146
6377,6,165
4628,5,175
9130,3,192
3167,0,192
8150,3,208
7728,1,215
409,7,216
6962,7,223
7820,5,235
1294,0,239
3093,7,240
6322,5,271
3875,3,287
7366,3,303
3881,7,311
6890,7,319
3728,5,331
6467,7,335
9285,5,367
9864,3,382
4914,7,406
7196,7,414
6432,5,427
9937,5,462
8920,7,501
8663,7,510
4092,5,523
2306,7,597
3612,7,606
1599,7,693
1718,7,701
5225,7,789
6216,7,796
9096,7,885
1172,7,892
2535,7,981
6558,7,988
7288,1,1044
8749,0,1076
4466,7,1077
6497,7,1083
8800,1,1139
9980,0,1172
8370,7,1173
91,7,1178
6621,1,1234
8386,3,1238
4627,0,1268
1841,7,1269
3566,7,1273
6622,1,1329
5028,3,1334
4830,0,1364
1125,7,1365
6726,7,1369
5852,1,1424
8838,3,1430
1672,0,1459
4396,7,1460
1183,1,1520
3013,3,1525
5720,5,1532
1679,0,1554
205,1,1615
8535,3,1620
564,5,1627
2749,3,1716
1497,5,1722
2796,3,1811
485,5,1818
4475,3,1907
2919,5,1914
4905,3,2003
518,5,2009
42,3,2099
1794,5,2105
5027,7,2170
9959,3,2194
1586,5,2201
8292,7,2266
1225,3,2290
8619,5,2296
6079,7,2362
1269,3,2386
6284,5,2391
1022,7,2458
6648,3,2482
9657,5,2487
9190,7,2553
1253,5,2582
7525,7,2648
858,5,2677
4611,7,2744
6760,5,2772
7755,7,2840
5763,5,2868
9128,7,2936
9376,5,2964
1479,7,3031
4206,5,3060
865,7,3127
4037,5,3155
8837,7,3223
5774,5,3251
8485,7,3318
3146,7,3414
9374,7,3510
2922,7,3606
9042,7,3701
2397,7,3796
9723,7,3892
9507,7,3987
9141,7,4082
1692,7,4177
8715,7,4272
4962,7,4368
1715,7,4463
3106,7,4558
5022,7,4653
467,7,4749
4877,7,4845
6399,7,4941
6400,7,5037
4926,7,5132
8596,7,5228
7523,7,5324
5050,7,5419
3086,7,5515
6128,7,5610
3336,7,5706
866,7,5802
4868,7,5897
6802,7,5992
6014,7,6087
3567,7,6182
1650,7,6278
1048,7,6373
746,7,6468
4634,7,6564
6575,7,6659
4509,7,6755
2418,7,6850
1122,7,6945
8889,7,7040
2807,7,7136
6505,7,7231
2746,7,7327
2305,7,7422
5820,7,7517
6121,7,7613
5385,7,7708
6401,7,7804
3681,7,7899
3386,7,7995
2720,7,8091
9394,7,8186
2005,7,8281
6265,7,8376
3529,7,8472
5579,7,8567
3346,7,8663
4194,7,8759
