7513,28,0
8282,31,0
3605,14,0
4204,21,0
4146,18,0
565,16,0
5659,27,0
5263,27,0
4237,20,0
153,20,0
9714,26,0
3075,26,0
1056,26,0
6924,6,0
9587,6,0
6470,6,0
7364,5,0
6076,5,0
8834,5,0
1115,13,0
3283,13,0
3837,9,0
8028,13,0
2810,9,0
2977,0,0
9511,0,0
2442,0,0
4513,9,0
997,29,0
7931,29,0
6275,29,0
3898,30,0
2220,29,0
4234,30,0
9144,30,0
3323,24,0
417,24,0
7267,24,0
862,8,0
4495,24,0
1747,8,0
5784,8,0
8091,7,0
73,8,0
610,7,0
5587,7,0
4552,7,0
2050,23,0
6797,23,0
2949,23,0
5597,23,0
6184,1,0
5991,1,0
8874,1,0
4947,1,0
4966,11,0
2839,11,0
9858,11,0
8455,11,0
5040,11,0
171,25,0
2984,25,0
6040,25,0
7031,25,0
3632,25,0
9494,17,0
9581,17,0
2012,17,0
9620,17,0
6328,17,0
8589,19,0
8556,17,0
6790,19,0
3640,19,0
9691,19,0
8725,19,0
6084,22,0
3939,22,0
8516,22,0
5254,22,0
18,22,0
1042,3,0
3309,3,0
4466,3,0
2604,3,0
633,3,0
7375,15,0
9386,15,0
6877,15,0
8782,15,0
7416,15,0
3850,4,0
2861,15,0
4379,4,0
4002,4,0
3199,4,0
6086,4,0
9762,4,0
6816,12,0
2498,12,0
2008,12,0
4048,12,0
5265,12,0
571,12,0
5396,2,0
3168,2,0
6344,2,0
3781,2,0
5592,2,0
5287,2,0
9165,10,0
5024,10,0
5785,10,0
4298,12,0
9247,10,0
3428,10,0
310,10,0
1235,28,1
3044,31,2
182,14,2
2069,21,2
3870,21,2
524,27,2
9092,27,2
7016,18,2
2937,18,2
5432,16,2
3027,16,2
451,27,3
8,20,4
671,20,4
7372,0,4
6892,1,4
3779,2,4
8094,3,4
6271,4,4
9724,5,4
6022,6,4
452,7,4
5,8,4
7400,9,4
9108,10,4
8482,11,4
8886,12,4
5171,13,4
2436,14,4
839,15,4
8752,16,4
9607,17,4
5281,18,4
1209,19,4
264,20,4
8183,21,4
7080,22,4
4654,23,4
4951,24,4
7344,25,4
5726,26,4
3766,27,4
4335,28,4
8930,29,4
4965,30,4
7473,31,4
5783,0,4
5736,1,4
9733,2,4
3645,3,4
3192,4,4
8939,5,4
1448,6,4
1246,7,4
6147,8,4
1536,9,4
7484,10,4
9561,11,4
2637,12,4
683,13,4
3154,14,4
8723,15,4
2282,16,4
8565,17,4
8934,18,4
1278,19,4
9267,20,4
5754,21,4
8816,22,4
6916,23,4
5850,24,4
8178,25,4
5505,26,4
7412,27,4
875,28,4
4324,29,4
4945,30,4
5370,31,4
7977,0,4
8870,1,4
3340,2,4
6267,3,4
2609,4,4
6876,5,4
986,6,4
9339,7,4
6152,8,4
4429,9,4
5646,10,4
7361,11,4
2886,12,4
5555,13,4
873,14,4
4657,15,4
6622,16,4
673,17,4
4383,18,4
1050,19,4
3242,20,4
5877,21,4
344,22,4
2148,23,4
3719,24,4
4651,25,4
4246,26,4
4219,27,4
6645,28,4
7540,29,4
5532,30,4
6969,31,4
1402,0,4
5915,1,4
8133,2,4
3492,3,4
5220,4,4
803,5,4
6765,6,4
2011,7,4
5422,8,4
3855,9,4
5209,10,4
9997,11,4
6943,12,4
6723,13,4
1510,14,4
2428,15,4
4421,16,4
5311,17,4
7769,18,4
9447,19,4
5303,20,4
5686,21,4
4290,22,4
5348,23,4
521,24,4
3151,25,4
5377,26,4
8916,27,4
8529,28,4
6100,29,4
759,30,4
3018,31,4
4209,0,4
4337,1,4
4903,2,4
4105,3,4
2823,4,4
4256,5,4
9694,6,4
6384,7,4
9462,8,4
9409,9,4
7176,10,4
191,11,4
7131,12,4
1125,13,4
9035,14,4
1837,15,4
2874,16,4
9440,17,4
6599,18,4
7000,19,4
6925,20,4
8998,21,4
5556,22,4
8830,23,4
9153,24,4
2900,25,4
3204,26,4
8944,27,4
4874,28,4
1213,29,4
4396,30,4
9002,31,4
5500,0,4
8033,1,4
4382,2,4
8499,3,4
8600,4,4
2854,5,4
3511,6,4
5521,7,4
3767,8,4
8358,9,4
4560,10,4
7668,11,4
2993,12,4
784,13,4
355,14,4
7743,15,4
7900,16,4
7919,17,4
8819,18,4
2595,18,5
6963,19,5
8342,20,5
8130,21,5
8684,22,5
5713,23,5
1967,24,5
8583,25,5
9555,26,5
7406,27,5
6803,28,5
4309,29,5
3650,30,5
2504,31,5
4549,0,5
3246,1,5
220,2,5
7287,3,5
2675,4,5
9240,5,5
8192,6,5
838,7,5
313,8,5
258,9,5
6460,10,5
4752,11,5
4047,12,5
6636,13,5
2068,14,5
1660,15,5
3835,16,5
6367,17,5
4998,18,5
8442,19,5
6917,20,5
851,21,5
8165,22,5
8632,23,5
5087,24,5
919,25,5
102,26,5
4445,27,5
5919,28,5
5339,29,5
9213,30,5
3639,31,5
6766,0,5
2056,1,5
1271,2,5
4806,3,5
6729,4,5
7608,5,5
2178,6,5
2347,7,5
3621,8,5
7419,9,5
4916,10,5
5062,11,5
8050,12,5
8271,13,5
8766,14,5
4443,15,5
2074,16,5
1809,17,5
5550,18,5
7971,19,5
1283,20,5
9272,21,5
5126,22,5
5816,23,5
4754,24,5
4576,25,5
1531,26,5
6134,27,5
5238,28,5
7845,29,5
3800,30,5
7456,31,5
6496,0,5
925,1,5
3397,2,5
7399,3,5
7064,4,5
8479,5,5
4797,6,5
6032,7,5
5843,8,5
3372,9,5
5106,10,5
9111,11,5
6411,12,5
9427,13,5
6990,14,5
651,15,5
9006,16,5
584,17,5
3178,18,5
8317,19,5
4072,20,5
8450,21,5
8979,22,5
5098,23,5
786,24,5
2743,25,5
4623,26,5
9823,27,5
3099,28,5
2556,29,5
3393,30,5
3968,31,5
1961,0,5
8875,1,5
1641,2,5
9832,3,5
1787,4,5
9678,5,5
110,6,5
6494,7,5
5707,8,5
804,9,5
5977,10,5
9498,11,5
6545,12,5
4179,13,5
5897,14,5
1978,15,5
7158,16,5
4993,17,5
7461,18,5
7526,19,5
9984,20,5
2788,21,5
6784,22,5
823,23,5
819,24,5
4582,25,5
2175,26,5
6391,27,5
1060,28,5
3691,29,5
1506,30,5
7296,31,5
4407,0,5
8250,1,5
3657,2,5
2755,3,5
4774,4,5
4854,5,5
6500,6,5
7947,7,5
2768,8,5
7847,9,5
5334,10,5
8787,11,5
6865,12,5
4732,13,5
3333,14,5
6936,15,5
5355,16,5
2884,17,5
8743,18,5
8744,19,5
1419,20,5
3260,21,5
7215,26,6
1294,20,6
5564,22,6
5888,23,6
6325,24,6
6983,25,6
4130,26,6
1999,27,6
1621,28,6
336,29,6
7828,30,6
9349,31,6
9596,0,6
6112,1,6
2311,2,6
3165,3,6
3277,4,6
9486,5,6
1597,6,6
9594,7,6
9972,8,6
5275,9,6
9676,10,6
8911,11,6
2340,12,6
9196,13,6
8849,14,6
768,15,6
656,16,6
8207,17,6
6307,18,6
3360,19,6
4643,20,6
7943,21,6
8140,22,6
5515,23,6
4880,24,6
3404,25,6
4274,26,6
4408,27,6
5038,28,6
7336,29,6
497,30,6
3427,31,6
2908,0,6
475,1,6
7341,2,6
3256,3,6
9637,4,6
1998,5,6
4460,6,6
5620,7,6
2558,8,6
2762,9,6
7322,10,6
9337,11,6
3763,12,6
1140,13,6
2152,14,6
6939,15,6
1618,16,6
3537,17,6
9949,18,6
7259,19,6
3145,20,6
6205,21,6
3040,22,6
7938,23,6
1269,24,6
9629,25,6
8546,26,6
4169,27,6
5684,28,6
4459,29,6
6569,30,6
882,31,6
4458,0,6
6382,1,6
155,2,6
1515,3,6
6999,4,6
3992,5,6
1324,6,6
7019,7,6
9579,8,6
9876,9,6
8512,10,6
9735,11,6
2235,12,6
9143,13,6
8530,14,6
6197,15,6
9910,16,6
3841,17,6
6663,18,6
7345,19,6
5192,20,6
4653,21,6
7643,22,6
4518,23,6
8756,24,6
3796,25,6
1023,26,6
6034,27,6
7119,28,6
2407,29,6
2808,30,6
3871,31,6
5458,0,6
7107,1,6
6119,2,6
9105,3,6
8540,4,6
7859,5,6
6890,6,6
2749,7,6
1404,8,6
6364,9,6
3677,10,6
9315,11,6
8255,12,6
2928,13,6
8497,14,6
2301,15,6
533,16,6
6973,17,6
1990,18,6
4187,19,6
7207,20,6
1592,21,6
1792,22,6
8935,23,6
5920,24,6
7996,25,6
692,26,6
5309,27,6
5574,28,6
132,29,6
5248,30,6
845,31,6
7975,0,6
6440,1,6
1009,2,6
5951,3,6
4241,4,6
4871,5,6
6989,6,6
6165,7,6
6229,8,6
8577,9,6
2089,10,6
9614,11,6
4152,12,6
3514,13,6
989,14,6
7793,15,6
2271,16,6
632,17,6
3394,18,6
5745,19,6
8392,20,6
3912,21,6
5502,22,6
3187,23,6
9959,24,6
8740,25,6
7139,26,6
9773,27,6
3915,28,6
4316,29,6
4272,30,6
4315,31,6
4647,0,6
434,1,6
8061,2,6
4741,3,6
7339,4,6
9324,5,6
6242,6,6
591,7,6
4411,8,6
6528,9,6
8210,10,6
7377,11,6
2698,12,6
1317,31,7
7819,6,7
1130,26,7
7879,26,7
9011,13,7
4843,14,7
8291,15,7
6950,16,7
7902,17,7
3911,18,7
4867,19,7
11,20,7
3198,21,7
4054,22,7
276,23,7
888,24,7
131,25,7
4153,26,7
4190,27,7
7670,28,7
3076,29,7
447,30,7
282,31,7
600,0,7
397,1,7
4900,2,7
9059,3,7
2966,4,7
4419,5,7
6839,6,7
8386,7,7
1122,8,7
6383,9,7
4716,10,7
2264,11,7
3362,12,7
8655,13,7
850,14,7
2582,15,7
1815,16,7
1719,17,7
883,18,7
9821,19,7
9195,20,7
5577,21,7
962,22,7
7520,23,7
1686,24,7
8445,25,7
899,26,7
9790,27,7
3311,28,7
9893,29,7
6762,30,7
1679,31,7
4349,0,7
2059,1,7
6542,2,7
9570,3,7
3570,4,7
5095,5,7
1195,6,7
5758,7,7
4012,8,7
1863,9,7
6214,10,7
1612,11,7
9830,12,7
2926,13,7
1568,14,7
7512,15,7
2216,16,7
2382,17,7
5558,18,7
4776,19,7
8173,20,7
2670,21,7
4759,22,7
3212,23,7
8047,24,7
5371,25,7
8231,26,7
1798,27,7
6354,28,7
1475,29,7
5963,30,7
5795,31,7
6547,0,7
9202,1,7
6118,2,7
1953,3,7
6875,4,7
8086,5,7
3646,6,7
8975,7,7
662,8,7
807,9,7
4062,10,7
7624,11,7
2522,12,7
368,13,7
8739,14,7
7135,15,7
7426,16,7
7812,17,7
7612,18,7
6507,19,7
2398,20,7
8288,21,7
7796,22,7
233,23,7
1983,24,7
2680,25,7
856,26,7
8749,27,7
6298,28,7
8138,29,7
8451,30,7
543,31,7
907,0,7
9206,1,7
358,2,7
7992,3,7
5187,4,7
3001,5,7
4148,6,7
416,7,7
1171,8,7
9308,9,7
1315,10,7
4897,11,7
4875,12,7
2953,13,7
9863,14,7
583,15,7
4264,16,7
1935,17,7
2754,18,7
3757,19,7
9,20,7
3974,21,7
4923,22,7
2555,23,7
1623,24,7
7357,25,7
4293,26,7
519,27,7
8400,28,7
2018,29,7
2963,30,7
825,31,7
8483,0,7
2989,1,7
5570,2,7
5132,3,7
2160,4,7
4044,5,7
4745,6,7
8836,7,7
9325,8,7
5284,9,7
6801,10,7
4182,11,7
6591,12,7
634,13,7
352,14,7
6690,15,7
6625,16,7
5019,17,7
8135,18,7
5848,19,7
2108,20,7
3249,21,7
6378,22,7
174,23,7
1003,24,7
4211,25,7
2447,26,7
6506,6,8
7741,15,8
2654,27,8
8001,28,8
7498,29,8
9203,30,8
4876,31,8
3738,0,8
3298,1,8
4656,2,8
6670,3,8
2542,4,8
5389,5,8
4808,6,8
4464,7,8
2809,8,8
1650,9,8
8792,10,8
6499,11,8
4943,12,8
9831,13,8
9261,14,8
1893,15,8
15,16,8
6021,17,8
5338,18,8
6974,19,8
3723,20,8
3359,21,8
2982,22,8
3682,23,8
4319,24,8
9033,25,8
1740,26,8
6621,27,8
3858,28,8
4702,29,8
2298,30,8
94,31,8
4931,0,8
3556,1,8
869,2,8
8325,3,8
6140,4,8
6237,5,8
8970,6,8
6745,7,8
5853,8,8
6016,9,8
7395,10,8
9212,11,8
645,12,8
9975,13,8
9354,14,8
1017,15,8
1805,16,8
2101,17,8
5308,18,8
5842,19,8
4526,20,8
7609,21,8
6199,22,8
1505,23,8
511,24,8
8619,25,8
1854,26,8
6323,27,8
7790,28,8
9366,29,8
8964,30,8
709,31,8
8211,0,8
4644,1,8
1718,2,8
5027,3,8
9128,4,8
8154,5,8
118,6,8
6929,7,8
5717,8,8
1311,9,8
7154,10,8
7248,11,8
8215,12,8
3124,13,8
7223,14,8
3862,15,8
2869,16,8
9934,17,8
9874,18,8
343,19,8
7184,20,8
4196,21,8
9416,22,8
224,23,8
5312,24,8
2711,25,8
5463,26,8
4470,27,8
3015,28,8
2421,29,8
617,30,8
2561,31,8
6931,0,8
8736,1,8
9394,2,8
9820,3,8
5912,4,8
7918,5,8
6888,6,8
3448,7,8
9826,8,8
1946,9,8
2484,10,8
4769,11,8
7774,12,8
2676,13,8
9130,14,8
5604,15,8
9717,16,8
8190,17,8
350,18,8
2334,19,8
8978,20,8
7916,21,8
9182,22,8
338,23,8
965,24,8
9605,25,8
5808,26,8
5929,27,8
490,28,8
1172,29,8
2232,30,8
7646,31,8
5041,0,8
9048,1,8
6981,2,8
1891,3,8
9071,4,8
6975,5,8
9116,6,8
8657,7,8
3479,8,8
3808,9,8
1581,10,8
48,11,8
7792,12,8
9986,13,8
7763,14,8
1329,15,8
822,16,8
5122,17,8
4559,18,8
7556,19,8
1875,20,8
5962,21,8
9076,22,8
6842,23,8
8946,24,8
1198,25,8
2325,26,8
4084,27,8
1274,28,8
5124,29,8
6078,30,8
2628,31,8
9764,0,8
7030,1,8
3324,2,8
6381,3,8
4621,4,8
1392,5,8
5624,6,8
5417,7,8
5883,8,8
6081,9,8
6710,10,8
9892,11,8
405,12,8
3062,13,8
2132,14,8
1922,15,8
866,16,8
9421,17,8
6759,18,8
5879,19,8
8168,20,8
8124,21,8
9207,22,8
1716,23,8
9761,24,8
8070,25,8
7709,26,8
4133,27,8
2085,28,8
5435,29,8
1186,30,8
9188,31,8
1014,0,8
7953,1,8
9380,2,8
4195,3,8
1768,4,8
1332,5,8
8760,6,8
2833,7,8
7969,8,8
9838,23,9
7948,23,9
1788,6,9
3765,9,9
9941,10,9
7724,11,9
2122,12,9
8195,13,9
3422,14,9
1856,15,9
4017,16,9
5345,17,9
6650,18,9
1286,19,9
4889,20,9
4426,21,9
8496,22,9
9000,23,9
5202,24,9
4287,25,9
9138,26,9
9201,27,9
3284,28,9
6624,29,9
7249,30,9
7889,31,9
8826,0,9
1861,1,9
5615,2,9
1461,3,9
896,4,9
2378,5,9
2998,6,9
4318,7,9
9653,8,9
5828,9,9
6635,10,9
5390,11,9
123,12,9
8297,13,9
9577,14,9
5214,15,9
5078,16,9
237,17,9
5250,18,9
592,19,9
9434,20,9
5215,21,9
328,22,9
674,23,9
6172,24,9
5146,25,9
8137,26,9
5872,27,9
3235,28,9
8382,29,9
4397,30,9
4927,31,9
8459,0,9
3607,0,9
7702,0,9
3327,0,9
5747,0,9
3288,0,9
9937,0,9
4928,0,9
7797,0,9
7150,0,9
1020,0,9
7528,0,9
9123,0,9
5184,0,9
3343,0,9
2714,0,9
291,0,9
28,0,9
8402,0,9
5270,0,9
5103,0,9
7423,0,9
1694,0,9
7407,0,9
4119,0,9
5560,0,9
9460,0,9
7503,0,9
2734,0,9
3364,0,9
3179,0,9
4206,0,9
8283,0,9
5133,0,9
9845,0,9
6299,0,9
2695,0,9
9425,0,9
7485,0,9
4167,0,9
5812,0,9
1924,0,9
4509,0,9
4469,0,9
1800,0,9
277,0,9
6183,0,9
1051,0,9
3504,0,9
1895,0,9
1756,0,9
9263,0,9
1890,0,9
840,0,9
2549,0,9
5163,0,9
4262,0,9
9193,0,9
5099,0,9
5001,0,9
5971,0,9
760,0,9
3776,0,9
3336,0,9
9878,0,9
9980,0,9
4184,0,9
9446,0,9
9026,0,9
7081,0,9
6732,0,9
4888,0,9
3782,0,9
6651,0,9
756,0,9
7838,0,9
414,0,9
390,0,9
4372,0,9
2543,0,9
6582,0,9
5234,0,9
1981,0,9
3875,0,9
8060,0,9
7965,0,9
4884,0,9
4859,0,9
3025,0,9
9490,0,9
7961,0,9
3466,0,9
9351,0,9
4793,0,9
2260,0,9
9852,0,9
5160,0,9
79,0,9
3412,0,9
130,0,9
3074,0,9
8951,0,9
5012,0,9
9058,0,9
5392,0,9
1731,0,9
8848,0,9
2171,0,9
2999,0,9
9164,0,9
4659,0,9
4009,0,9
6912,0,9
7781,0,9
7253,5,10
7243,5,10
6108,0,10
8242,0,10
930,0,10
1826,0,10
5213,0,10
9438,0,10
7169,0,10
2589,0,10
205,0,10
3369,0,10
4295,0,10
9760,0,10
6833,0,10
9520,0,10
509,0,10
5885,0,10
7195,0,10
2386,0,10
3295,0,10
2601,0,10
922,0,10
70,0,10
6572,0,10
3126,0,10
6361,0,10
3550,0,10
5142,0,10
9236,0,10
1101,0,10
3310,0,10
5172,0,10
3942,0,10
6626,0,10
766,0,10
5267,0,10
3838,0,10
1970,0,10
1265,0,10
3994,0,10
2029,0,10
7233,0,10
8465,0,10
3754,0,10
1362,0,10
113,0,10
32,0,10
8535,0,10
2518,0,10
4087,0,10
9154,0,10
2552,0,10
8027,0,10
1310,0,10
1412,0,10
1244,0,10
5606,0,10
9381,0,10
7744,0,10
8996,0,10
4973,0,10
931,0,10
8084,0,10
8096,0,10
8711,0,10
1112,0,10
3722,0,10
3685,0,10
2973,0,10
6705,0,10
1079,0,10
536,0,10
8426,0,10
7161,0,10
7305,0,10
6902,0,10
4773,0,10
575,0,10
4014,0,10
5003,0,10
9768,0,10
7108,0,10
5846,0,10
4708,0,10
7642,0,10
6898,0,10
148,0,10
4284,0,10
9599,0,10
1309,0,10
5210,0,10
9889,0,10
7855,0,10
1249,0,10
9141,0,10
2933,0,10
410,0,10
2767,0,10
6972,0,10
7546,0,10
4270,0,10
9541,0,10
6701,0,10
1397,0,10
8256,0,10
622,0,10
2681,0,10
7707,0,10
5360,0,10
5756,0,10
8716,0,10
1316,0,10
3609,0,10
7069,0,10
5033,0,10
3516,0,10
2230,0,10
2685,0,10
1862,0,10
829,0,10
5260,0,10
1779,0,10
4058,0,10
2419,0,10
5664,0,10
8316,0,10
341,0,10
108,0,10
8735,0,10
4289,0,10
9848,0,10
8590,0,10
121,0,10
3116,0,10
5698,0,10
863,0,10
5849,0,10
9546,0,10
6379,0,10
7576,0,10
8232,0,10
4600,0,10
1257,0,10
9068,0,10
3933,0,10
3443,0,10
6971,0,10
1894,0,10
9908,0,10
8387,0,10
2273,0,10
3101,0,10
2662,0,10
3475,0,10
2179,0,10
235,0,10
3583,0,10
1303,0,10
8859,0,10
921,0,10
476,0,10
8954,0,10
5258,0,10
7606,0,10
9285,0,10
2307,0,10
1071,0,10
5789,0,10
6823,0,10
7254,0,10
9681,0,10
2304,0,10
4912,0,10
2411,0,10
951,0,10
2633,0,10
180,0,10
1596,0,10
9102,0,10
2508,0,10
6059,0,10
8123,0,10
7511,0,10
114,0,10
1973,0,10
3907,0,10
8754,0,10
5206,0,10
2353,0,10
8153,0,10
9450,0,10
4389,0,10
3031,0,10
7685,0,10
2843,0,10
480,0,10
8517,0,10
9390,0,10
8534,0,10
1206,0,10
2105,0,10
3375,0,10
8537,0,10
4585,6,11
300,5,11
5372,8,11
9742,17,11
2395,0,11
1561,0,11
1487,0,11
2231,0,11
3580,0,11
2887,0,11
642,0,11
4323,0,11
8702,0,11
1359,0,11
4577,0,11
9469,0,11
9700,0,11
3495,0,11
418,0,11
9961,0,11
2777,0,11
420,0,11
2251,0,11
112,0,11
6369,0,11
8161,0,11
7378,0,11
2333,0,11
2871,0,11
8477,0,11
4753,0,11
5548,0,11
3846,0,11
4988,0,11
201,0,11
4814,0,11
3895,0,11
20,0,11
8279,0,11
7188,0,11
9243,0,11
7424,0,11
8614,0,11
3109,0,11
8199,0,11
9855,0,11
789,0,11
5272,0,11
4150,0,11
8594,0,11
1320,0,11
5939,0,11
8487,0,11
6579,0,11
8025,0,11
9690,0,11
3971,0,11
6065,0,11
9284,0,11
7499,0,11
859,0,11
8856,0,11
8221,0,11
3346,0,11
9393,0,11
9066,0,11
1527,0,11
707,0,11
2261,0,11
6986,0,11
7575,0,11
8162,0,11
7098,0,11
2935,0,11
649,0,11
1611,0,11
1804,0,11
5781,0,11
6017,0,11
1781,0,11
3690,0,11
3946,0,11
2643,0,11
9810,0,11
9288,0,11
9389,0,11
5749,0,11
9860,0,11
7544,0,11
8239,0,11
2104,0,11
3695,0,11
904,0,11
6521,0,11
7201,0,11
1940,0,11
5317,0,11
7356,0,11
8788,0,11
1028,0,11
5131,0,11
5408,0,11
3822,0,11
641,0,11
5506,0,11
3707,0,11
6951,0,11
5201,0,11
7635,0,11
280,0,11
5637,0,11
9126,0,11
1643,0,11
7074,0,11
8464,0,11
3708,0,11
4297,0,11
9981,0,11
2039,0,11
3613,0,11
9776,0,11
8724,0,11
9788,0,11
9334,0,11
9547,0,11
8646,0,11
2263,0,11
8067,0,11
696,0,11
8629,0,11
8186,0,11
5450,0,11
6583,0,11
5397,0,11
5485,0,11
886,0,11
3185,0,11
982,0,11
8984,0,11
7553,0,11
4482,0,11
1034,0,11
6206,0,11
9666,0,11
3979,0,11
1295,0,11
6520,0,11
3007,0,11
1119,0,11
373,0,11
5567,0,11
5079,0,11
6162,0,11
713,0,11
9079,0,11
1422,0,11
7765,0,11
7427,0,11
5938,0,11
5693,0,11
514,0,11
2335,0,11
5824,0,11
4127,0,11
8318,0,11
4868,0,11
6062,0,11
8843,0,11
1534,0,11
8708,0,11
7525,0,11
2441,0,11
1361,0,11
3663,0,11
8689,0,11
6092,0,11
3197,0,11
1896,0,11
9273,0,11
247,0,11
7182,0,11
8733,0,11
1624,0,11
3487,0,11
6655,0,11
727,0,11
7321,0,11
6707,0,11
6770,0,11
3403,0,11
2686,0,11
9281,0,11
7691,0,11
2323,0,11
6373,0,11
109,0,11
573,0,11
2747,0,11
4425,0,11
8277,0,11
4812,0,11
5340,0,11
4507,0,11
2227,0,11
1381,0,11
3508,0,11
8942,0,11
8827,0,11
1301,0,11
1021,0,11
2303,0,11
8252,0,11
287,0,11
5025,13,12
9641,9,12
3739,13,12
5528,9,12
8815,13,12
445,0,12
7886,0,12
1057,0,12
1164,0,12
2293,0,12
4882,0,12
3455,0,12
1118,0,12
3354,0,12
6315,0,12
2783,0,12
508,0,12
6447,0,12
1323,0,12
4375,0,12
6866,0,12
8284,0,12
8806,0,12
7482,0,12
3128,0,12
1036,0,12
6922,0,12
552,0,12
8435,0,12
4743,0,12
3316,0,12
6245,0,12
1108,0,12
4049,0,12
744,0,12
2693,0,12
1681,0,12
1075,0,12
1533,0,12
605,0,12
7722,0,12
4394,0,12
613,0,12
2700,0,12
7028,0,12
306,0,12
5676,0,12
5504,0,12
2381,0,12
3713,0,12
5319,0,12
1666,0,12
4455,0,12
9778,0,12
4642,0,12
342,0,12
2312,0,12
6552,0,12
6203,0,12
9225,0,12
771,0,12
9744,0,12
9018,0,12
3420,0,12
9572,0,12
3807,0,12
9796,0,12
913,0,12
942,0,12
535,0,12
3982,0,12
3084,0,12
8300,0,12
2798,0,12
4528,0,12
4143,0,12
7229,0,12
5578,0,12
6256,0,12
8181,0,12
7915,0,12
8095,0,12
4674,0,12
9759,0,12
2805,0,12
4197,0,12
5669,0,12
8010,0,12
4171,0,12
5835,0,12
2740,0,12
4215,0,12
2047,0,12
832,0,12
4205,0,12
7219,0,12
7298,0,12
4414,0,12
2683,0,12
2640,0,12
9032,0,12
1383,0,12
8490,0,12
5943,0,12
9078,0,12
3137,0,12
6703,0,12
1399,0,12
8652,0,12
4253,0,12
4060,0,12
1405,0,12
7062,0,12
7082,0,12
6456,0,12
3787,0,12
6072,0,12
6702,0,12
38,0,12
2120,0,12
1704,0,12
3271,0,12
8637,0,12
2149,0,12
9645,0,12
2408,0,12
6069,0,12
5237,0,12
1734,0,12
6173,0,12
8992,0,12
9043,0,12
6113,0,12
4783,0,12
2154,0,12
9333,0,12
517,0,12
4738,0,12
2551,0,12
5790,0,12
3415,0,12
8552,0,12
6740,0,12
3361,0,12
3227,0,12
9705,0,12
3852,0,12
7502,0,12
999,0,12
7974,0,12
7704,0,12
8157,0,12
9299,0,12
887,0,12
6200,0,12
4712,0,12
8076,0,12
7452,0,12
2596,0,12
3349,0,12
5022,0,12
5801,0,12
2349,0,12
4117,0,12
3326,0,12
1949,0,12
2553,0,12
7275,0,12
1363,0,12
8802,0,12
6751,0,12
2427,0,12
184,0,12
107,0,12
4027,0,12
5836,0,12
9989,0,12
3133,0,12
7861,0,12
6872,0,12
1867,0,12
8346,0,12
7478,0,12
9743,0,12
4734,0,12
2585,0,12
4683,0,12
8665,0,12
3417,0,12
747,0,12
6781,0,12
8580,0,12
5257,0,12
4061,0,12
7756,0,12
8273,0,12
6567,0,12
8026,0,12
4280,0,12
9757,0,12
3059,0,12
3603,0,12
1669,0,12
8566,0,12
5932,0,12
468,0,12
8040,0,12
941,0,12
6754,0,12
9933,0,12
4502,0,12
6462,0,12
7854,0,12
7731,0,12
9133,0,12
9902,0,12
6885,13,13
7337,0,13
9914,4,13
529,9,13
5241,29,13
4440,0,13
5999,0,13
3444,0,13
1952,0,13
3207,0,13
4381,0,13
4210,0,13
7549,0,13
2279,0,13
6356,0,13
1250,0,13
221,0,13
3254,0,13
7844,0,13
9738,0,13
790,0,13
7048,0,13
1488,0,13
9608,0,13
2492,0,13
9254,0,13
998,0,13
2034,0,13
1380,0,13
8320,0,13
6830,0,13
2694,0,13
3068,0,13
3176,0,13
7439,0,13
9158,0,13
1355,0,13
7283,0,13
4865,0,13
8115,0,13
2076,0,13
7941,0,13
6911,0,13
2017,0,13
9088,0,13
496,0,13
8235,0,13
2084,0,13
2539,0,13
1790,0,13
4750,0,13
2812,0,13
7151,0,13
881,0,13
8508,0,13
3826,0,13
6776,0,13
5780,0,13
2835,0,13
265,0,13
2816,0,13
6337,0,13
4430,0,13
9266,0,13
4483,0,13
8089,0,13
6402,0,13
1285,0,13
2377,0,13
2517,0,13
826,0,13
2961,0,13
7115,0,13
4393,0,13
6248,0,13
9419,0,13
3337,0,13
6598,0,13
6428,0,13
2729,0,13
7803,0,13
6780,0,13
2618,0,13
7290,0,13
2372,0,13
3281,0,13
388,0,13
9633,0,13
2792,0,13
939,0,13
4036,0,13
2922,0,13
2079,0,13
6136,0,13
3461,0,13
4170,0,13
2290,0,13
4575,0,13
702,0,13
8407,0,13
8458,0,13
6141,0,13
5279,0,13
5222,0,13
1989,0,13
4005,0,13
9585,0,13
4141,0,13
569,0,13
5922,0,13
2592,0,13
4198,0,13
8898,0,13
534,0,13
5762,0,13
9332,0,13
3456,0,13
8246,0,13
4070,0,13
6273,0,13
1994,0,13
4921,0,13
834,0,13
2793,0,13
1899,0,13
5289,0,13
8148,0,13
7442,0,13
3342,0,13
8219,0,13
8958,0,13
9815,0,13
2212,0,13
1727,0,13
954,0,13
1214,0,13
6201,0,13
6813,0,13
8000,0,13
1300,0,13
2489,0,13
1437,0,13
1957,0,13
1459,0,13
9884,0,13
797,0,13
9864,0,13
6055,0,13
7907,0,13
3339,0,13
1493,0,13
796,0,13
3917,0,13
4617,0,13
9346,0,13
5475,0,13
4840,0,13
6793,0,13
8915,0,13
1962,0,13
9693,0,13
9573,0,13
6976,0,13
3742,0,13
3964,0,13
903,0,13
3064,0,13
6708,0,13
7652,0,13
7651,0,13
8018,0,13
5410,0,13
3157,0,13
3569,0,13
2391,0,13
5602,0,13
6175,0,13
1145,0,13
5715,0,13
8227,0,13
6661,0,13
8034,0,13
4208,0,13
9556,0,13
6967,0,13
4107,0,13
9517,0,13
8660,0,13
4641,0,13
3368,0,13
7311,0,13
1933,0,13
3131,0,13
8191,0,13
7761,0,13
1870,0,13
2870,0,13
6448,0,13
1540,0,13
4764,0,13
4568,0,13
2632,0,13
2975,0,13
1678,0,13
1027,0,13
5894,0,13
5908,0,13
1559,0,13
6036,0,13
9010,5,14
6868,2,14
867,14,14
4231,27,14
138,0,14
6700,0,14
669,0,14
1373,0,14
8374,0,14
4534,0,14
8647,0,14
4958,0,14
9038,0,14
2019,0,14
3069,0,14
6168,0,14
3250,0,14
8922,0,14
1252,0,14
1748,0,14
8136,0,14
8779,0,14
1428,0,14
2877,0,14
7088,0,14
8214,0,14
6123,0,14
8184,0,14
625,0,14
3308,0,14
8265,0,14
6452,0,14
7379,0,14
7118,0,14
2947,0,14
3472,0,14
7676,0,14
6891,0,14
3071,0,14
9233,0,14
849,0,14
7715,0,14
9191,0,14
7959,0,14
4946,0,14
4294,0,14
657,0,14
6342,0,14
5302,0,14
4950,0,14
299,0,14
1088,0,14
3959,0,14
9493,0,14
3659,0,14
9846,0,14
1634,0,14
2863,0,14
7794,0,14
737,0,14
9731,0,14
8872,0,14
2751,0,14
3334,0,14
5474,0,14
2475,0,14
5330,0,14
5387,0,14
5290,0,14
9465,0,14
5956,0,14
6341,0,14
1123,0,14
4739,0,14
3502,0,14
1254,0,14
1576,0,14
331,0,14
1460,0,14
4245,0,14
1234,0,14
3252,0,14
1224,0,14
7401,0,14
3097,0,14
6501,0,14
9379,0,14
234,0,14
7273,0,14
7811,0,14
6654,0,14
1509,0,14
530,0,14
1594,0,14
537,0,14
3054,0,14
8976,0,14
2741,0,14
7054,0,14
9287,0,14
2584,0,14
815,0,14
2903,0,14
7776,0,14
1992,0,14
1923,0,14
7481,0,14
1572,0,14
4639,0,14
7787,0,14
2371,0,14
8261,0,14
7757,0,14
8893,0,14
1022,0,14
8949,0,14
6182,0,14
8473,0,14
3551,0,14
2567,0,14
3299,0,14
7681,0,14
3615,0,14
1489,0,14
4715,0,14
4063,0,14
4995,0,14
5453,0,14
4767,0,14
3546,0,14
3746,0,14
3575,0,14
4412,0,14
5904,0,14
4962,0,14
1646,0,14
6155,0,14
1416,0,14
2318,0,14
1723,0,14
1107,0,14
3878,0,14
5173,0,14
4563,0,14
7443,0,14
5823,0,14
2943,0,14
9795,0,14
1133,0,14
4720,0,14
8406,0,14
8627,0,14
3660,0,14
5280,0,14
3700,0,14
6149,0,14
938,0,14
88,0,14
5243,0,14
6158,0,14
2690,0,14
8674,0,14
9298,0,14
4833,0,14
7045,0,14
837,0,14
5940,0,14
3351,0,14
4360,0,14
844,0,14
4703,0,14
5493,0,14
4558,0,14
5190,0,14
5293,0,14
5868,0,14
3869,0,14
9663,0,14
1852,0,14
8396,0,14
4006,0,14
9322,0,14
9563,0,14
3201,0,14
5216,0,14
9792,0,14
5764,0,14
9787,0,14
8428,0,14
2376,0,14
2253,0,14
9816,0,14
619,0,14
1591,0,14
1077,0,14
3885,0,14
3849,0,14
4213,0,14
4747,0,14
50,0,14
779,0,14
4019,0,14
2782,0,14
1577,0,14
35,0,14
7800,0,14
4390,0,14
9238,0,14
7413,0,14
4802,0,14
1680,0,14
4226,0,14
8767,0,14
2420,0,14
7857,0,14
4456,0,15
8506,0,15
5009,7,15
5681,18,15
6629,0,15
6336,0,15
6210,0,15
9482,0,15
5091,0,15
7736,0,15
8179,0,15
996,0,15
6859,0,15
75,0,15
3950,0,15
7867,0,15
8338,0,15
785,0,15
7673,0,15
4366,0,15
8302,0,15
2608,0,15
7075,0,15
8982,0,15
800,0,15
2911,0,15
407,0,15
8243,0,15
640,0,15
8422,0,15
4103,0,15
2432,0,15
1273,0,15
1810,0,15
7104,0,15
8085,0,15
6439,0,15
7586,0,15
9627,0,15
3332,0,15
1751,0,15
560,0,15
4338,0,15
5763,0,15
528,0,15
3408,0,15
2594,0,15
5811,0,15
5573,0,15
2360,0,15
7839,0,15
5792,0,15
4918,0,15
1143,0,15
7453,0,15
2126,0,15
3908,0,15
6096,0,15
3571,0,15
4436,0,15
4142,0,15
4344,0,15
5588,0,15
1223,0,15
6698,0,15
6159,0,15
9602,0,15
7417,0,15
4177,0,15
9096,0,15
7826,0,15
5235,0,15
8775,0,15
4124,0,15
6679,0,15
3117,0,15
4910,0,15
5322,0,15
8441,0,15
4067,0,15
5519,0,15
2800,0,15
4000,0,15
192,0,15
9227,0,15
9783,0,15
5342,0,15
1556,0,15
6746,0,15
6954,0,15
5092,0,15
3524,0,15
4667,0,15
8020,0,15
9721,0,15
3135,0,15
4082,0,15
7429,0,15
5153,0,15
7903,0,15
2123,0,15
6194,0,15
492,0,15
906,0,15
7979,0,15
8611,0,15
411,0,15
1346,0,15
7489,0,15
6394,0,15
4957,0,15
6212,0,15
3996,0,15
2086,0,15
3653,0,15
502,0,15
6909,0,15
4040,0,15
1183,0,15
8360,0,15
4817,0,15
6260,0,15
4392,0,15
1501,0,15
7467,0,15
1829,0,15
5499,0,15
2431,0,15
3489,0,15
6067,0,15
7808,0,15
2846,0,15
273,0,15
9535,0,15
8348,0,15
694,0,15
2213,0,15
8918,0,15
5430,0,15
2882,0,15
7320,0,15
2037,0,15
3673,0,15
8066,0,15
8901,0,15
9640,0,15
7175,0,15
7058,0,15
3545,0,15
4463,0,15
9543,0,15
3793,0,15
3478,0,15
9327,0,15
7590,0,15
4448,0,15
7976,0,15
9383,0,15
4207,0,15
9877,0,15
3528,0,15
3140,0,15
9168,0,15
6590,0,15
3651,0,15
1943,0,15
9655,0,15
1473,0,15
1570,0,15
2929,0,15
2738,0,15
7878,0,15
6993,0,15
4540,0,15
4724,0,15
7788,0,15
9399,0,15
3200,0,15
8653,0,15
3190,0,15
9560,0,15
6351,0,15
6991,0,15
7152,0,15
6320,0,15
1984,0,15
7618,0,15
3649,0,15
6476,0,15
4778,0,15
8682,0,15
1225,0,15
5751,0,15
6309,0,15
1455,0,15
2202,0,15
574,0,15
6802,0,15
9674,0,15
6070,0,15
6945,0,15
6023,0,15
9131,0,15
7036,0,16
6329,3,16
1287,13,16
2881,0,16
9479,0,16
1774,0,16
3233,0,16
5090,0,16
7764,0,16
9415,0,16
8353,0,16
7425,0,16
5513,0,16
4668,0,16
7297,0,16
2617,0,16
984,0,16
7661,0,16
3433,0,16
8394,0,16
659,0,16
7208,0,16
448,0,16
868,0,16
1026,0,16
2259,0,16
239,0,16
2181,0,16
206,0,16
824,0,16
4310,0,16
3152,0,16
4650,0,16
4022,0,16
5323,0,16
4878,0,16
429,0,16
4953,0,16
5696,0,16
817,0,16
5903,0,16
1729,0,16
983,0,16
3573,0,16
3628,0,16
6314,0,16
9046,0,16
6627,0,16
5291,0,16
1850,0,16
9385,0,16
3432,0,16
260,0,16
334,0,16
7014,0,16
9964,0,16
2859,0,16
3671,0,16
4404,0,16
1519,0,16
4714,0,16
8885,0,16
7718,0,16
4484,0,16
1263,0,16
2872,0,16
1242,0,16
8344,0,16
1469,0,16
3712,0,16
7768,0,16
7583,0,16
5875,0,16
2597,0,16
3367,0,16
4590,0,16
2763,0,16
646,0,16
9304,0,16
9588,0,16
6222,0,16
2055,0,16
1336,0,16
6481,0,16
3429,0,16
4101,0,16
4081,0,16
3821,0,16
9300,0,16
7042,0,16
3612,0,16
5007,0,16
8762,0,16
8591,0,16
6834,0,16
7276,0,16
5274,0,16
3004,0,16
6008,0,16
9241,0,16
6288,0,16
2806,0,16
7786,0,16
30,0,16
8272,0,16
3329,0,16
5193,0,16
3086,0,16
9417,0,16
9990,0,16
5889,0,16
2730,0,16
6662,0,16
695,0,16
6666,0,16
1349,0,16
7294,0,16
1382,0,16
4399,0,16
2254,0,16
5540,0,16
3790,0,16
3085,0,16
7660,0,16
3202,0,16
2156,0,16
1327,0,16
1396,0,16
4265,0,16
1598,0,16
2548,0,16
8237,0,16
6840,0,16
3410,0,16
5821,0,16
7752,0,16
5804,0,16
2588,0,16
3750,0,16
1659,0,16
4662,0,16
2483,0,16
8203,0,16
1012,0,16
2285,0,16
8622,0,16
8569,0,16
8352,0,16
6289,0,16
7678,0,16
2095,0,16
9775,0,16
8425,0,16
7159,0,16
172,0,16
2727,0,16
1275,0,16
4569,0,16
2458,0,16
60,0,16
9301,0,16
8193,0,16
4096,0,16
705,0,16
3439,0,16
2048,0,16
2708,0,16
9777,0,16
2330,0,16
9449,0,16
3717,0,16
3156,0,16
6758,0,16
9522,0,16
4192,0,16
3618,0,16
3910,0,16
9114,0,16
9903,0,16
2102,0,16
1569,0,16
8651,0,16
2531,0,16
8895,0,16
2524,0,16
8160,0,16
5983,0,16
1485,0,16
4065,29,17
593,9,17
6899,27,17
4154,29,17
423,27,17
3980,28,17
7693,29,17
9022,0,17
4189,0,17
9061,0,17
3922,0,17
1934,0,17
359,0,17
6186,0,17
2482,0,17
2639,0,17
4860,0,17
7827,0,17
9504,0,17
6216,0,17
2713,0,17
1546,0,17
1637,0,17
8853,0,17
498,0,17
6737,0,17
5813,0,17
3297,0,17
1848,0,17
8319,0,17
5129,0,17
7949,0,17
8704,0,17
5096,0,17
9927,0,17
9050,0,17
9221,0,17
7648,0,17
3839,0,17
8617,0,17
62,0,17
4894,0,17
5575,0,17
2634,0,17
6050,0,17
5687,0,17
9692,0,17
975,0,17
5331,0,17
1902,0,17
6453,0,17
317,0,17
2373,0,17
8097,0,17
3703,0,17
9710,0,17
691,0,17
8286,0,17
4110,0,17
2015,0,17
2599,0,17
7866,0,17
2613,0,17
5530,0,17
6029,0,17
9558,0,17
6115,0,17
4291,0,17
5992,0,17
4510,0,17
4069,0,17
9184,0,17
968,0,17
1633,0,17
3026,0,17
2892,0,17
3377,0,17
9597,0,17
5010,0,17
2836,0,17
2607,0,17
8440,0,17
6455,0,17
7055,0,17
315,0,17
2493,0,17
481,0,17
7247,0,17
4401,0,17
4094,0,17
2433,0,17
9702,0,17
3032,0,17
8549,0,17
5647,0,17
551,0,17
1474,0,17
9172,0,17
1341,0,17
3989,0,17
5398,0,17
8656,0,17
8902,0,17
3810,0,17
8021,0,17
7094,0,17
9328,0,17
461,0,17
2773,0,17
7462,0,17
5363,0,17
7012,0,17
4530,0,17
5055,0,17
2932,0,17
8887,0,17
923,0,17
1631,0,17
3105,0,17
5037,0,17
6697,0,17
5161,0,17
5660,0,17
55,0,17
2996,0,17
6291,0,17
643,0,17
9463,0,17
9703,0,17
598,0,17
9473,0,17
8257,0,17
9357,0,17
8106,0,17
5989,0,17
1676,0,17
8240,0,17
4949,0,17
8263,0,17
2718,0,17
5120,0,17
1423,0,17
1173,0,17
678,0,17
6475,0,17
2611,0,17
1449,0,17
8461,0,17
4987,0,17
4472,0,17
1937,0,17
4920,0,17
2627,0,17
2568,0,17
5305,0,17
7720,0,17
5407,0,17
2208,0,17
6189,0,17
7711,0,17
8965,0,17
3158,0,17
2112,0,17
7594,0,17
3413,0,17
6121,0,17
3453,0,17
2944,0,17
8072,0,17
4343,0,17
3579,0,17
241,0,17
2856,0,17
559,0,17
3225,0,17
7227,0,17
5393,0,17
6277,0,17
6941,0,17
6179,0,17
4696,0,17
7306,0,17
6887,0,17
1741,0,17
9566,0,17
10,0,17
9872,0,17
9166,0,17
7833,0,17
9791,0,17
2065,0,17
1178,0,17
1907,0,17
8528,0,17
9651,13,18
9537,9,18
7020,13,18
1640,0,18
231,0,18
8472,0,18
7897,0,18
6251,0,18
3672,0,18
4670,0,18
9562,0,18
9350,0,18
7892,0,18
267,0,18
9550,0,18
3774,0,18
4612,0,18
6827,0,18
1715,0,18
8518,0,18
5721,0,18
4029,0,18
5535,0,18
2302,0,18
4418,0,18
8548,0,18
2819,0,18
1590,0,18
5531,0,18
8941,0,18
8837,0,18
8223,0,18
4632,0,18
3348,0,18
9512,0,18
7772,0,18
9793,0,18
3161,0,18
9205,0,18
8405,0,18
6684,0,18
4685,0,18
1430,0,18
8765,0,18
4269,0,18
3107,0,18
1011,0,18
6937,0,18
3083,0,18
8367,0,18
2343,0,18
427,0,18
2679,0,18
8715,0,18
8378,0,18
3802,0,18
7869,0,18
5949,0,18
1567,0,18
604,0,18
8876,0,18
2155,0,18
3665,0,18
4514,0,18
5479,0,18
7780,0,18
6712,0,18
5083,0,18
141,0,18
708,0,18
9639,0,18
5890,0,18
5447,0,18
778,0,18
2916,0,18
5053,0,18
2457,0,18
150,0,18
3756,0,18
8373,0,18
1915,0,18
3206,0,18
2463,0,18
2689,0,18
8502,0,18
8121,0,18
7630,0,18
6396,0,18
3919,0,18
9397,0,18
5180,0,18
8134,0,18
1927,0,18
2164,0,18
9004,0,18
9847,0,18
3226,0,18
3755,0,18
9544,0,18
8903,0,18
8758,0,18
2991,0,18
5994,0,18
2292,0,18
6741,0,18
9970,0,18
3861,0,18
5724,0,18
2448,0,18
2919,0,18
1651,0,18
2036,0,18
5517,0,18
2666,0,18
8857,0,18
5874,0,18
127,0,18
5649,0,18
3244,0,18
6556,0,18
9343,0,18
8626,0,18
1415,0,18
2739,0,18
1964,0,18
8913,0,18
4599,0,18
783,0,18
2350,0,18
688,0,18
8113,0,18
274,0,18
782,0,18
7211,0,18
8375,0,18
1673,0,18
1258,0,18
1699,0,18
9461,0,18
3565,0,18
6049,0,18
2745,0,18
8763,0,18
356,0,18
7189,0,18
4496,0,18
6269,0,18
255,0,18
1365,0,18
9976,0,18
3736,0,18
9041,0,18
6660,0,18
2667,0,18
9352,0,18
8213,0,18
6656,0,18
5793,0,18
1389,0,18
9503,0,18
6432,0,18
5349,0,18
4422,0,18
4829,0,18
2785,0,18
6844,0,18
3111,0,18
58,0,18
3381,0,18
1432,0,18
5300,0,18
4322,0,18
5966,0,18
8924,0,18
9662,0,18
1248,0,18
4749,0,18
991,0,18
4023,0,18
13,0,18
4161,0,18
2400,0,18
9155,0,18
6075,0,18
8603,0,18
2434,0,18
2968,0,18
5520,0,18
4384,0,18
4007,0,18
3716,0,18
8928,0,18
7870,0,18
2226,0,18
2170,0,18
2941,0,18
2146,0,18
2309,0,18
2606,0,18
4078,29,19
9716,14,19
7633,14,19
4332,18,19
4183,29,19
871,30,19
9540,0,19
9488,0,19
4832,0,19
2511,0,19
9746,0,19
9150,0,19
7436,0,19
34,0,19
1451,0,19
6454,0,19
7986,0,19
8324,0,19
7894,0,19
1411,0,19
7220,0,19
5557,0,19
5194,0,19
7051,0,19
7380,0,19
1334,0,19
478,0,19
9806,0,19
8434,0,19
9987,0,19
5774,0,19
3167,0,19
7964,0,19
9917,0,19
9376,0,19
6160,0,19
1126,0,19
8877,0,19
2659,0,19
8861,0,19
6468,0,19
9478,0,19
7521,0,19
8574,0,19
178,0,19
1711,0,19
812,0,19
5045,0,19
6704,0,19
9279,0,19
4803,0,19
6263,0,19
47,0,19
2321,0,19
4244,0,19
6562,0,19
9235,0,19
9924,0,19
2429,0,19
8578,0,19
4635,0,19
7457,0,19
6178,0,19
8462,0,19
1264,0,19
1950,0,19
3688,0,19
1319,0,19
3203,0,19
9571,0,19
7250,0,19
4660,0,19
3094,0,19
7070,0,19
3016,0,19
9054,0,19
3344,0,19
6254,0,19
8960,0,19
8081,0,19
5315,0,19
8276,0,19
8485,0,19
3486,0,19
1789,0,19
9178,0,19
5987,0,19
6900,0,19
7539,0,19
7390,0,19
7454,0,19
5030,0,19
6805,0,19
8200,0,19
4285,0,19
5125,0,19
1645,0,19
6495,0,19
3623,0,19
1698,0,19
8225,0,19
6995,0,19
6914,0,19
4807,0,19
1401,0,19
9403,0,19
3259,0,19
9944,0,19
5626,0,19
7237,0,19
136,0,19
5195,0,19
2477,0,19
9635,0,19
4320,0,19
9176,0,19
9448,0,19
2494,0,19
693,0,19
5249,0,19
5802,0,19
4598,0,19
2891,0,19
1763,0,19
2413,0,19
557,0,19
8910,0,19
1047,0,19
4842,0,19
4983,0,19
6913,0,19
437,0,19
3529,0,19
2952,0,19
7307,0,19
8217,0,19
1394,0,19
1555,0,19
8983,0,19
6480,0,19
7888,0,19
9249,0,19
7076,0,19
5778,0,19
5769,0,19
6716,0,19
4554,0,19
7912,0,19
4444,0,19
5042,0,19
2139,0,19
1655,0,19
2652,0,19
2415,0,19
1337,0,19
5931,0,19
9132,0,19
2194,0,19
2306,0,19
1579,0,19
3803,0,19
8696,0,19
2927,0,19
8770,0,19
772,0,19
3954,0,19
1120,0,19
1866,0,19
4648,0,19
8114,0,19
9813,0,19
6738,0,19
1750,0,19
2804,0,19
3906,0,19
8312,0,19
8314,0,19
5661,0,19
9928,0,19
4173,0,19
7904,0,19
1289,0,19
6665,0,19
4944,0,19
4551,0,20
4113,0,20
4102,0,20
1116,0,20
7557,0,20
2950,0,20
3401,0,20
7728,0,20
3100,0,20
4220,0,20
9974,0,20
6798,0,20
6857,0,20
7091,0,20
7712,0,20
9982,0,20
976,0,20
2363,0,20
1154,0,20
7988,0,20
3387,0,20
9528,0,20
967,0,20
5454,0,20
6881,0,20
2129,0,20
6243,0,20
2789,0,20
1580,0,20
386,0,20
2528,0,20
4891,0,20
8703,0,20
6180,0,20
95,0,20
9289,0,20
3248,0,20
3867,0,20
3991,0,20
187,0,20
3521,0,20
252,0,20
3969,0,20
66,0,20
3331,0,20
5285,0,20
3655,0,20
9094,0,20
6457,0,20
5859,0,20
1886,0,20
211,0,20
1595,0,20
9526,0,20
973,0,20
1571,0,20
9065,0,20
8333,0,20
2626,0,20
3934,0,20
9699,0,20
2645,0,20
9671,0,20
6874,0,20
5336,0,20
4979,0,20
424,0,20
7147,0,20
908,0,20
9634,0,20
9229,0,20
4911,0,20
4137,0,20
3940,0,20
3952,0,20
7623,0,20
2354,0,20
3801,0,20
9945,0,20
3635,0,20
5591,0,20
3932,0,20
8151,0,20
7160,0,20
6800,0,20
914,0,20
93,0,20
4477,0,20
1554,0,20
7013,0,20
3614,0,20
8981,0,20
1010,0,20
3578,0,20
1578,0,20
8801,0,20
4785,0,20
7675,0,20
9103,0,20
7366,0,20
7563,0,20
1972,0,20
4974,0,20
8692,0,20
6512,0,20
2971,0,20
4308,0,20
2286,0,20
2976,0,20
4655,0,20
4989,0,20
626,0,20
357,0,20
9660,0,20
8494,0,20
5689,0,20
4777,0,20
801,0,20
2533,0,20
3080,0,20
1743,0,20
3937,0,20
7637,0,20
7542,0,20
5753,0,20
2901,0,20
4218,0,20
2257,0,20
2576,0,20
8597,0,20
2242,0,20
2985,0,20
1545,0,20
9805,0,20
1162,0,20
9008,0,20
1589,0,20
4447,0,20
8659,0,20
739,0,20
6349,0,20
9843,0,20
7509,0,20
1897,0,20
5810,0,20
1098,0,20
166,0,20
1147,0,20
9600,0,20
7896,0,20
7003,0,20
4370,0,20
4131,0,20
408,0,20
8781,0,20
1058,0,20
3363,0,20
8977,0,20
2969,0,20
8119,0,20
9712,0,20
8182,0,20
689,0,20
2581,0,20
5423,0,20
5337,0,20
4961,0,20
3961,0,20
8634,0,20
6228,0,20
1137,0,20
9112,0,20
5043,0,20
2040,0,20
7541,0,20
8197,0,20
8532,0,20
7230,0,20
7041,0,20
1980,0,20
8707,0,20
7179,0,20
8299,0,20
843,0,20
9622,0,20
2671,0,20
3488,0,20
6231,0,20
4079,0,20
7552,0,20
7600,0,20
7111,0,20
2314,0,20
9575,0,20
4925,0,20
798,0,20
2893,0,20
7272,0,20
7818,0,20
4733,21,21
210,28,21
6837,29,21
7261,30,21
4334,0,21
6607,0,21
8038,0,21
8030,0,21
5600,0,21
6111,0,21
7005,0,21
3118,0,21
152,0,21
294,0,21
9756,0,21
6235,0,21
9180,0,21
6592,0,21
5482,0,21
1601,0,21
1916,0,21
6706,0,21
4723,0,21
3884,0,21
2756,0,21
7677,0,21
876,0,21
3380,0,21
8175,0,21
5004,0,21
4243,0,21
3812,0,21
145,0,21
6771,0,21
2141,0,21
1670,0,21
1522,0,21
1203,0,21
7628,0,21
8264,0,21
8480,0,21
7144,0,21
988,0,21
7370,0,21
3103,0,21
8063,0,21
3668,0,21
7389,0,21
1134,0,21
6004,0,21
3892,0,21
6125,0,21
3604,0,21
3224,0,21
5255,0,21
4266,0,21
8813,0,21
8869,0,21
7270,0,21
1339,0,21
1220,0,21
2995,0,21
3827,0,21
1525,0,21
2365,0,21
90,0,21
7053,0,21
818,0,21
2959,0,21
5443,0,21
6616,0,21
753,0,21
2532,0,21
7729,0,21
1330,0,21
4145,0,21
2586,0,21
4345,0,21
3237,0,21
3654,0,21
7692,0,21
6509,0,21
4424,0,21
3228,0,21
1367,0,21
5654,0,21
1083,0,21
3930,0,21
3539,0,21
698,0,21
3726,0,21
4511,0,21
5701,0,21
470,0,21
3749,0,21
5948,0,21
3160,0,21
4968,0,21
5251,0,21
8507,0,21
1773,0,21
2275,0,21
7066,0,21
3949,0,21
752,0,21
4809,0,21
5546,0,21
6879,0,21
5667,0,21
4557,0,21
9905,0,21
764,0,21
236,0,21
5518,0,21
1096,0,21
5405,0,21
195,0,21
841,0,21
9336,0,21
2956,0,21
7210,0,21
1547,0,21
5381,0,21
1652,0,21
7092,0,21
6484,0,21
6653,0,21
4858,0,21
1398,0,21
5947,0,21
8695,0,21
6241,0,21
8077,0,21
5791,0,21
7480,0,21
1391,0,21
2742,0,21
398,0,21
8796,0,21
2720,0,21
5899,0,21
33,0,21
3760,0,21
9198,0,21
2577,0,21
9186,0,21
5089,0,21
1262,0,21
100,0,21
9798,0,21
7310,0,21
6965,0,21
5826,0,21
9045,0,21
5690,0,21
7163,0,21
8564,0,21
186,0,21
4630,0,21
6526,0,21
4885,0,21
5357,0,21
6007,0,21
1833,0,21
821,0,21
3751,0,21
5671,0,21
2332,0,21
2236,0,21
5244,0,21
2725,0,21
329,0,21
6724,0,21
1722,0,21
5571,0,21
3864,0,21
8230,0,21
9643,0,21
6015,0,21
9246,0,21
741,0,21
5777,0,21
1215,0,21
6851,0,21
5196,0,21
391,0,21
259,0,21
9983,0,21
1445,0,21
1575,0,21
5691,0,21
7281,0,21
4693,0,21
1955,0,21
3194,0,21
6613,0,21
1326,0,21
6143,0,21
5384,0,21
4564,0,21
917,23,22
394,31,22
6538,0,22
6742,0,22
6124,0,22
742,0,22
9069,0,22
4129,0,22
4544,0,22
1484,0,22
561,0,22
7783,0,22
5060,0,22
7500,0,22
3832,0,22
1109,0,22
2296,0,22
6359,0,22
6658,0,22
2435,0,22
3239,0,22
7560,0,22
7474,0,22
5969,0,22
8351,0,22
8607,0,22
5961,0,22
3223,0,22
8259,0,22
314,0,22
5599,0,22
5316,0,22
5380,0,22
7330,0,22
3108,0,22
1117,0,22
8149,0,22
1818,0,22
9278,0,22
1513,0,22
4312,0,22
5000,0,22
750,0,22
6471,0,22
6984,0,22
2723,0,22
8452,0,22
3123,0,22
7871,0,22
1035,0,22
971,0,22
4704,0,22
2735,0,22
4690,0,22
440,0,22
3547,0,22
3761,0,22
2438,0,22
4629,0,22
181,0,22
6585,0,22
8822,0,22
1072,0,22
9270,0,22
81,0,22
6215,0,22
3173,0,22
1163,0,22
9323,0,22
4999,0,22
7268,0,22
7143,0,22
376,0,22
3046,0,22
4909,0,22
8631,0,22
3468,0,22
2180,0,22
3601,0,22
7110,0,22
5186,0,22
1063,0,22
3127,0,22
6213,0,22
5582,0,22
4402,0,22
7572,0,22
6647,0,22
9780,0,22
9310,0,22
8625,0,22
3882,0,22
7759,0,22
4302,0,22
7097,0,22
5119,0,22
9862,0,22
8719,0,22
4303,0,22
1025,0,22
9100,0,22
5634,0,22
4926,0,22
421,0,22
2918,0,22
2443,0,22
3175,0,22
892,0,22
6397,0,22
2128,0,22
9952,0,22
6392,0,22
9468,0,22
5451,0,22
1033,0,22
1639,0,22
6064,0,22
9127,0,22
3592,0,22
3447,0,22
6332,0,22
5767,0,22
471,0,22
4437,0,22
2636,0,22
7607,0,22
5362,0,22
2031,0,22
9142,0,22
6886,0,22
6595,0,22
6042,0,22
4730,0,22
5953,0,22
699,0,22
1403,0,22
5147,0,22
9305,0,22
57,0,22
8395,0,22
5401,0,22
3729,0,22
2653,0,22
9484,0,22
7983,0,22
5572,0,22
891,0,22
8481,0,22
26,0,22
8844,0,22
7824,0,22
7218,0,22
8936,0,22
6584,0,22
8248,0,22
1684,0,22
8370,0,22
3213,0,22
7620,0,22
4066,0,22
124,0,22
2873,0,22
2450,0,22
2137,0,22
1795,0,22
1144,0,22
2028,0,22
1587,0,22
5394,0,22
5409,0,22
7205,0,22
1865,0,22
8016,0,22
6958,0,22
5996,0,22
8968,0,22
9610,0,22
1548,0,22
1600,0,22
332,0,22
8937,0,22
3290,0,22
6604,0,22
953,0,22
1211,0,22
7383,0,22
6469,0,22
2006,0,22
7688,0,22
7071,0,22
1464,0,22
1199,0,22
9313,0,22
3038,0,22
4517,0,22
9052,0,22
7739,0,22
2813,0,22
8129,0,22
6445,0,22
4718,0,22
2776,0,22
636,0,22
9345,0,22
6091,30,23
7487,0,23
472,0,23
3759,0,23
6371,0,23
3515,0,23
2912,0,23
5585,0,23
8688,0,23
735,0,23
4378,0,23
6403,0,23
7807,0,23
7292,0,23
4970,0,23
3353,0,23
4406,0,23
249,0,23
3624,0,23
8990,0,23
1772,0,23
3943,0,23
7405,0,23
4895,0,23
2191,0,23
1476,0,23
4981,0,23
2921,0,23
7186,0,23
69,0,23
3219,0,23
6782,0,23
2000,0,23
7574,0,23
5277,0,23
3965,0,23
2878,0,23
6322,0,23
2115,0,23
3279,0,23
5880,0,23
7167,0,23
2201,0,23
3770,0,23
6414,0,23
1376,0,23
5658,0,23
4157,0,23
5770,0,23
6423,0,23
1917,0,23
7852,0,23
8513,0,23
5559,0,23
1707,0,23
5114,0,23
8078,0,23
7699,0,23
6867,0,23
6544,0,23
1253,0,23
3484,0,23
6659,0,23
7565,0,23
2053,0,23
9162,0,23
6239,0,23
1350,0,23
1869,0,23
3507,0,23
5732,0,23
1169,0,23
1471,0,23
2658,0,23
3450,0,23
2308,0,23
8241,0,23
301,0,23
7760,0,23
985,0,23
522,0,23
3728,0,23
5878,0,23
9609,0,23
7694,0,23
3286,0,23
4917,0,23
3423,0,23
2023,0,23
7843,0,23
3445,0,23
9230,0,23
1717,0,23
2063,0,23
4948,0,23
6970,0,23
9312,0,23
2228,0,23
4386,0,23
3490,0,23
5699,0,23
3825,0,23
9146,0,23
5653,0,23
5527,0,23
1648,0,23
142,0,23
1231,0,23
770,0,23
5335,0,23
650,0,23
4242,0,23
7260,0,23
3411,0,23
491,0,23
3795,0,23
6080,0,23
4178,0,23
7149,0,23
5561,0,23
2087,0,23
4570,0,23
3347,0,23
995,0,23
1801,0,23
1204,0,23
2691,0,23
1985,0,23
381,0,23
9906,0,23
4922,0,23
4521,0,23
2895,0,23
5986,0,23
3405,0,23
8233,0,23
9612,0,23
6031,0,23
4698,0,23
6769,0,23
2163,0,23
7597,0,23
8071,0,23
6574,0,23
158,0,23
7471,0,23
5708,0,23
8254,0,23
1770,0,23
8238,0,23
1281,0,23
5468,0,23
777,0,23
9568,0,23
6817,0,23
6773,0,23
2240,0,23
413,0,23
5516,0,23
2030,0,23
6529,0,23
4877,0,23
2062,0,23
6568,0,23
2534,0,23
3748,0,23
2245,0,23
7632,0,23
773,0,23
6952,0,23
9359,0,23
9502,0,23
2479,0,23
2657,0,23
5605,0,23
9413,0,23
2988,0,23
5332,0,23
3606,0,23
8303,0,23
9200,0,23
6657,0,23
4138,0,23
6372,0,23
5268,0,23
8145,0,23
5613,0,23
3477,0,23
3731,0,23
3058,0,23
5104,0,23
8865,0,23
8125,0,23
7300,0,23
3130,0,23
5866,0,23
5294,0,23
4679,0,23
1780,0,23
950,0,23
5928,0,23
463,0,23
7662,0,23
1499,0,23
972,0,23
8052,24,24
532,24,24
8493,24,24
1785,8,24
1606,12,24
8397,24,24
893,0,24
755,0,24
608,0,24
3566,0,24
8109,0,24
8586,0,24
6739,0,24
7396,0,24
2177,0,24
9117,0,24
5734,0,24
6548,0,24
894,0,24
9335,0,24
7984,0,24
7371,0,24
128,0,24
3052,0,24
5594,0,24
2252,0,24
8122,0,24
8410,0,24
2043,0,24
3302,0,24
3833,0,24
9737,0,24
77,0,24
9649,0,24
2038,0,24
4879,0,24
2848,0,24
6198,0,24
8401,0,24
9932,0,24
9007,0,24
7566,0,24
1139,0,24
4203,0,24
578,0,24
2397,0,24
303,0,24
6940,0,24
4163,0,24
3045,0,24
5141,0,24
1366,0,24
627,0,24
7522,0,24
2772,0,24
8143,0,24
8039,0,24
6196,0,24
1824,0,24
8891,0,24
4164,0,24
3784,0,24
654,0,24
9110,0,24
6693,0,24
6788,0,24
8166,0,24
874,0,24
9223,0,24
9217,0,24
54,0,24
2736,0,24
4301,0,24
1993,0,24
1959,0,24
2719,0,24
272,0,24
9024,0,24
9377,0,24
1158,0,24
1462,0,24
6014,0,24
7687,0,24
1553,0,24
1345,0,24
9811,0,24
6631,0,24
8176,0,24
9414,0,24
1746,0,24
3860,0,24
1237,0,24
4427,0,24
1532,0,24
3318,0,24
8544,0,24
8974,0,24
6490,0,24
5411,0,24
8923,0,24
7516,0,24
1599,0,24
4355,0,24
56,0,24
8099,0,24
5972,0,24
7358,0,24
1982,0,24
477,0,24
8797,0,24
8971,0,24
6400,0,24
4039,0,24
9753,0,24
3531,0,24
9801,0,24
8315,0,24
8900,0,24
6795,0,24
5057,0,24
5356,0,24
4339,0,24
6240,0,24
9466,0,24
9115,0,24
8329,0,24
8013,0,24
2663,0,24
4508,0,24
1872,0,24
2841,0,24
309,0,24
353,0,24
8778,0,24
4952,0,24
307,0,24
7077,0,24
7057,0,24
8690,0,24
6504,0,24
4799,0,24
6207,0,24
2224,0,24
7713,0,24
16,0,24
5382,0,24
9228,0,24
9529,0,24
4194,0,24
8814,0,24
3631,0,24
2225,0,24
2409,0,24
9904,0,24
520,0,24
5065,0,24
8635,0,24
8710,0,24
628,0,24
5077,0,24
1230,0,24
5536,0,24
4982,0,24
4188,0,24
84,0,24
25,0,24
746,0,24
3683,0,24
7802,0,24
2942,0,24
133,0,24
1141,0,24
6060,0,24
2339,0,24
4257,0,24
1753,0,24
2075,0,24
9943,0,24
6035,0,24
6261,0,24
2366,0,24
8553,0,24
9140,0,24
3890,0,24
6169,0,24
5023,0,24
1794,0,24
8420,0,24
1356,0,24
3951,0,24
909,0,24
3321,0,24
6794,0,24
602,0,24
1900,0,24
9665,0,24
802,0,24
4686,0,24
6841,0,24
157,0,24
3879,0,24
324,0,24
6204,0,24
484,0,24
518,0,24
8955,0,24
2219,0,24
1514,0,24
3267,0,24
4936,0,24
9020,0,24
5975,0,24
7551,0,24
2925,0,24
8385,0,24
940,0,24
541,0,24
5378,0,24
1059,14,25
4247,6,25
326,14,25
4465,24,25
4292,0,25
1290,0,25
7464,0,25
2417,0,25
7034,0,25
582,0,25
7978,0,25
5367,0,25
9687,0,25
6398,0,25
5679,0,25
6910,0,25
6047,0,25
5157,0,25
5145,0,25
9177,0,25
1313,0,25
1155,0,25
6234,0,25
855,0,25
710,0,25
1305,0,25
2002,0,25
5958,0,25
3291,0,25
5183,0,25
4676,0,25
9255,0,25
4089,0,25
1292,0,25
1898,0,25
2897,0,25
7351,0,25
8489,0,25
4488,0,25
7726,0,25
4263,0,25
1683,0,25
6959,0,25
9638,0,25
2766,0,25
2829,0,25
1187,0,25
8321,0,25
1472,0,25
99,0,25
9456,0,25
5415,0,25
4254,0,25
6863,0,25
6772,0,25
6994,0,25
7148,0,25
7825,0,25
7146,0,25
2051,0,25
3947,0,25
5088,0,25
170,0,25
5892,0,25
733,0,25
1619,0,25
3491,0,25
5446,0,25
6058,0,25
4978,0,25
6290,0,25
1537,0,25
4098,0,25
2761,0,25
6244,0,25
603,0,25
2,0,25
3191,0,25
3263,0,25
4,0,25
4486,0,25
4929,0,25
6039,0,25
8189,0,25
3247,0,25
6006,0,25
8150,0,25
8956,0,25
5737,0,25
8940,0,25
4697,0,25
6581,0,25
1431,0,25
1260,0,25
7444,0,25
9772,0,25
2199,0,25
9736,0,25
3232,0,25
9564,0,25
7577,0,25
7059,0,25
1737,0,25
6923,0,25
8437,0,25
7515,0,25
1498,0,25
8850,0,25
7430,0,25
2266,0,25
6575,0,25
3799,0,25
2193,0,25
1426,0,25
8449,0,25
2673,0,25
3517,0,25
6988,0,25
3771,0,25
2811,0,25
4980,0,25
9023,0,25
4610,0,25
6536,0,25
4451,0,25
3718,0,25
2134,0,25
3656,0,25
5501,0,25
8347,0,25
4542,0,25
3829,0,25
6709,0,25
2100,0,25
7663,0,25
8727,0,25
665,0,25
7829,0,25
2133,0,25
383,0,25
7391,0,25
7477,0,25
5388,0,25
6668,0,25
3642,0,25
5464,0,25
5236,0,25
9849,0,25
1068,0,25
2750,0,25
1843,0,25
8795,0,25
525,0,25
7408,0,25
7758,0,25
7084,0,25
2277,0,25
2184,0,25
2889,0,25
4092,0,25
5075,0,25
590,0,25
5426,0,25
6964,0,25
6789,0,25
5487,0,25
8526,0,25
596,0,25
3497,0,25
4562,0,25
5603,0,25
2440,0,25
6982,0,25
5466,0,25
4851,0,25
7980,0,25
5627,0,25
684,0,25
1087,0,25
8841,0,25
6185,0,25
68,0,25
1735,0,25
9617,0,25
8012,0,25
2530,0,25
7501,0,25
2699,0,25
6163,0,25
6090,0,25
5074,0,25
76,0,25
6597,0,25
681,0,25
5494,0,25
3006,0,25
2972,0,25
7547,0,25
5266,0,25
3121,0,25
889,0,25
7696,0,25
8701,0,25
8082,0,25
7101,0,25
6407,0,25
8962,0,25
9734,0,25
957,0,25
4819,0,25
8112,0,25
9326,0,25
6728,0,25
9794,0,25
5636,0,25
4694,0,25
2380,0,25
7241,0,25
7751,0,25
3033,0,25
5568,0,25
8896,0,25
1284,0,25
3998,0,25
6764,0,25
288,0,25
540,0,25
7997,0,25
393,6,26
5135,0,26
5608,8,26
5978,5,26
7262,8,26
3501,29,26
6005,0,26
7905,0,26
924,0,26
8986,0,26
8158,0,26
1407,0,26
738,0,26
8491,0,26
8601,0,26
2914,0,26
6253,0,26
7573,0,26
6894,0,26
5240,0,26
7517,0,26
2724,0,26
64,0,26
2570,0,26
8111,0,26
9189,0,26
4353,0,26
8854,0,26
372,0,26
9725,0,26
6559,0,26
4011,0,26
5199,0,26
7846,0,26
7784,0,26
4159,0,26
9118,0,26
4331,0,26
2778,0,26
8430,0,26
8628,0,26
6126,0,26
39,0,26
9866,0,26
1832,0,26
1662,0,26
2827,0,26
1544,0,26
9834,0,26
8759,0,26
4434,0,26
2717,0,26
9192,0,26
4281,0,26
6308,0,26
3859,0,26
6550,0,26
5700,0,26
3845,0,26
1159,0,26
2506,0,26
5326,0,26
8892,0,26
4857,0,26
7981,0,26
6190,0,26
8838,0,26
8640,0,26
1653,0,26
9341,0,26
1457,0,26
3406,0,26
7799,0,26
8362,0,26
2162,0,26
8933,0,26
8919,0,26
1557,0,26
9754,0,26
3705,0,26
2033,0,26
1304,0,26
6532,0,26
8562,0,26
9437,0,26
8921,0,26
8700,0,26
3706,0,26
4328,0,26
9505,0,26
7754,0,26
2150,0,26
4991,0,26
2046,0,26
495,0,26
9616,0,26
3373,0,26
5930,0,26
3073,0,26
1549,0,26
2010,0,26
6418,0,26
8842,0,26
9842,0,26
175,0,26
5909,0,26
222,0,26
487,0,26
9867,0,26
5050,0,26
9053,0,26
2620,0,26
7849,0,26
3853,0,26
4572,0,26
9648,0,26
1414,0,26
6001,0,26
3476,0,26
7326,0,26
7317,0,26
4986,0,26
3217,0,26
6358,0,26
5110,0,26
9252,0,26
1024,0,26
9636,0,26
964,0,26
3509,0,26
4501,0,26
2490,0,26
3689,0,26
1200,0,26
2281,0,26
4076,0,26
2315,0,26
2535,0,26
2113,0,26
9652,0,26
9656,0,26
2986,0,26
7742,0,26
8469,0,26
5170,0,26
5728,0,26
7898,0,26
7465,0,26
8751,0,26
2153,0,26
4199,0,26
1605,0,26
3438,0,26
7995,0,26
7008,0,26
8457,0,26
4691,0,26
8764,0,26
1193,0,26
9527,0,26
4561,0,26
9361,0,26
6551,0,26
5324,0,26
3419,0,26
5864,0,26
8864,0,26
5130,0,26
4346,0,26
9408,0,26
2822,0,26
587,0,26
1939,0,26
6148,0,26
7142,0,26
9077,0,26
7203,0,26
4784,0,26
5143,0,26
597,0,26
981,0,26
3379,0,26
7801,0,26
2945,7,27
5029,3,27
1760,7,27
9915,0,27
6673,0,27
9598,0,27
2684,0,27
6721,0,27
3535,0,27
1766,0,27
2850,0,27
8053,0,27
89,0,27
2331,0,27
202,0,27
3435,0,27
588,0,27
1406,0,27
4725,0,27
7063,0,27
6825,0,27
6608,0,27
8296,0,27
6682,0,27
5614,0,27
1913,0,27
6861,0,27
994,0,27
2867,0,27
7472,0,27
7554,0,27
1202,0,27
3180,0,27
1032,0,27
7603,0,27
4856,0,27
5444,0,27
1908,0,27
4498,0,27
9274,0,27
1372,0,27
937,0,27
9630,0,27
8467,0,27
5112,0,27
2001,0,27
2545,0,27
2176,0,27
1504,0,27
9894,0,27
1447,0,27
4529,0,27
5979,0,27
7086,0,27
7264,0,27
5321,0,27
9044,0,27
4852,0,27
8475,0,27
5375,0,27
169,0,27
7488,0,27
1881,0,27
8126,0,27
4024,0,27
1888,0,27
8260,0,27
1661,0,27
2052,0,27
697,0,27
9306,0,27
4492,0,27
3679,0,27
4057,0,27
3112,0,27
4031,0,27
2424,0,27
5538,0,27
144,0,27
2970,0,27
668,0,27
2688,0,27
3424,0,27
3222,0,27
4523,0,27
4055,0,27
5982,0,27
42,0,27
7459,0,27
2600,0,27
7887,0,27
5123,0,27
2439,0,27
5261,0,27
1333,0,27
4369,0,27
6283,0,27
140,0,27
8722,0,27
9682,0,27
8748,0,27
8980,0,27
1494,0,27
595,0,27
6808,0,27
5134,0,27
3584,0,27
3899,0,27
3149,0,27
1266,0,27
585,0,27
9119,0,27
3811,0,27
4155,0,27
4362,0,27
9194,0,27
8280,0,27
3831,0,27
9625,0,27
7680,0,27
8236,0,27
6634,0,27
5064,0,27
9303,0,27
9368,0,27
1524,0,27
5259,0,27
6883,0,27
6272,0,27
6294,0,27
3960,0,27
348,0,27
3481,0,27
7127,0,27
6334,0,27
8226,0,27
5973,0,27
7165,0,27
6848,0,27
7667,0,27
675,0,27
1386,0,27
7171,0,27
9697,0,27
1343,0,27
8817,0,27
2088,0,27
5838,0,27
6482,0,27
1006,0,27
2909,0,27
8671,0,27
4787,0,27
5937,0,27
9497,0,27
8127,0,27
6523,0,27
7343,0,27
1963,0,27
1218,0,27
3402,0,27
5109,0,27
7404,0,27
8676,0,27
5625,0,27
6417,0,27
7714,0,27
1179,0,27
1270,0,27
2144,0,27
2623,0,27
6318,0,27
185,0,27
5144,0,27
1775,0,27
7669,0,27
791,0,27
3842,0,27
7955,0,27
242,0,27
7022,0,27
3270,0,27
767,0,27
9844,0,27
2837,0,27
9727,0,27
5601,0,27
2716,0,27
7007,0,27
232,0,27
7785,0,27
8952,0,27
546,0,27
7683,0,27
6340,0,27
4515,0,27
6535,0,27
1347,0,27
9331,0,27
2753,0,27
3030,0,27
2328,7,28
2369,8,28
8894,8,28
5047,27,28
757,0,28
6421,0,28
4597,0,28
2124,0,28
8750,0,28
4846,0,28
3697,0,28
711,0,28
9659,0,28
5902,0,28
2614,0,28
8966,0,28
8559,0,28
8664,0,28
4904,0,28
1212,0,28
5445,0,28
2020,0,28
7217,0,28
7822,0,28
5834,0,28
9439,0,28
3780,0,28
4827,0,28
85,0,28
1481,0,28
5107,0,28
3210,0,28
9211,0,28
3520,0,28
2094,0,28
308,0,28
2621,0,28
2399,0,28
5644,0,28
8146,0,28
3562,0,28
9063,0,28
9946,0,28
6956,0,28
7096,0,28
8906,0,28
362,0,28
1629,0,28
6699,0,28
1636,0,28
8840,0,28
3469,0,28
216,0,28
3740,0,28
4279,0,28
1713,0,28
7862,0,28
2080,0,28
8963,0,28
2934,0,28
3305,0,28
1217,0,28
7604,0,28
1851,0,28
2748,0,28
4566,0,28
5097,0,28
2990,0,28
6431,0,28
3945,0,28
5217,0,28
3196,0,28
6942,0,28
3806,0,28
6695,0,28
4532,0,28
7087,0,28
5911,0,28
2035,0,28
8399,0,28
2644,0,28
9890,0,28
6949,0,28
4185,0,28
1762,0,28
8829,0,28
7631,0,28
7991,0,28
4801,0,28
4638,0,28
846,0,28
6226,0,28
2190,0,28
3034,0,28
3791,0,28
1657,0,28
5990,0,28
6806,0,28
3473,0,28
993,0,28
374,0,28
1167,0,28
1839,0,28
4225,0,28
5735,0,28
7706,0,28
3687,0,28
7180,0,28
8274,0,28
3193,0,28
6485,0,28
3564,0,28
8852,0,28
8790,0,28
4093,0,28
162,0,28
9363,0,28
455,0,28
7568,0,28
9406,0,28
6089,0,28
9545,0,28
5167,0,28
3824,0,28
6691,0,28
3043,0,28
8804,0,28
4255,0,28
648,0,28
1369,0,28
2278,0,28
3407,0,28
3693,0,28
5017,0,28
966,0,28
4761,0,28
6401,0,28
1706,0,28
8550,0,28
5419,0,28
6828,0,28
4665,0,28
7327,0,28
9679,0,28
5974,0,28
7492,0,28
6370,0,28
5797,0,28
3599,0,28
8035,0,28
4908,0,28
4790,0,28
3897,0,28
9316,0,28
6079,0,28
8080,0,28
4695,0,28
3294,0,28
9779,0,28
1565,0,28
2422,0,28
8618,0,28
723,0,28
3815,0,28
4853,0,28
6681,0,28
2495,0,28
9675,0,28
6980,0,28
4348,0,28
7998,0,28
1602,0,28
5800,0,28
3245,0,28
8860,0,28
847,0,28
8363,0,28
2197,0,28
126,0,28
5852,0,28
3063,0,28
1434,7,29
243,0,29
4915,0,29
7954,0,29
1642,0,29
7123,0,29
7410,0,29
6831,0,29
3292,0,29
4652,0,29
3902,0,29
7153,0,29
1318,0,29
7200,0,29
6473,0,29
4822,0,29
4283,0,29
5765,0,29
7717,0,29
3301,0,29
7820,0,29
4091,0,29
5857,0,29
5218,0,29
6386,0,29
5127,0,29
9569,0,29
2701,0,29
3144,0,29
1043,0,29
8757,0,29
2834,0,29
2615,0,29
6901,0,29
3866,0,29
5481,0,29
568,0,29
4886,0,29
5039,0,29
3820,0,29
2759,0,29
6932,0,29
6025,0,29
7246,0,29
2135,0,29
5008,0,29
3714,0,29
6389,0,29
2364,0,29
320,0,29
1387,0,29
7994,0,29
8592,0,29
2619,0,29
3183,0,29
5854,0,29
700,0,29
6711,0,29
8995,0,29
8334,0,29
6265,0,29
8198,0,29
6760,0,29
4985,0,29
3865,0,29
9435,0,29
3371,0,29
3674,0,29
4567,0,29
3626,0,29
488,0,29
8738,0,29
5385,0,29
6287,0,29
9216,0,29
1442,0,29
2994,0,29
8262,0,29
4120,0,29
1518,0,29
5253,0,29
4955,0,29
4537,0,29
9730,0,29
137,0,29
7299,0,29
2013,0,29
5154,0,29
446,0,29
9900,0,29
8605,0,29
3721,0,29
2205,0,29
3844,0,29
2624,0,29
8463,0,29
8120,0,29
4052,0,29
454,0,29
6051,0,29
4841,0,29
5221,0,29
9489,0,29
8147,0,29
2770,0,29
7814,0,29
3048,0,29
7221,0,29
3251,0,29
8866,0,29
7672,0,29
9418,0,29
2356,0,29
7700,0,29
5412,0,29
4134,0,29
7130,0,29
4450,0,29
1876,0,29
8581,0,29
3307,0,29
4607,0,29
910,0,29
1495,0,29
9809,0,29
1700,0,29
6388,0,29
5663,0,29
7945,0,29
7627,0,29
1377,0,29
9538,0,29
3335,0,29
4616,0,29
6360,0,29
325,0,29
2348,0,29
1226,0,29
438,0,29
1987,0,29
8015,0,29
8820,0,29
7874,0,29
4896,0,29
4811,0,29
14,0,29
4615,0,29
5048,0,29
5169,0,29
8006,0,29
506,0,29
6696,0,29
8390,0,29
4108,0,29
7987,0,29
1558,0,29
6783,0,29
9763,0,29
7535,0,29
8677,0,29
8514,0,29
8957,0,29
4230,0,29
6727,0,29
4844,0,29
80,0,29
4388,0,29
3630,0,29
4940,0,29
2131,0,29
6009,0,29
2446,0,29
9367,0,29
3174,0,29
212,0,29
7883,0,29
1997,0,29
7392,0,29
8429,0,29
5424,0,29
5178,0,29
4902,0,29
179,0,29
6565,0,29
1165,0,29
3146,0,29
7441,21,30
5328,19,30
9916,23,30
1191,7,30
426,19,30
9149,23,30
6648,29,30
7569,0,30
1764,0,30
4748,0,30
3638,0,30
1919,0,30
7384,0,30
7605,0,30
6688,0,30
7581,0,30
3863,0,30
4586,0,30
2188,0,30
6157,0,30
3576,0,30
7579,0,30
8639,0,30
9047,0,30
513,0,30
980,0,30
9807,0,30
6787,0,30
4442,0,30
3164,0,30
3525,0,30
5164,0,30
8620,0,30
3077,0,30
8789,0,30
7451,0,30
9524,0,30
7611,0,30
5742,0,30
1160,0,30
7664,0,30
5576,0,30
4416,0,30
9090,0,30
9856,0,30
2838,0,30
7545,0,30
8041,0,30
9968,0,30
884,0,30
3737,0,30
6985,0,30
7505,0,30
852,0,30
4452,0,30
6405,0,30
6467,0,30
2114,0,30
3471,0,30
5507,0,30
3506,0,30
8615,0,30
4286,0,30
1977,0,30
2980,0,30
8616,0,30
3365,0,30
143,0,30
2370,0,30
2905,0,30
6588,0,30
5021,0,30
6944,0,30
9013,0,30
290,0,30
6576,0,30
6087,0,30
22,0,30
7114,0,30
4467,0,30
854,0,30
8389,0,30
5851,0,30
4327,0,30
8907,0,30
8448,0,30
6510,0,30
6948,0,30
1644,0,30
5101,0,30
6860,0,30
4992,0,30
4684,0,30
805,0,30
3880,0,30
6935,0,30
7126,0,30
5906,0,30
8337,0,30
7738,0,30
5590,0,30
9120,0,30
9800,0,30
1429,0,30
2295,0,30
6871,0,30
3967,0,30
1465,0,30
5913,0,30
9723,0,30
4042,0,30
926,0,30
8833,0,30
935,0,30
8551,0,30
3470,0,30
4236,0,30
6829,0,30
870,0,30
7906,0,30
8890,0,30
1903,0,30
6404,0,30
9591,0,30
8249,0,30
9483,0,30
8697,0,30
1858,0,30
7105,0,30
7486,0,30
8079,0,30
8694,0,30
6151,0,30
6852,0,30
5242,0,30
8431,0,30
6775,0,30
721,0,30
5639,0,30
1086,0,30
3019,0,30
4786,0,30
5140,0,30
6824,0,30
5586,0,30
9670,0,30
7920,0,30
8453,0,30
8555,0,30
1784,0,30
8059,0,30
7588,0,30
6264,0,30
5968,0,30
6515,0,30
9513,0,30
9395,0,30
6195,0,30
9014,0,30
1758,0,30
4090,0,30
1905,0,30
717,0,30
2795,0,30
7805,0,30
1812,0,30
4800,0,30
653,0,30
9134,0,30
3169,0,30
2488,0,30
7314,0,30
4543,0,30
8667,0,30
8416,0,30
4307,0,30
6855,0,30
6187,0,30
2512,0,30
5772,0,30
3421,0,30
9865,0,30
6109,0,30
6533,0,30
8673,0,30
7476,0,30
9095,0,30
3901,0,30
9015,0,30
3585,0,30
6419,0,30
2799,0,30
4021,0,30
4556,0,30
3115,0,30
9208,0,30
8043,0,30
7125,0,30
8156,0,30
111,0,30
2459,0,30
5610,0,30
2529,0,30
8267,1,31
3104,1,31
1150,23,31
7431,1,31
8602,23,31
2249,1,31
9552,23,31
3817,0,31
7940,0,31
2239,0,31
9827,0,31
1420,0,31
1834,0,31
2866,0,31
1630,0,31
7858,0,31
7942,0,31
2974,0,31
9136,0,31
9965,0,31
7418,0,31
6399,0,31
1649,0,31
4480,0,31
781,0,31
895,0,31
6056,0,31
387,0,31
9464,0,31
8828,0,31
5204,0,31
1968,0,31
682,0,31
8201,0,31
6477,0,31
9508,0,31
5368,0,31
5510,0,31
5374,0,31
6131,0,31
3287,0,31
564,0,31
4340,0,31
3163,0,31
3218,0,31
1803,0,31
1529,0,31
5750,0,31
7095,0,31
9204,0,31
1136,0,31
1526,0,31
2520,0,31
3482,0,31
6479,0,31
4166,0,31
3636,0,31
3876,0,31
1782,0,31
5297,0,31
7806,0,31
1853,0,31
351,0,31
9087,0,31
5456,0,31
4216,0,31
7231,0,31
5716,0,31
4259,0,31
5247,0,31
1061,0,31
1188,0,31
5539,0,31
2209,0,31
3189,0,31
510,0,31
3467,0,31
3480,0,31
3843,0,31
638,0,31
8520,0,31
6280,0,31
1783,0,31
8675,0,31
1932,0,31
6145,0,31
6920,0,31
2418,0,31
4746,0,31
5944,0,31
7538,0,31
5492,0,31
9715,0,31
2546,0,31
8454,0,31
3847,0,31
6639,0,31
1838,0,31
3503,0,31
3496,0,31
1813,0,31
9231,0,31
2244,0,31
5827,0,31
3836,0,31
441,0,31
4431,0,31
9732,0,31
3110,0,31
7593,0,31
3874,0,31
7815,0,31
1685,0,31
7999,0,31
7491,0,31
1196,0,31
1625,0,31
7735,0,31
459,0,31
4371,0,31
5635,0,31
6043,0,31
948,0,31
1,0,31
3541,0,31
5386,0,31
379,0,31
5856,0,31
8598,0,31
2660,0,31
1189,0,31
1585,0,31
6295,0,31
9992,0,31
9495,0,31
9348,0,31
253,0,31
6438,0,31
1976,0,31
7251,0,31
2513,0,31
2519,0,31
5188,0,31
6796,0,31
3383,0,31
9104,0,31
7601,0,31
5032,0,31
5580,0,31
1468,0,31
5900,0,31
9626,0,31
8247,0,31
4481,0,31
2865,0,31
1288,0,31
3457,0,31
9948,0,31
9101,0,31
9539,0,31
6281,0,31
1610,0,31
197,0,31
2045,0,31
916,0,31
7349,0,31
4056,0,31
5224,0,31
2248,7,32
7860,1,32
594,6,32
2587,26,32
125,22,32
6444,11,32
5884,28,32
9840,29,32
8379,0,32
5155,0,32
8340,0,32
4798,0,32
3067,0,32
8825,0,32
4200,0,32
550,0,32
8304,0,32
1013,0,32
9574,0,32
609,0,32
1156,0,32
3091,0,32
6938,0,32
9532,0,32
9767,0,32
680,0,32
3975,0,32
765,0,32
743,0,32
1070,0,32
7450,0,32
5621,0,32
7616,0,32
3758,0,32
2375,0,32
6853,0,32
8488,0,32
479,0,32
6412,0,32
7293,0,32
2915,0,32
4956,0,32
2067,0,32
716,0,32
8623,0,32
4527,0,32
6011,0,32
2474,0,32
8737,0,32
8884,0,32
139,0,32
7548,0,32
409,0,32
7100,0,32
1705,0,32
3418,0,32
98,0,32
4907,0,32
1507,0,32
442,0,32
6612,0,32
955,0,32
4541,0,32
2786,0,32
3136,0,32
6463,0,32
8967,0,32
6927,0,32
5618,0,32
4454,0,32
9657,0,32
9584,0,32
8800,0,32
8805,0,32
5418,0,32
8905,0,32
6508,0,32
1456,0,32
3166,0,32
1479,0,32
6904,0,32
9713,0,32
4077,0,32
6380,0,32
7113,0,32
3330,0,32
9222,0,32
6146,0,32
4881,0,32
8377,0,32
1161,0,32
9628,0,32
7527,0,32
6749,0,32
4252,0,32
9378,0,32
2138,0,32
928,0,32
8793,0,32
8208,0,32
4588,0,32
1942,0,32
6284,0,32
6755,0,32
9698,0,32
2462,0,32
3641,0,32
813,0,32
7970,0,32
6934,0,32
3255,0,32
6580,0,32
8824,0,32
1276,0,32
482,0,32
8693,0,32
2502,0,32
775,0,32
4326,0,32
4604,0,32
6117,0,32
5988,0,32
712,0,32
6778,0,32
6897,0,32
8419,0,32
4085,0,32
615,0,32
3598,0,32
5327,0,32
7856,0,32
1765,0,32
4719,0,32
974,0,32
6425,0,32
1102,0,32
2109,0,32
978,0,32
1975,0,32
2072,0,32
2650,0,32
1887,0,32
5286,0,32
2291,0,32
2389,0,32
833,0,32
6960,0,32
9070,0,32
4395,0,32
3924,0,32
7381,0,32
3143,0,32
5759,0,32
7137,0,32
8169,0,32
5858,0,32
7289,0,32
5935,0,32
6847,0,32
283,0,32
9147,0,32
554,0,32
9098,0,32
9782,0,32
9459,0,32
929,0,32
3813,0,32
2229,0,32
4377,0,32
956,0,32
1241,0,32
1517,0,32
7279,0,32
9364,0,32
2501,0,32
3667,0,32
4963,0,32
7338,0,32
1256,0,32
5310,0,32
2454,0,32
2392,0,32
433,0,32
2732,0,32
9829,0,32
154,0,32
271,0,32
8258,0,32
6082,0,32
3494,0,32
3352,0,32
7962,6,33
7235,1,33
685,11,33
1293,11,33
209,31,33
8205,0,33
9353,0,33
526,0,33
7166,0,33
3622,0,33
7023,0,33
1714,0,33
7040,0,33
6843,0,33
5692,0,33
2631,0,33
9268,0,33
8612,0,33
5672,0,33
8558,0,33
7238,0,33
12,0,33
7226,0,33
6390,0,33
3474,0,33
3662,0,33
1608,0,33
7966,0,33
9749,0,33
6747,0,33
5212,0,33
4555,0,33
4996,0,33
1078,0,33
8036,0,33
2464,0,33
104,0,33
4699,0,33
9283,0,33
6809,0,33
6257,0,33
6609,0,33
7932,0,33
5002,0,33
4675,0,33
8811,0,33
3724,0,33
2166,0,33
8024,0,33
9441,0,33
2385,0,33
5720,0,33
9554,0,33
5476,0,33
4073,0,33
5727,0,33
9286,0,33
8728,0,33
7884,0,33
2127,0,33
2791,0,33
5755,0,33
3220,0,33
4571,0,33
7626,0,33
8009,0,33
5891,0,33
6030,0,33
8679,0,33
1688,0,33
2090,0,33
1668,0,33
7463,0,33
5984,0,33
8470,0,33
3285,0,33
6725,0,33
2514,0,33
4522,0,33
4791,0,33
8643,0,33
8005,0,33
607,0,33
5960,0,33
7015,0,33
2536,0,33
5593,0,33
5787,0,33
2217,0,33
9593,0,33
2824,0,33
8202,0,33
9218,0,33
3092,0,33
4735,0,33
6311,0,33
9722,0,33
3567,0,33
3923,0,33
1703,0,33
5934,0,33
8423,0,33
2157,0,33
1516,0,33
4059,0,33
1521,0,33
7880,0,33
8609,0,33
5495,0,33
1170,0,33
2452,0,33
5211,0,33
266,0,33
6068,0,33
7039,0,33
384,0,33
7325,0,33
5809,0,33
2237,0,33
4681,0,33
2070,0,33
2802,0,33
5174,0,33
1084,0,33
3958,0,33
1745,0,33
2697,0,33
3548,0,33
5714,0,33
4229,0,33
9271,0,33
9644,0,33
3743,0,33
3253,0,33
5176,0,33
5486,0,33
5044,0,33
6919,0,33
3512,0,33
1969,0,33
6436,0,33
1954,0,33
51,0,33
4736,0,33
9474,0,33
9909,0,33
1413,0,33
8383,0,33
8899,0,33
7532,0,33
7428,0,33
8755,0,33
269,0,33
4341,0,33
7102,0,33
5470,0,33
8313,0,33
6099,0,33
7639,0,33
5794,0,33
3735,0,33
9836,0,33
3317,0,33
4606,0,33
864,0,33
2192,0,33
194,0,33
6638,0,33
2860,0,33
7734,0,33
9745,0,33
6472,0,33
8721,0,33
483,0,33
3518,0,33
9457,0,33
8999,0,33
5054,0,33
6717,0,33
8666,0,33
1113,0,33
2931,0,33
2098,0,33
3805,0,33
3120,0,33
1588,0,33
4475,0,33
5648,0,33
1860,0,33
523,0,33
3881,0,33
5231,0,33
9542,0,33
6233,0,33
3229,0,33
1674,0,33
7798,0,33
4578,0,33
4260,0,33
305,0,33
8486,0,33
7740,0,33
7411,0,33
2021,0,33
5631,0,33
8433,0,33
6644,0,33
36,0,33
8098,0,33
436,0,33
745,0,33
3184,0,33
4032,0,33
9423,11,34
7359,11,34
1550,11,34
7421,16,34
196,0,34
160,0,34
7183,0,34
7891,0,34
2954,0,34
7823,0,34
3440,0,34
5867,0,34
5771,0,34
4813,0,34
6896,0,34
9470,0,34
2510,0,34
5353,0,34
7373,0,34
8661,0,34
1491,0,34
8292,0,34
2904,0,34
6692,0,34
6566,0,34
4573,0,34
8753,0,34
6807,0,34
3675,0,34
2200,0,34
4033,0,34
3451,0,34
810,0,34
5462,0,34
9025,0,34
5933,0,34
722,0,34
7067,0,34
2130,0,34
7197,0,34
9859,0,34
6355,0,34
6799,0,34
9358,0,34
1825,0,34
2752,0,34
4870,0,34
9467,0,34
7172,0,34
3993,0,34
4282,0,34
2305,0,34
1174,0,34
4524,0,34
5779,0,34
1786,0,34
319,0,34
9870,0,34
4677,0,34
4869,0,34
3586,0,34
7315,0,34
2757,0,34
5673,0,34
6838,0,34
9709,0,34
8683,0,34
3386,0,34
1845,0,34
3454,0,34
1127,0,34
7645,0,34
6024,0,34
5461,0,34
945,0,34
1454,0,34
4271,0,34
9173,0,34
7056,0,34
6466,0,34
8808,0,34
4914,0,34
4789,0,34
3258,0,34
3798,0,34
4367,0,34
1233,0,34
9991,0,34
2341,0,34
8100,0,34
1520,0,34
6930,0,34
2849,0,34
7185,0,34
3988,0,34
2066,0,34
6977,0,34
2896,0,34
7933,0,34
311,0,34
5061,0,34
8608,0,34
9664,0,34
6103,0,34
3002,0,34
2151,0,34
6345,0,34
8492,0,34
4792,0,34
378,0,34
1920,0,34
555,0,34
3955,0,34
443,0,34
3370,0,34
2503,0,34
9728,0,34
7848,0,34
6324,0,34
1368,0,34
1726,0,34
3772,0,34
3648,0,34
6578,0,34
1180,0,34
7362,0,34
4713,0,34
715,0,34
9412,0,34
8414,0,34
2405,0,34
1864,0,34
9875,0,34
6667,0,34
2958,0,34
7469,0,34
4125,0,34
9631,0,34
5306,0,34
2106,0,34
7640,0,34
2110,0,34
6218,0,34
3378,0,34
1541,0,34
5084,0,34
3216,0,34
8103,0,34
4796,0,34
6236,0,34
3389,0,34
4737,0,34
4994,0,34
5712,0,34
1074,0,34
5262,0,34
5970,0,34
9245,0,34
1884,0,34
4403,0,34
7348,0,34
7043,0,34
8681,0,34
9929,0,34
3543,0,34
7029,0,34
2387,0,34
1439,0,34
7099,0,34
9729,0,34
2269,0,34
3459,0,34
1039,0,34
7732,0,34
5768,0,34
4147,0,34
289,0,34
6130,0,34
8413,0,34
1425,0,34
1965,0,34
3587,0,34
9051,0,34
3629,0,34
4905,0,34
5080,0,34
2677,0,34
9260,0,34
2430,0,34
5020,0,34
9921,0,34
1721,2,35
5788,11,35
9085,2,35
183,5,35
4385,25,35
8253,0,35
3296,0,35
3686,0,35
4850,0,35
5489,0,35
4446,0,35
4620,0,35
9402,0,35
2449,0,35
1375,0,35
7496,0,35
5786,0,35
9988,0,35
2049,0,35
4503,0,35
9881,0,35
122,0,35
8953,0,35
5657,0,35
934,0,35
1251,0,35
7689,0,35
3023,0,35
3089,0,35
1277,0,35
3887,0,35
749,0,35
2979,0,35
724,0,35
4525,0,35
5640,0,35
5165,0,35
1138,0,35
9129,0,35
4376,0,35
3894,0,35
7393,0,35
1921,0,35
5365,0,35
7596,0,35
1730,0,35
2042,0,35
9704,0,35
1267,0,35
9576,0,35
1820,0,35
8713,0,35
6555,0,35
456,0,35
1799,0,35
6071,0,35
4935,0,35
6331,0,35
6903,0,35
599,0,35
660,0,35
8180,0,35
1566,0,35
3616,0,35
5814,0,35
8920,0,35
23,0,35
566,0,35
4815,0,35
9426,0,35
6722,0,35
1692,0,35
3549,0,35
9688,0,35
6037,0,35
9407,0,35
1208,0,35
911,0,35
4074,0,35
5227,0,35
2649,0,35
853,0,35
5483,0,35
4276,0,35
5666,0,35
3591,0,35
9167,0,35
8596,0,35
9506,0,35
5710,0,35
7925,0,35
2656,0,35
6107,0,35
238,0,35
5579,0,35
795,0,35
346,0,35
4176,0,35
3620,0,35
6003,0,35
263,0,35
4499,0,35
7103,0,35
9432,0,35
8579,0,35
1046,0,35
9582,0,35
6519,0,35
4608,0,35
9157,0,35
1418,0,35
3463,0,35
7778,0,35
5678,0,35
1654,0,35
2868,0,35
4238,0,35
1728,0,35
5612,0,35
8642,0,35
5725,0,35
101,0,35
5926,0,35
3426,0,35
8278,0,35
9583,0,35
2352,0,35
5677,0,35
3868,0,35
9060,0,35
3710,0,35
5361,0,35
6553,0,35
1410,0,35
9067,0,35
199,0,35
6785,0,35
6232,0,35
5965,0,35
3460,0,35
5952,0,35
8359,0,35
8973,0,35
41,0,35
5650,0,35
4191,0,35
4109,0,35
6128,0,35
8468,0,35
9977,0,35
3462,0,35
512,0,35
3972,0,35
3634,0,35
7295,0,35
3134,0,35
3114,0,35
7559,0,35
1878,0,35
246,0,35
725,0,35
6686,0,35
4037,0,35
5490,0,35
9993,0,35
4711,0,35
5871,0,35
8293,0,35
8002,0,35
2923,0,35
4151,0,35
7234,0,35
8369,0,35
2145,0,35
4990,0,35
3008,0,35
7908,0,35
920,0,35
9979,0,35
8054,0,35
7324,0,35
4099,0,35
1883,0,35
4669,0,35
7570,0,35
4939,0,35
2214,0,35
579,0,35
9012,0,35
3350,0,35
3142,0,35
5347,0,35
1338,0,35
4700,0,35
7449,0,35
9452,0,35
7446,0,35
558,0,35
7245,0,35
4493,0,35
2678,0,35
9950,0,35
8345,0,35
8521,0,35
6546,0,35
396,0,35
8224,0,35
4217,25,36
4387,9,36
2781,25,36
1092,27,36
9487,0,36
7564,0,36
8746,0,36
4727,0,36
9496,0,36
8029,0,36
6300,0,36
1357,0,36
6305,0,36
1638,0,36
268,0,36
2705,0,36
830,0,36
4329,0,36
6603,0,36
389,0,36
7634,0,36
2368,0,36
5067,0,36
8783,0,36
1960,0,36
3070,0,36
1450,0,36
5413,0,36
4304,0,36
8108,0,36
6316,0,36
6786,0,36
5976,0,36
7397,0,36
7468,0,36
5400,0,36
1691,0,36
1667,0,36
7930,0,36
8234,0,36
4810,0,36
2471,0,36
4866,0,36
6814,0,36
3773,0,36
431,0,36
1099,0,36
9028,0,36
9436,0,36
9294,0,36
8343,0,36
5643,0,36
1733,0,36
1966,0,36
198,0,36
9824,0,36
7145,0,36
2803,0,36
1607,0,36
8245,0,36
8917,0,36
7301,0,36
9551,0,36
6498,0,36
5581,0,36
3617,0,36
2316,0,36
7524,0,36
7052,0,36
4692,0,36
1408,0,36
3896,0,36
1048,0,36
5924,0,36
6321,0,36
1483,0,36
1370,0,36
1859,0,36
6733,0,36
1530,0,36
8008,0,36
5111,0,36
8786,0,36
86,0,36
8726,0,36
3555,0,36
9918,0,36
9190,0,36
8287,0,36
8835,0,36
3574,0,36
3056,0,36
406,0,36
8185,0,36
6486,0,36
2572,0,36
1796,0,36
9825,0,36
2888,0,36
8403,0,36
6310,0,36
2796,0,36
6593,0,36
1463,0,36
9786,0,36
961,0,36
606,0,36
9370,0,36
5967,0,36
4717,0,36
3701,0,36
3055,0,36
9480,0,36
7558,0,36
3243,0,36
6630,0,36
616,0,36
2758,0,36
385,0,36
9121,0,36
4126,0,36
7877,0,36
1393,0,36
612,0,36
718,0,36
4045,0,36
105,0,36
8212,0,36
5136,0,36
3382,0,36
7466,0,36
629,0,36
8427,0,36
6720,0,36
3987,0,36
5498,0,36
4587,0,36
296,0,36
1351,0,36
3840,0,36
9661,0,36
2159,0,36
6426,0,36
4512,0,36
5181,0,36
8355,0,36
9170,0,36
4413,0,36
5914,0,36
6589,0,36
1778,0,36
9388,0,36
936,0,36
7872,0,36
9369,0,36
6502,0,36
403,0,36
2403,0,36
7214,0,36
3147,0,36
9966,0,36
2562,0,36
8478,0,36
9595,0,36
9565,0,36
3572,0,36
2946,0,36
6620,0,36
2223,0,36
5918,0,36
8678,0,36
3374,0,36
4168,0,36
7653,0,36
4742,0,36
2496,0,36
3230,0,36
188,0,36
1971,0,36
8046,0,36
4277,0,36
6849,0,36
7644,0,36
7655,0,36
6554,0,36
7018,0,36
6858,0,36
1880,0,36
6488,0,36
7747,0,36
1593,0,36
1563,0,36
1279,0,36
1936,0,36
7263,0,36
9895,0,36
9347,0,36
7346,0,36
9769,0,36
8588,27,37
6478,22,37
2142,19,37
5638,25,37
449,2,37
3096,25,37
151,27,37
6846,0,37
7585,0,37
3818,0,37
8718,0,37
4863,0,37
1675,0,37
9672,0,37
2655,0,37
2480,0,37
4836,0,37
6330,0,37
9169,0,37
576,0,37
4839,0,37
8019,0,37
3208,0,37
8606,0,37
6304,0,37
1259,0,37
2027,0,37
5761,0,37
7068,0,37
2790,0,37
730,0,37
4661,0,37
5959,0,37
422,0,37
6430,0,37
5584,0,37
2500,0,37
5416,0,37
3983,0,37
8867,0,37
1194,0,37
3020,0,37
729,0,37
9919,0,37
8088,0,37
7928,0,37
4762,0,37
4531,0,37
6010,0,37
9089,0,37
8868,0,37
8083,0,37
7128,0,37
5526,0,37
2875,0,37
2857,0,37
279,0,37
8356,0,37
3090,0,37
9187,0,37
4701,0,37
5547,0,37
6587,0,37
8142,0,37
2831,0,37
1409,0,37
2687,0,37
5730,0,37
5276,0,37
9072,0,37
9683,0,37
7213,0,37
9251,0,37
6652,0,37
8931,0,37
3904,0,37
4400,0,37
3409,0,37
4020,0,37
5246,0,37
7286,0,37
2962,0,37
3986,0,37
2097,0,37
9036,0,37
7342,0,37
4132,0,37
4954,0,37
6714,0,37
7917,0,37
2445,0,37
354,0,37
3857,0,37
2268,0,37
8424,0,37
6491,0,37
8412,0,37
1328,0,37
189,0,37
4494,0,37
8058,0,37
7061,0,37
905,0,37
4010,0,37
8691,0,37
6221,0,37
5018,0,37
6048,0,37
8510,0,37
1296,0,37
9344,0,37
5245,0,37
9758,0,37
9953,0,37
2580,0,37
3532,0,37
2469,0,37
335,0,37
6895,0,37
8909,0,37
9226,0,37
78,0,37
9003,0,37
7766,0,37
1808,0,37
1879,0,37
7168,0,37
3593,0,37
2121,0,37
6689,0,37
466,0,37
4248,0,37
5706,0,37
1583,0,37
5182,0,37
6680,0,37
5748,0,37
3037,0,37
9899,0,37
1280,0,37
5511,0,37
4491,0,37
679,0,37
6333,0,37
5471,0,37
1814,0,37
5895,0,37
5565,0,37
8541,0,37
5685,0,37
7133,0,37
7017,0,37
1239,0,37
3000,0,37
6083,0,37
1135,0,37
9171,0,37
3485,0,37
7985,0,37
377,0,37
7697,0,37
8117,0,37
4351,0,37
6845,0,37
503,0,37
1508,0,37
9302,0,37
706,0,37
1438,0,37
726,0,37
1272,0,37
4299,0,37
7770,0,37
6646,0,37
5298,0,37
1082,0,37
8948,0,37
2451,0,37
8504,0,37
7134,0,37
2058,0,37
1152,0,37
3769,0,37
1761,0,37
4043,0,37
3995,0,37
3141,0,37
9869,21,38
3704,25,38
3918,17,38
7665,25,38
7117,26,38
486,29,38
2461,0,38
6461,0,38
7737,0,38
836,0,38
5509,0,38
8961,0,38
3814,0,38
7946,0,38
2566,0,38
3005,0,38
946,0,38
1424,0,38
8188,0,38
8366,0,38
3078,0,38
5391,0,38
734,0,38
7271,0,38
1064,0,38
7957,0,38
9074,0,38
6406,0,38
1538,0,38
6996,0,38
4106,0,38
9711,0,38
5191,0,38
8075,0,38
72,0,38
6410,0,38
5457,0,38
6376,0,38
7073,0,38
2169,0,38
9091,0,38
6209,0,38
8128,0,38
8159,0,38
8074,0,38
2775,0,38
2801,0,38
4068,0,38
2103,0,38
1062,0,38
2851,0,38
4114,0,38
2313,0,38
1470,0,38
4744,0,38
428,0,38
8650,0,38
1131,0,38
2605,0,38
2092,0,38
6335,0,38
3261,0,38
6297,0,38
2289,0,38
2476,0,38
9530,0,38
8572,0,38
2265,0,38
2978,0,38
2538,0,38
2987,0,38
3057,0,38
2288,0,38
9161,0,38
7090,0,38
1823,0,38
5329,0,38
2125,0,38
7587,0,38
1018,0,38
958,0,38
1353,0,38
7432,0,38
1840,0,38
2234,0,38
7162,0,38
5805,0,38
8222,0,38
285,0,38
6429,0,38
5865,0,38
7638,0,38
6493,0,38
6907,0,38
5496,0,38
7191,0,38
7746,0,38
6171,0,38
9994,0,38
9392,0,38
580,0,38
6731,0,38
7035,0,38
3028,0,38
4449,0,38
4545,0,38
9891,0,38
9472,0,38
9935,0,38
1754,0,38
2728,0,38
9160,0,38
8381,0,38
7834,0,38
6905,0,38
8709,0,38
7602,0,38
5803,0,38
163,0,38
9107,0,38
430,0,38
7914,0,38
6348,0,38
9017,0,38
7178,0,38
4533,0,38
8557,0,38
8331,0,38
6570,0,38
2797,0,38
3830,0,38
7582,0,38
9887,0,38
7065,0,38
2485,0,38
9819,0,38
9382,0,38
5207,0,38
7011,0,38
4201,0,38
6459,0,38
1030,0,38
9075,0,38
618,0,38
7615,0,38
6674,0,38
6449,0,38
9174,0,38
9719,0,38
504,0,38
3300,0,38
5718,0,38
9099,0,38
861,0,38
5488,0,38
3399,0,38
9073,0,38
5630,0,38
7085,0,38
6268,0,38
1535,0,38
6561,0,38
6038,0,38
5028,0,38
1395,0,38
9220,0,38
1015,0,38
8761,0,38
3024,0,38
1931,0,38
2025,0,38
7773,0,38
7534,0,38
5364,0,38
5233,0,38
1085,0,38
3505,0,38
586,0,38
9330,0,38
7368,0,38
4959,0,38
9420,0,38
1664,0,38
9999,0,38
4149,0,38
286,0,38
7529,0,38
2852,0,38
4457,0,38
9062,0,38
5954,0,38
4794,0,38
5847,0,38
553,0,38
2917,0,38
9962,0,38
7204,0,38
1882,0,38
7658,0,38
7830,0,38
9210,0,38
563,0,38
7187,0,38
6220,0,38
2491,0,38
9646,0,38
7840,0,38
3900,0,38
4453,0,38
9833,0,38
6779,0,38
6020,0,38
8048,0,38
3533,0,38
6,0,38
5925,0,38
4380,14,39
902,17,39
2760,0,39
5441,0,39
2346,0,39
4111,0,39
7842,0,39
2560,0,39
5448,0,39
7617,0,39
6150,0,39
9751,0,39
6424,0,39
8807,0,39
7725,0,39
7445,0,39
3153,0,39
5197,0,39
494,0,39
6812,0,39
2396,0,39
1628,0,39
1352,0,39
2899,0,39
6132,0,39
453,0,39
6347,0,39
8536,0,39
119,0,39
9718,0,39
7507,0,39
8771,0,39
1613,0,39
5675,0,39
1458,0,39
8155,0,39
5051,0,39
6276,0,39
728,0,39
3010,0,39
6678,0,39
9695,0,39
4682,0,39
7753,0,39
302,0,39
3385,0,39
8668,0,39
2939,0,39
318,0,39
7817,0,39
3172,0,39
4373,0,39
3819,0,39
117,0,39
402,0,39
7495,0,39
3231,0,39
5026,0,39
2858,0,39
2890,0,39
1906,0,39
4688,0,39
4775,0,39
6374,0,39
1904,0,39
8102,0,39
3999,0,39
808,0,39
1708,0,39
2300,0,39
1986,0,39
9632,0,39
8266,0,39
8791,0,39
1477,0,39
4441,0,39
3276,0,39
7239,0,39
3306,0,39
7710,0,39
3929,0,39
6953,0,39
40,0,39
4906,0,39
8862,0,39
4013,0,39
549,0,39
6835,0,39
2830,0,39
5796,0,39
6862,0,39
9039,0,39
5352,0,39
3313,0,39
4071,0,39
7851,0,39
5616,0,39
8880,0,39
1777,0,39
1697,0,39
9507,0,39
9242,0,39
8368,0,39
2183,0,39
1672,0,39
3061,0,39
1486,0,39
4938,0,39
7614,0,39
9873,0,39
3764,0,39
1821,0,39
8090,0,39
4139,0,39
2967,0,39
45,0,39
9930,0,39
7629,0,39
1793,0,39
3752,0,39
4883,0,39
4930,0,39
217,0,39
589,0,39
960,0,39
4506,0,39
758,0,39
6642,0,39
4826,0,39
6156,0,39
5760,0,39
2486,0,39
3390,0,39
8341,0,39
8575,0,39
538,0,39
900,0,39
278,0,39
9549,0,39
872,0,39
5094,0,39
1132,0,39
9871,0,39
7809,0,39
8498,0,39
345,0,39
4435,0,39
3483,0,39
1682,0,39
3356,0,39
3928,0,39
1689,0,39
531,0,39
7037,0,39
6870,0,39
8649,0,39
6675,0,39
1873,0,39
5825,0,39
544,0,39
3446,0,39
2575,0,39
3536,0,39
2672,0,39
4028,0,39
1656,0,39
1738,0,39
3035,0,39
7767,0,39
5562,0,39
7024,0,39
5072,0,39
5036,0,39
4580,0,39
9237,0,39
4471,0,39
4919,0,39
4934,0,39
6753,0,39
1512,0,39
5652,0,39
6105,0,39
6338,0,39
2189,0,39
6549,0,39
1388,0,39
4228,0,39
4478,0,39
7265,0,39
82,0,39
6735,0,39
4835,0,39
2270,0,39
6743,0,39
6957,0,39
794,0,39
8411,0,39
7365,0,39
2703,0,39
323,0,39
1511,0,39
6465,0,39
4026,0,39
149,0,39
8547,0,39
5766,0,39
1181,0,39
1190,0,39
6489,0,39
545,0,39
7078,0,39
2509,24,40
9404,28,40
2211,0,40
7460,0,40
2016,0,40
3436,0,40
9481,0,40
7679,0,40
419,0,40
2817,0,40
5773,0,40
9901,0,40
8270,0,40
9030,0,40
2525,0,40
8810,0,40
61,0,40
6114,0,40
1004,0,40
7659,0,40
1749,0,40
5296,0,40
6602,0,40
2557,0,40
8729,0,40
8421,0,40
3725,0,40
3926,0,40
5230,0,40
6492,0,40
5757,0,40
3809,0,40
8068,0,40
7256,0,40
2910,0,40
6046,0,40
8049,0,40
4325,0,40
2733,0,40
4823,0,40
9135,0,40
2818,0,40
2526,0,40
204,0,40
8357,0,40
6810,0,40
7386,0,40
8323,0,40
6669,0,40
6116,0,40
3268,0,40
3081,0,40
8527,0,40
6366,0,40
5434,0,40
3698,0,40
2550,0,40
1482,0,40
8570,0,40
2009,0,40
4001,0,40
5442,0,40
6443,0,40
4432,0,40
3513,0,40
3595,0,40
731,0,40
5512,0,40
7810,0,40
2256,0,40
9923,0,40
898,0,40
8116,0,40
2143,0,40
3312,0,40
5229,0,40
7309,0,40
3215,0,40
1128,0,40
6676,0,40
5373,0,40
9765,0,40
4175,0,40
5817,0,40
9619,0,40
9559,0,40
5208,0,40
24,0,40
9291,0,40
6563,0,40
5139,0,40
1073,0,40
2390,0,40
2456,0,40
5680,0,40
9113,0,40
1229,0,40
167,0,40
2401,0,40
7895,0,40
5566,0,40
1492,0,40
901,0,40
2629,0,40
7440,0,40
6611,0,40
2951,0,40
5863,0,40
9947,0,40
500,0,40
6144,0,40
9797,0,40
2702,0,40
9234,0,40
5031,0,40
2744,0,40
9523,0,40
2005,0,40
6019,0,40
8731,0,40
2879,0,40
3240,0,40
7398,0,40
7155,0,40
7420,0,40
7622,0,40
6353,0,40
9963,0,40
7935,0,40
1835,0,40
4034,0,40
5633,0,40
1584,0,40
9016,0,40
19,0,40
2453,0,40
9199,0,40
1671,0,40
2404,0,40
1001,0,40
2855,0,40
9175,0,40
9262,0,40
3568,0,40
8309,0,40
6227,0,40
9799,0,40
3150,0,40
7047,0,40
3519,0,40
3978,0,40
3596,0,40
7853,0,40
8858,0,40
2367,0,40
3823,0,40
1767,0,40
7835,0,40
17,0,40
4479,0,40
6286,0,40
3552,0,40
2473,0,40
7944,0,40
9475,0,40
2821,0,40
8500,0,40
4536,0,40
5916,0,40
1564,0,40
214,0,40
5709,0,40
4165,0,40
5439,0,40
7543,0,40
2317,0,40
1197,0,40
156,0,40
9040,0,40
7374,0,40
8525,0,40
1844,0,40
877,0,40
6623,21,41
3778,9,41
7206,16,41
2416,17,41
7140,0,41
8784,0,41
4756,0,41
8809,0,41
2635,0,41
6979,0,41
9215,0,41
1453,0,41
4636,0,41
5844,0,41
4046,0,41
8997,0,41
539,0,41
1647,0,41
952,0,41
6820,0,41
8698,0,41
1095,0,41
7319,0,41
9553,0,41
4354,0,41
1709,0,41
4547,0,41
4420,0,41
1067,0,41
9720,0,41
7021,0,41
2523,0,41
5149,0,41
754,0,41
4594,0,41
2198,0,41
3355,0,41
2696,0,41
1842,0,41
5068,0,41
3139,0,41
2116,0,41
3195,0,41
8732,0,41
5544,0,41
9156,0,41
658,0,41
977,0,41
4223,0,41
8335,0,41
3762,0,41
5832,0,41
229,0,41
8799,0,41
3644,0,41
3060,0,41
4267,0,41
6730,0,41
548,0,41
190,0,41
9384,0,41
5491,0,41
7795,0,41
9938,0,41
168,0,41
2814,0,41
8794,0,41
7278,0,41
8509,0,41
7072,0,41
1238,0,41
8882,0,41
1948,0,41
748,0,41
9668,0,41
6987,0,41
2218,0,41
8672,0,41
4038,0,41
6921,0,41
9897,0,41
8298,0,41
8613,0,41
3315,0,41
7775,0,41
5006,0,41
9027,0,41
2283,0,41
8531,0,41
4221,0,41
7044,0,41
8460,0,41
3670,0,41
8776,0,41
6719,0,41
2598,0,41
848,0,41
6628,0,41
2527,0,41
8305,0,41
9516,0,41
7334,0,41
173,0,41
3916,0,41
5642,0,41
4960,0,41
4428,0,41
7967,0,41
213,0,41
3464,0,41
9491,0,41
1956,0,41
6416,0,41
4942,0,41
2880,0,41
2590,0,41
5484,0,41
918,0,41
2563,0,41
7353,0,41
1979,0,41
3856,0,41
4368,0,41
1822,0,41
9396,0,41
8972,0,41
7475,0,41
6734,0,41
1053,0,41
2091,0,41
2374,0,41
1941,0,41
8881,0,41
7698,0,41
3699,0,41
3788,0,41
9137,0,41
577,0,41
4772,0,41
8943,0,41
467,0,41
5288,0,41
527,0,41
8456,0,41
3234,0,41
2709,0,41
912,0,41
8851,0,41
4050,0,41
7591,0,41
3328,0,41
3789,0,41
8069,0,41
5052,0,41
9499,0,41
7083,0,41
9307,0,41
304,0,41
251,0,41
3997,0,41
5831,0,41
8174,0,41
3582,0,41
2168,0,41
5957,0,41
63,0,41
9342,0,41
327,0,41
3953,0,41
9531,0,41
3395,0,41
5820,0,41
8093,0,41
3437,0,41
3627,0,41
1831,0,41
9122,0,41
1044,0,41
7202,0,41
7369,0,41
7257,0,41
2564,0,41
2920,0,41
4758,0,41
6522,0,41
2862,29,42
6514,5,42
4760,27,42
293,17,42
6013,15,42
2326,16,42
4757,17,42
7116,19,42
5980,29,42
8925,0,42
1892,0,42
4535,0,42
7192,0,42
9926,0,42
3658,0,42
7972,0,42
4898,0,42
5697,0,42
5166,0,42
9250,0,42
8888,0,42
5304,0,42
4820,0,42
8567,0,42
1443,0,42
1551,0,42
7641,0,42
6137,0,42
7136,0,42
4755,0,42
1912,0,42
4729,0,42
7483,0,42
4825,0,42
8624,0,42
1586,0,42
7129,0,42
8914,0,42
5855,0,42
5354,0,42
6279,0,42
1622,0,42
2965,0,42
6097,0,42
6450,0,42
1379,0,42
4438,0,42
3696,0,42
5108,0,42
6718,0,42
2704,0,42
7302,0,42
4997,0,42
1974,0,42
7901,0,42
9518,0,42
3113,0,42
7266,0,42
2661,0,42
7875,0,42
4873,0,42
5525,0,42
7589,0,42
6365,0,42
8927,0,42
4364,0,42
6768,0,42
1110,0,42
3257,0,42
7958,0,42
5595,0,42
5674,0,42
3963,0,42
4358,0,42
7414,0,42
8144,0,42
7282,0,42
1811,0,42
8285,0,42
1054,0,42
7382,0,42
2883,0,42
7621,0,42
4605,0,42
3188,0,42
7001,0,42
7027,0,42
7009,0,42
5467,0,42
74,0,42
9586,0,42
2414,0,42
193,0,42
3280,0,42
3272,0,42
2410,0,42
9454,0,42
49,0,42
5138,0,42
7910,0,42
218,0,42
2078,0,42
5942,0,42
3211,0,42
8228,0,42
3883,0,42
4489,0,42
1282,0,42
3132,0,42
3720,0,42
7448,0,42
5403,0,42
8131,0,42
7989,0,42
6744,0,42
9485,0,42
1228,0,42
8768,0,42
5406,0,42
3177,0,42
7089,0,42
4671,0,42
7138,0,42
6637,0,42
5923,0,42
9726,0,42
8687,0,42
7841,0,42
9355,0,42
6819,0,42
8132,0,42
1104,0,42
4317,0,42
7112,0,42
1929,0,42
9804,0,42
1019,0,42
7387,0,42
6511,0,42
1374,0,42
6191,0,42
4589,0,42
2807,0,42
2630,0,42
5116,0,42
2073,0,42
4816,0,42
516,0,42
1142,0,42
8636,0,42
5910,0,42
2668,0,42
1500,0,42
7033,0,42
1340,0,42
9615,0,42
7813,0,42
4227,0,42
4680,0,42
9319,0,42
8062,0,42
3416,0,42
2014,0,42
2692,0,42
3530,0,42
6811,0,42
5837,0,42
1573,0,42
8418,0,42
5150,0,42
8057,0,42
5840,0,42
6408,0,42
4273,0,42
814,0,42
8818,0,42
8699,0,42
5997,0,42
4818,0,42
7242,0,42
8989,0,42
340,0,42
8539,0,42
8171,0,42
8563,0,42
6947,0,42
2204,0,42
8503,0,42
3366,0,42
3238,0,42
1433,0,42
6074,0,42
2481,0,42
2731,24,43
2057,7,43
4831,19,43
5729,17,43
5703,19,43
5059,24,43
6346,0,43
1093,0,43
91,0,43
3711,0,43
7876,0,43
7236,0,43
3325,0,43
2384,0,43
3848,0,43
9669,0,43
6774,0,43
5478,0,43
1312,0,43
1041,0,43
3314,0,43
6594,0,43
652,0,43
4770,0,43
9009,0,43
3948,0,43
4075,0,43
8216,0,43
5225,0,43
4186,0,43
6664,0,43
9106,0,43
9145,0,43
8533,0,43
3376,0,43
5545,0,43
1523,0,43
489,0,43
4581,0,43
7968,0,43
8929,0,43
2118,0,43
7690,0,43
7435,0,43
5873,0,43
5905,0,43
6098,0,43
4097,0,43
776,0,43
5740,0,43
6767,0,43
8229,0,43
1255,0,43
1440,0,43
1100,0,43
1739,0,43
2828,0,43
8087,0,43
2569,0,43
8055,0,43
1302,0,43
1663,0,43
6127,0,43
9280,0,43
890,0,43
6122,0,43
9371,0,43
3589,0,43
3050,0,43
3431,0,43
3931,0,43
2981,0,43
7329,0,43
7730,0,43
7836,0,43
7335,0,43
439,0,43
4100,0,43
2537,0,43
8633,0,43
505,0,43
5993,0,43
245,0,43
6516,0,43
7881,0,43
7196,0,43
4763,0,43
321,0,43
4222,0,43
2706,0,43
9477,0,43
4461,0,43
7911,0,43
2737,0,43
8772,0,43
1354,0,43
1049,0,43
1918,0,43
630,0,43
1184,0,43
4160,0,43
2165,0,43
4181,0,43
572,0,43
3266,0,43
8007,0,43
3241,0,43
7269,0,43
7318,0,43
6685,0,43
2250,0,43
9667,0,43
1129,0,43
1910,0,43
8908,0,43
9400,0,43
8003,0,43
8658,0,43
4144,0,43
793,0,43
4546,0,43
7749,0,43
9956,0,43
1261,0,43
3676,0,43
2044,0,43
5619,0,43
3694,0,43
9803,0,43
5907,0,43
8561,0,43
9850,0,43
7060,0,43
9701,0,43
5344,0,43
9152,0,43
9868,0,43
7832,0,43
9706,0,43
9360,0,43
2468,0,43
9295,0,43
4249,0,43
2357,0,43
6057,0,43
3088,0,43
1490,0,43
6249,0,43
1627,0,43
5085,0,43
5752,0,43
4709,0,43
9942,0,43
3264,0,43
9985,0,43
7716,0,43
3013,0,43
8438,0,43
3093,0,43
6193,0,43
6539,0,43
2026,0,43
9411,0,43
4631,0,43
9374,0,43
8638,0,43
2940,0,43
1103,0,43
6041,0,43
7893,0,43
8959,0,43
788,0,43
5151,0,43
7006,0,43
5013,0,43
8904,0,43
382,0,43
5081,0,43
8714,0,43
5533,0,43
677,0,43
3011,0,43
9525,0,43
7367,0,43
4423,0,43
9958,0,43
5896,0,43
5369,0,43
3984,0,43
2167,0,43
9603,0,43
9297,0,43
7567,0,43
1008,0,43
3345,19,44
223,18,44
1478,23,44
9034,0,44
8042,0,44
5611,0,44
1298,0,44
3293,0,44
611,0,44
4296,0,44
6357,0,44
7864,0,44
9258,0,44
1742,0,44
5815,0,44
6649,0,44
4398,0,44
375,0,44
556,0,44
4156,0,44
5941,0,44
366,0,44
3510,0,44
7181,0,44
4890,0,44
4941,0,44
1771,0,44
6918,0,44
9317,0,44
8204,0,44
6246,0,44
4626,0,44
8476,0,44
1168,0,44
621,0,44
8220,0,44
3834,0,44
7447,0,44
9785,0,44
6822,0,44
5881,0,44
1111,0,44
8669,0,44
6889,0,44
2238,0,44
316,0,44
1219,0,44
3666,0,44
1574,0,44
9548,0,44
4314,0,44
4614,0,44
6270,0,44
4233,0,44
469,0,44
9214,0,44
1148,0,44
6633,0,44
5529,0,44
2186,0,44
1720,0,44
6893,0,44
1807,0,44
8073,0,44
3181,0,44
8855,0,44
4095,0,44
4333,0,44
6530,0,44
2060,0,44
5460,0,44
4083,0,44
2547,0,44
4609,0,44
4235,0,44
5898,0,44
4924,0,44
2262,0,44
364,0,44
2771,0,44
9684,0,44
2540,0,44
4932,0,44
7963,0,44
2258,0,44
9689,0,44
2233,0,44
6761,0,44
9748,0,44
9509,0,44
4468,0,44
5862,0,44
3009,0,44
2936,0,44
8926,0,44
6610,0,44
7394,0,44
3452,0,44
9896,0,44
5508,0,44
2641,0,44
3319,0,44
5723,0,44
8339,0,44
5682,0,44
8745,0,44
1016,0,44
3,0,44
4374,0,44
6225,0,44
8554,0,44
8832,0,44
1615,0,44
927,0,44
6387,0,44
21,0,44
134,0,44
8831,0,44
2425,0,44
9808,0,44
6946,0,44
7695,0,44
4251,0,44
1690,0,44
474,0,44
8037,0,44
8354,0,44
6285,0,44
1736,0,44
7388,0,44
8863,0,44
7331,0,44
4779,0,44
3414,0,44
4645,0,44
3079,0,44
1543,0,44
860,0,44
3600,0,44
4306,0,44
2780,0,44
493,0,44
412,0,44
6167,0,44
1207,0,44
3182,0,44
9183,0,44
5563,0,44
7950,0,44
4476,0,44
7124,0,44
7562,0,44
9680,0,44
161,0,44
1724,0,44
7479,0,44
4768,0,44
9708,0,44
5414,0,44
5670,0,44
2444,0,44
5086,0,44
7536,0,44
3022,0,44
2544,0,44
5480,0,44
7580,0,44
4595,0,44
2247,0,44
1325,0,44
6683,0,44
4473,0,44
312,0,44
159,0,44
806,0,44
9064,0,44
5383,0,44
6211,0,44
8734,0,44
959,0,44
1182,0,44
1045,0,44
581,0,44
3561,0,44
9521,0,44
9290,0,44
8289,0,44
3633,0,44
2267,0,44
9590,0,44
6618,0,44
297,0,44
6955,0,44
8308,19,45
485,19,45
2815,22,45
5046,28,45
4180,0,45
473,0,45
1216,0,45
7504,0,45
3581,0,45
9771,0,45
4409,0,45
2007,0,45
2664,0,45
2894,0,45
9309,0,45
3358,0,45
9338,0,45
8436,0,45
1002,0,45
7376,0,45
1247,0,45
2840,0,45
4356,0,45
9029,0,45
3148,0,45
6557,0,45
9817,0,45
3920,0,45
9841,0,45
2337,0,45
4751,0,45
4984,0,45
3538,0,45
256,0,45
1421,0,45
8985,0,45
6094,0,45
3608,0,45
5440,0,45
9851,0,45
3465,0,45
2898,0,45
8720,0,45
4901,0,45
9372,0,45
4305,0,45
6101,0,45
7584,0,45
1176,0,45
400,0,45
207,0,45
3186,0,45
6458,0,45
9955,0,45
878,0,45
4240,0,45
3851,0,45
2394,0,45
9424,0,45
4640,0,45
5738,0,45
7032,0,45
2393,0,45
9375,0,45
8641,0,45
9939,0,45
9163,0,45
8630,0,45
5307,0,45
3303,0,45
415,0,45
5420,0,45
4121,0,45
2412,0,45
5806,0,45
7952,0,45
9320,0,45
8932,0,45
4624,0,45
5887,0,45
435,0,45
6513,0,45
6106,0,45
3734,0,45
8648,0,45
1744,0,45
3442,0,45
8092,0,45
6313,0,45
6531,0,45
9293,0,45
8307,0,45
6420,0,45
5404,0,45
275,0,45
9500,0,45
9567,0,45
4485,0,45
501,0,45
5035,0,45
7510,0,45
7956,0,45
9362,0,45
637,0,45
4834,0,45
5998,0,45
1755,0,45
2948,0,45
2117,0,45
4053,0,45
2379,0,45
5645,0,45
7422,0,45
9264,0,45
8281,0,45
1308,0,45
6230,0,45
2820,0,45
6110,0,45
4080,0,45
2207,0,45
292,0,45
1091,0,45
7666,0,45
2710,0,45
7285,0,45
8209,0,45
8839,0,45
7973,0,45
5628,0,45
828,0,45
6188,0,45
6517,0,45
2402,0,45
3985,0,45
7354,0,45
9148,0,45
371,0,45
2221,0,45
2665,0,45
2521,0,45
6928,0,45
1911,0,45
1097,0,45
3041,0,45
4771,0,45
9931,0,45
208,0,45
6385,0,45
8587,0,45
8621,0,45
1846,0,45
6174,0,45
5870,0,45
4855,0,45
8662,0,45
9747,0,45
6726,0,45
1175,0,45
9882,0,45
8871,0,45
6601,0,45
5093,0,45
7868,0,45
644,0,45
4726,0,45
1759,0,45
2174,0,45
5395,0,45
3320,0,45
9097,0,45
9410,0,45
1632,0,45
2478,0,45
2616,0,45
7193,0,45
2541,0,45
542,0,45
7592,0,45
8101,0,45
6104,0,45
5845,0,45
1552,0,45
4977,0,45
5113,0,45
6095,7,46
732,6,46
1364,22,46
5358,0,46
1089,0,46
7531,0,46
3891,0,46
1855,0,46
3889,0,46
2182,0,46
3430,0,46
3039,0,46
2362,0,46
5121,0,46
8878,0,46
228,0,46
9752,0,46
1291,0,46
6161,0,46
7106,0,46
5452,0,46
8139,0,46
1446,0,46
8107,0,46
8879,0,46
7890,0,46
3527,0,46
6258,0,46
3384,22,46
7174,0,46
4275,0,46
8846,0,46
7926,0,46
2507,0,46
3396,0,46
37,0,46
2642,0,46
9913,0,46
7929,0,46
7497,0,46
719,0,46
1687,0,46
5705,0,46
835,0,46
9907,0,46
6181,0,46
3990,0,46
462,0,46
1817,0,46
601,0,46
4664,0,46
9515,0,46
5437,0,46
5617,0,46
6560,0,46
6045,0,46
9611,0,46
9365,0,46
2324,0,46
7654,0,46
5070,0,46
9219,0,46
8415,0,46
6558,0,46
0,0,46
3936,0,46
6012,0,46
9019,0,46
8705,0,46
4135,0,46
5185,0,46
6503,0,46
6302,0,46
8873,0,46
8167,0,46
9428,0,46
2499,0,46
2276,0,46
7650,0,46
5655,0,46
6375,0,46
8439,0,46
4893,0,46
6343,0,46
8471,0,46
7750,0,46
5295,0,46
5901,0,46
8543,0,46
1868,0,46
3893,0,46
1830,0,46
8644,0,46
7313,0,46
8947,0,46
3138,0,46
8610,0,46
1889,0,46
4365,0,46
135,0,46
9789,0,46
4162,0,46
663,0,46
5541,0,46
944,0,46
5839,0,46
4892,0,46
2913,0,46
1177,0,46
1227,0,46
8206,0,46
298,0,46
240,0,46
5152,0,46
992,0,46
3935,0,46
2107,0,46
6997,0,46
5118,0,46
5876,0,46
6177,0,46
5431,0,46
4015,0,46
444,0,46
4359,0,46
3647,0,46
2722,0,46
2320,0,46
7173,0,46
6640,0,46
5179,0,46
2294,0,46
6518,0,46
7199,0,46
4504,0,46
4500,0,46
666,0,46
1031,0,46
787,0,46
3777,0,46
6534,0,46
9084,0,46
460,0,46
2299,0,46
227,0,46
1635,0,46
4258,0,46
2388,0,46
92,0,46
6415,0,46
1502,0,46
7284,0,46
1496,0,46
8785,0,46
4116,0,46
3816,0,46
5719,0,46
4415,0,46
6164,0,46
1055,0,46
9049,0,46
5436,0,46
5886,0,46
3559,0,46
8993,0,46
392,0,46
3554,0,46
4765,0,46
4172,0,46
4618,0,46
7360,0,46
1146,0,46
1452,0,46
6713,0,46
6327,0,46
3036,0,46
5069,0,46
1901,0,46
6413,0,46
2024,0,46
7924,0,46
3921,0,46
9248,0,46
3205,0,46
6596,0,46
3102,0,46
7571,0,46
9185,0,46
6826,0,46
664,0,46
4721,0,46
9232,0,46
3014,0,46
96,0,46
4212,0,46
3973,0,46
2625,0,46
5049,0,46
5056,0,46
623,0,46
3049,0,46
3747,0,46
6441,0,46
6464,0,46
9996,0,46
5985,22,47
4782,14,47
3775,0,47
2938,15,47
6864,0,47
6804,0,47
425,0,47
1052,0,47
2310,0,47
7308,0,47
4706,0,47
3003,0,47
3669,0,47
6252,0,47
7132,0,47
5741,0,47
3557,0,47
1947,0,47
4118,0,47
8044,0,47
1094,0,47
2646,0,47
885,0,47
933,0,47
5346,0,47
8585,0,47
4321,0,47
5695,0,47
7537,0,47
9707,0,47
8969,9,47
4490,0,47
5269,0,47
3785,0,47
4008,0,47
7225,0,47
4933,0,47
4086,0,47
1827,0,47
2571,0,47
6933,0,47
6170,0,47
7240,0,47
687,0,47
5841,0,47
6088,0,47
4899,0,47
6821,0,47
254,0,47
6135,0,47
2158,0,47
1757,0,47
3526,0,47
322,0,47
9835,0,47
4603,0,47
3828,0,47
3938,0,47
9604,0,47
2243,0,47
3610,0,47
8823,0,47
8196,0,47
4214,0,47
219,0,47
562,0,47
5100,0,47
7121,0,47
4740,0,47
8519,0,47
164,0,47
1701,0,47
1240,0,47
720,0,47
1467,0,47
3977,0,47
761,0,47
4391,0,47
3391,0,47
6505,0,47
9253,0,47
8045,0,47
2602,0,47
6217,0,47
2565,0,47
9784,0,47
4862,0,47
4579,0,47
9658,0,47
5537,0,47
1658,0,47
5702,0,47
106,0,47
3577,0,47
2054,0,47
943,0,47
2272,0,47
639,0,47
969,0,47
6317,0,47
4601,0,47
5936,0,47
5583,0,47
672,0,47
614,0,47
4845,0,47
7093,0,47
7909,0,47
4971,0,47
2437,0,47
2930,0,47
3047,0,47
2497,0,47
8398,0,47
2083,0,47
6282,0,47
4193,0,47
8847,0,47
295,0,47
5016,0,47
9269,0,47
4158,0,47
1958,0,47
2284,0,47
3709,0,47
4710,0,47
8268,0,47
2274,0,47
7455,0,47
7252,0,47
9296,0,47
3804,0,47
8172,0,47
5542,0,47
7721,0,47
9739,0,47
5128,0,47
3741,0,47
2351,0,47
3886,0,47
7837,0,47
7791,0,47
6854,0,47
4136,0,47
8017,0,47
2185,0,47
1114,0,47
4788,0,47
5219,0,47
9879,0,47
4628,0,47
9650,0,47
3637,0,47
6777,0,47
5421,0,47
464,0,47
7982,0,47
8328,0,47
8741,0,47
3540,0,47
5159,0,47
6027,0,47
1925,0,47
6966,0,47
7913,0,47
6301,0,47
6033,0,47
3236,0,47
7518,0,47
2779,0,47
8361,0,47
5156,0,47
780,0,47
1076,0,47
7923,0,47
4731,0,47
6066,0,47
2203,0,47
5549,0,47
7164,0,47
1124,0,47
811,0,47
1385,0,47
8994,0,47
5746,0,47
8812,0,47
8484,0,47
9356,0,47
6306,0,47
7438,0,47
5299,0,47
7657,0,47
1847,0,47
8218,0,47
8706,0,47
2344,0,47
7863,0,47
5402,0,47
4565,0,47
4602,0,47
2955,0,47
3956,0,47
4123,0,47
3493,0,47
5623,0,47
2077,0,47
2764,0,47
774,0,47
7190,0,47
7288,0,47
5917,0,47
1299,0,47
9224,0,47
6540,0,47
4497,0,47
9005,0,47
3563,0,47
1909,0,47
4104,0,47
7595,0,47
4112,0,47
5822,0,47
8466,0,47
8327,0,47
7157,0,47
6053,0,47
2516,0,47
949,0,47
2173,0,47
7599,0,47
2099,0,47
820,0,47
3715,0,47
4140,0,47
880,28,48
5665,26,48
7733,3,48
8023,22,48
1828,26,48
7222,3,48
1991,22,48
3398,26,48
8945,0,48
7555,0,48
9031,0,48
5744,0,48
7228,0,48
1444,0,48
5034,0,48
8056,0,48
9886,0,48
4342,0,48
3619,0,48
676,0,48
7899,0,48
3042,0,48
1528,0,48
46,0,48
7209,0,48
9922,0,48
8022,0,48
9654,0,48
7684,0,48
146,0,48
3449,0,48
7619,0,48
4350,0,48
8110,0,48
6571,0,48
9883,0,48
1849,0,48
5860,0,48
9430,0,48
4519,0,48
4830,0,48
6434,0,48
799,0,48
2885,0,48
4224,0,48
7340,0,48
3733,0,48
2579,0,48
3888,0,48
2460,0,48
751,0,48
8883,0,48
8950,0,48
2715,0,48
6525,0,48
8803,0,48
3087,0,48
507,0,48
8409,0,48
9534,0,48
2573,0,48
8773,0,48
3558,0,48
2032,0,48
1609,0,48
5799,0,48
1616,0,48
7026,0,48
2983,0,48
979,0,48
7038,0,48
3159,0,48
6154,0,48
769,0,48
5148,0,48
7403,0,48
631,0,48
5158,0,48
6395,0,48
9978,0,48
2746,0,48
2906,0,48
6433,0,48
8584,0,48
2707,0,48
3499,0,48
5833,0,48
8004,0,48
9405,0,48
4591,0,48
2003,0,48
5429,0,48
5117,0,48
4433,0,48
4722,0,48
6451,0,48
7363,0,48
7550,0,48
2161,0,48
9861,0,48
2960,0,48
9995,0,48
1106,0,48
3877,0,48
5359,0,48
3544,0,48
2359,0,48
8777,0,48
8051,0,48
8774,0,48
6293,0,48
5459,0,48
1617,0,48
5066,0,48
3854,0,48
4838,0,48
970,0,48
3944,0,48
2721,0,48
4861,0,48
7216,0,48
7352,0,48
6577,0,48
3597,0,48
9592,0,48
7993,0,48
8447,0,48
7385,0,48
7885,0,48
7762,0,48
6292,0,48
8170,0,48
9398,0,48
1995,0,48
2361,0,48
9151,0,48
1065,0,48
2957,0,48
7402,0,48
8031,0,48
2222,0,48
5514,0,48
5427,0,48
4619,0,48
2064,0,48
8295,0,48
2712,0,48
1221,0,48
1582,0,48
6573,0,48
5609,0,48
8244,0,48
8408,0,48
3082,0,48
7312,0,48
8164,0,48
3594,0,48
9321,0,48
2784,0,48
2081,0,48
1497,0,48
2406,0,48
6818,0,48
1466,0,48
6487,0,48
8663,0,48
4937,0,48
9057,0,48
1371,0,48
4627,0,48
1874,0,48
1090,0,48
3273,0,48
4548,0,48
6044,0,48
8515,0,48
7255,0,48
465,3,49
8443,14,49
1441,25,49
2426,0,49
4728,0,49
347,0,49
2280,0,49
1604,0,49
1344,0,49
6362,0,49
8685,0,49
6352,0,49
9973,0,49
5376,0,49
9998,0,49
5739,0,49
4967,0,49
6906,0,49
5497,0,49
3684,0,49
8290,0,49
6873,0,49
3214,0,49
3425,0,49
4828,0,49
9621,0,49
9685,0,49
1480,0,49
226,0,49
3155,0,49
2622,0,49
2336,0,49
1069,0,49
6968,0,49
5668,0,49
8326,0,49
1342,0,49
2825,0,49
2096,0,49
9318,0,49
4795,0,49
7198,0,49
2041,0,49
9265,0,49
6350,0,49
6208,0,49
4202,0,49
7490,0,49
1157,0,49
284,0,49
5543,0,49
3322,0,49
897,0,49
8105,0,49
1000,0,49
5063,0,49
5014,0,49
2647,0,49
5200,0,49
5105,0,49
1005,0,49
1081,0,49
8104,0,49
2603,0,49
8332,0,49
3941,0,49
1384,0,49
6850,0,49
2726,0,49
5554,0,49
1885,0,49
31,0,49
7598,0,49
4004,0,49
9536,0,49
281,0,49
7494,0,49
6319,0,49
8311,0,49
3914,0,49
9940,0,49
270,0,49
7470,0,49
4687,0,49
5379,0,49
5598,0,49
9275,0,49
763,0,49
6262,0,49
515,0,49
5175,0,49
547,0,49
337,0,49
5473,0,49
7328,0,49
7951,0,49
5177,0,49
4357,0,49
6677,0,49
5292,0,49
4633,0,49
5955,0,49
8141,0,49
6915,0,49
2515,0,49
4673,0,49
1105,0,49
4611,0,49
5477,0,49
9557,0,49
3388,0,49
9259,0,49
879,0,49
8991,0,49
2574,0,49
7506,0,49
5343,0,49
8194,0,49
5629,0,49
9951,0,49
6541,0,49
1725,0,49
714,0,49
624,0,49
2319,0,49
499,0,49
8269,0,49
7748,0,49
250,0,49
701,0,49
7613,0,49
3051,0,49
3661,0,49
3357,0,49
9818,0,49
6133,0,49
5301,0,49
8152,0,49
7777,0,49
6757,0,49
6715,0,49
1806,0,49
339,0,49
6978,0,49
404,0,49
5071,0,49
6296,0,49
5314,0,49
147,0,49
4003,0,49
5313,0,49
7244,0,49
7079,0,49
5524,0,49
5589,0,49
9501,0,49
116,0,49
7771,0,49
9292,0,49
5651,0,49
6437,0,49
3122,0,49
6815,0,49
5283,0,49
2505,0,49
5829,0,49
9580,0,49
5264,0,49
7050,0,49
5256,0,49
9455,0,49
3903,0,49
3441,0,49
2924,0,49
2172,0,49
3341,0,49
661,0,49
647,0,49
3611,0,49
458,0,49
2847,0,49
3664,0,49
1944,0,49
9853,0,49
9885,0,49
1951,0,49
5882,0,49
8294,0,49
5137,0,49
8938,0,49
1066,0,49
4872,0,49
5465,0,49
9814,0,49
8780,0,49
9623,0,49
3745,0,49
6250,27,50
3873,3,50
5472,31,50
6427,0,50
7727,0,50
29,0,50
4313,0,50
395,0,50
1791,0,50
3282,0,50
2765,0,50
2383,0,50
7647,0,50
7049,0,50
7882,0,50
1390,0,50
5523,0,50
3458,0,50
2329,0,50
2255,0,50
4239,0,50
8380,0,50
6409,0,50
2610,0,50
6026,0,50
8654,0,50
4864,0,50
7561,0,50
6077,0,50
4849,0,50
4975,0,50
2136,0,50
4174,0,50
1427,0,50
3560,0,50
7415,0,50
6614,0,50
1539,0,50
3012,0,50
6153,0,50
9766,0,50
4622,0,50
9179,0,50
4462,0,50
1435,0,50
6255,0,50
7508,0,50
2210,0,50
5945,0,50
5438,0,50
5950,0,50
1185,0,50
7873,0,50
8404,0,50
6763,0,50
6756,0,50
6442,0,50
4539,0,50
6884,0,50
6537,0,50
4311,0,50
9857,0,50
9209,0,50
6748,0,50
8845,0,50
4625,0,50
6998,0,50
2844,0,50
5278,0,50
5607,0,50
3523,0,50
4330,0,50
2612,0,50
5115,0,50
6694,0,50
9139,0,50
8384,0,50
5455,0,50
1560,3,50
6422,0,50
7850,0,50
4505,0,50
8573,0,50
3171,0,50
8595,0,50
9741,0,50
5325,0,50
9969,0,50
6176,0,50
165,0,50
9578,0,50
6054,0,50
9911,0,50
7674,0,50
9181,0,50
230,0,50
2355,31,50
4637,0,50
6836,0,50
4672,0,50
8301,0,50
2246,0,50
2769,0,50
4804,0,50
4025,0,50
1693,0,50
2682,0,50
4887,0,50
9673,0,50
1400,0,50
3304,0,50
7705,0,50
1871,0,50
3797,0,50
4592,0,50
9954,0,50
4016,0,50
4574,0,50
9476,0,50
6052,0,50
1243,0,50
7519,0,50
3542,0,50
8388,0,50
7656,0,50
8177,0,50
690,0,50
8987,0,50
450,0,50
865,0,50
9967,0,50
9606,0,50
1562,0,50
2195,0,50
6166,0,50
8568,0,50
9093,0,50
1192,0,50
8560,0,50
7821,0,50
9086,0,50
1696,0,50
225,0,50
3170,0,50
8118,0,50
5015,0,50
3727,0,50
1153,0,50
2845,0,50
6219,0,50
6908,0,50
1245,0,50
1306,0,50
53,0,50
7303,0,50
5433,0,50
4634,0,50
6605,0,50
3338,0,50
5273,0,50
2638,0,50
670,0,50
5782,0,50
8376,0,50
6643,0,50
1007,0,50
2206,0,50
6238,0,50
7258,0,50
8717,0,50
6224,0,50
858,0,50
1151,0,50
5232,0,50
5927,0,50
6393,0,50
6129,0,50
257,0,50
4115,0,50
8680,0,50
6061,0,50
8330,0,51
6028,8,51
5239,18,52
177,17,53
4613,4,54
2093,31,54
4363,9,55
7232,4,57
9514,20,58
7719,5,60
2992,15,60
1665,20,61
9159,4,62
4969,9,63
831,27,64
9109,30,65
4848,3,65
6002,16,66
4583,21,66
9442,12,66
3066,2,67
7434,27,67
9755,30,67
3500,9,68
365,13,68
7865,9,69
3590,10,71
7437,12,72
7274,23,73
3017,6,73
87,15,73
363,10,73
5073,30,73
7939,19,75
3522,25,76
1378,18,77
7533,19,77
842,26,78
9257,25,80
8371,24,80
4051,12,82
2465,29,83
2004,30,84
7212,5,85
3909,8,87
7109,30,88
9828,31,88
703,20,90
5946,24,90
5058,17,91
8391,25,93
9492,18,95
8742,3,96
3680,17,98
5271,30,98
7025,18,99
1712,1,101
3095,5,101
7291,3,102
3643,23,103
4041,6,105
2832,9,106
6527,0,106
1236,5,111
1436,30,112
8474,21,112
52,1,112
1503,30,115
7530,13,115
5168,7,121
4584,25,122
4347,0,123
2648,28,124
83,7,125
248,20,125
2794,2,129
1614,28,131
4352,21,133
9083,25,135
8501,11,135
1029,29,137
6102,20,140
1360,29,140
3029,29,141
8582,19,142
8730,23,146
8365,30,147
6617,22,147
3732,0,149
809,8,150
6093,3,152
8446,31,153
7649,26,155
9277,28,155
6606,31,155
4837,20,156
2554,24,159
3768,16,159
4913,28,162
9197,11,162
6632,3,165
3265,16,165
65,2,167
667,27,167
6672,13,168
5318,11,168
4261,29,168
7682,20,170
9124,10,170
4658,16,171
8163,30,174
3125,28,175
6377,25,175
8417,3,177
7789,15,180
3913,24,182
8988,23,182
6752,29,183
3652,21,188
6483,12,188
5830,24,190
401,17,191
5011,20,192
1802,3,194
620,18,198
8821,17,198
9519,18,199
1996,16,200
5722,10,200
9329,13,204
9696,9,205
6671,13,213
8511,16,216
7816,20,224
9451,2,228
736,21,231
9533,7,235
4088,3,236
2467,20,237
3966,12,238
5333,19,240
8251,16,242
4288,23,245
9080,3,250
2651,22,254
655,29,258
103,16,265
7332,3,265
6435,16,267
4678,7,267
7141,10,268
129,15,273
7831,10,281
2864,2,290
9589,3,292
1938,20,292
2147,15,298
3783,16,299
6497,10,299
4663,21,307
9839,24,309
6961,19,309
3392,16,311
7745,15,316
2669,20,320
9854,26,324
7,3,331
6266,20,333
7355,7,333
5743,3,336
1205,11,339
8645,19,339
9618,6,347
3162,22,351
5893,23,358
2322,19,362
4847,10,366
4439,21,366
2358,21,370
6000,16,373
9401,27,377
8064,15,384
2338,22,390
6446,15,391
115,10,399
2774,22,405
3962,24,408
3927,19,409
333,22,411
9642,15,414
9510,30,416
5921,18,423
8798,23,429
4035,5,429
7779,7,432
6791,19,436
3072,19,438
9740,2,446
2297,23,448
7755,19,457
1926,28,458
1307,5,459
2902,20,460
1945,19,461
8505,21,467
9056,10,467
3278,28,470
1930,10,472
3681,28,473
1819,26,479
6363,25,483
9444,30,486
8522,22,489
5350,22,490
4268,22,495
4300,24,506
5981,22,510
6869,24,516
8571,21,523
200,19,525
7804,10,527
7323,5,529
1732,23,529
5341,1,532
2111,30,534
8444,30,535
8495,30,537
5228,2,543
5552,2,555
432,30,556
2787,7,574
5449,30,580
1121,5,584
8014,30,584
6247,22,588
2842,30,589
4972,16,593
9445,22,595
5683,24,600
6085,23,602
1417,30,603
261,30,603
1201,24,605
6120,16,609
5205,30,612
5632,22,615
7523,10,618
915,16,620
3678,30,622
1268,24,626
7922,5,627
2423,27,633
9443,30,634
1776,30,637
6856,30,639
2241,22,640
4781,18,641
6339,2,642
6687,22,642
9082,19,643
5082,20,652
5226,29,654
5622,29,654
8538,7,655
7333,30,655
4122,30,659
8336,22,660
963,21,666
1816,30,666
9781,30,666
3753,21,667
4361,30,667
27,20,668
9391,16,673
6073,12,675
7004,20,676
8712,30,679
8670,18,682
8432,26,683
8604,30,684
4705,30,684
97,22,685
7002,16,687
3262,30,687
2470,25,692
3792,16,693
9387,28,694
4278,28,698
9624,28,702
3588,30,703
3119,30,709
370,22,710
6600,22,714
360,31,715
7409,27,716
8065,30,717
2826,30,721
6878,27,725
8349,30,725
1857,31,728
9458,27,730
2215,30,735
8310,25,736
8322,28,736
9471,30,739
5662,31,744
9276,30,744
1695,30,744
2876,30,747
3065,29,750
9770,31,750
1677,29,751
9677,26,754
6139,26,755
43,27,757
2997,27,757
3970,27,757
1877,30,758
8686,16,760
7458,30,764
9429,16,771
8545,31,773
5282,26,774
6312,2,776
4417,23,776
1702,30,779
3221,8,782
4821,27,789
7782,31,791
1348,30,800
6202,30,801
9925,18,805
4405,30,808
4064,30,808
5964,30,809
7177,17,811
3498,17,811
5102,30,813
1797,27,815
5818,28,816
3702,28,816
9340,26,818
3692,28,818
9314,28,821
1752,28,821
9001,30,821
5551,30,821
9042,29,824
8032,17,825
6138,27,825
5596,27,827
3274,31,831
3602,31,831
6223,30,836
987,28,838
4336,30,841
4805,31,843
2071,5,846
9256,29,847
457,31,848
9812,24,849
9021,29,851
8897,27,852
7170,26,854
3976,27,856
704,27,856
990,27,857
8576,30,863
7010,26,865
1222,31,871
6142,27,871
7610,26,874
369,18,878
3957,30,878
9422,27,889
2559,28,890
5320,31,891
5469,29,891
1626,22,894
1166,30,899
5162,30,910
4410,17,910
9244,27,913
9802,28,915
59,15,916
8187,26,918
2591,30,920
2196,27,923
7937,29,924
3534,17,925
5223,28,926
6880,28,926
4232,27,927
9613,26,928
7304,22,931
6274,11,932
4018,29,933
5656,28,938
8364,26,939
6326,29,945
1620,24,947
5995,27,950
3098,29,951
6524,28,952
6615,26,952
4487,26,955
3129,30,961
2140,27,968
5203,31,969
3625,30,969
9822,22,970
1914,26,971
9920,30,976
6736,27,978
6063,27,986
5569,28,988
6832,29,990
7194,31,991
8593,22,994
686,30,997
1297,30,1008
380,17,1009
857,28,1013
1314,27,1013
71,27,1013
5534,15,1015
5869,26,1017
5819,27,1020
4128,30,1020
6303,23,1024
9647,28,1025
635,28,1026
6192,27,1027
5428,26,1027
2061,22,1029
9433,29,1031
9431,28,1035
2907,29,1041
3106,29,1042
816,27,1049
3744,28,1051
1037,29,1051
9888,23,1058
7723,30,1058
8275,22,1062
3275,30,1065
7708,22,1067
1988,30,1068
9880,26,1068
5189,30,1075
3905,30,1076
5005,27,1078
5861,27,1084
1928,30,1087
9037,29,1088
5733,28,1088
9936,22,1093
3053,30,1106
4520,26,1109
4596,17,1109
1603,28,1110
827,23,1112
9125,15,1113
4964,26,1115
349,14,1120
7122,27,1120
4553,30,1122
2119,30,1123
5076,28,1124
6586,28,1124
9960,29,1128
1710,22,1128
4689,30,1128
5198,30,1129
7277,28,1131
7703,23,1135
5731,29,1138
1232,29,1142
215,22,1142
2964,30,1146
1331,30,1147
4780,27,1148
8542,28,1150
5807,28,1151
5522,30,1155
7347,23,1155
5704,30,1158
740,30,1162
3289,30,1167
6750,26,1167
6619,26,1168
5688,30,1173
5399,17,1177
7493,23,1179
3434,25,1179
7934,29,1185
3269,30,1185
9750,27,1186
5694,28,1188
9055,30,1192
8747,30,1196
7936,15,1197
5553,26,1205
7636,23,1207
6882,25,1209
6992,23,1212
7316,26,1215
4030,30,1221
7046,30,1221
3021,30,1223
9898,22,1226
9601,23,1226
9837,30,1229
4649,30,1231
2853,28,1232
5351,23,1233
1836,28,1235
9081,28,1235
6018,29,1240
8306,30,1246
1335,30,1247
8599,27,1248
7578,23,1255
3730,23,1259
762,30,1260
4646,26,1266
7927,25,1279
7960,30,1282
6641,29,1284
2342,28,1285
176,30,1287
399,30,1290
9311,30,1295
9774,15,1296
9971,28,1297
4824,26,1302
2578,30,1304
9912,19,1307
4707,31,1313
6474,30,1315
5775,19,1319
9282,30,1320
947,23,1326
4593,30,1330
5798,28,1330
6792,28,1332
3553,28,1332
2466,30,1345
5776,23,1356
9686,30,1357
4550,30,1361
367,31,1362
7990,26,1366
7701,27,1378
8523,25,1378
8912,31,1380
3400,27,1382
120,30,1384
6259,29,1384
2082,28,1385
8372,28,1389
67,29,1392
244,28,1394
6564,30,1394
1322,30,1402
1038,17,1405
8350,22,1407
7350,31,1407
4250,27,1415
6926,30,1418
2674,30,1419
3786,31,1422
5503,23,1425
7224,30,1428
8524,28,1430
6543,27,1435
9239,28,1439
44,30,1454
8769,26,1456
3209,15,1458
7156,30,1459
1769,26,1466
4538,31,1471
9957,25,1475
1542,27,1477
9373,31,1477
7686,27,1481
3872,29,1481
2327,27,1483
7921,28,1483
1080,30,1484
5641,28,1488
1358,29,1490
5252,24,1493
4976,30,1494
203,30,1499
4766,30,1499
2187,17,1503
7120,31,1504
9453,30,1512
361,27,1513
567,28,1514
2345,26,1516
3981,26,1516
7433,17,1517
262,30,1519
8889,23,1523
2022,30,1528
5425,23,1536
792,24,1541
4474,30,1543
7514,26,1548
5366,27,1551
2472,26,1555
6962,30,1557
7625,28,1560
2487,26,1566
1040,27,1568
3794,30,1571
1321,25,1572
2593,23,1573
6368,27,1574
7280,31,1574
6278,27,1578
2455,30,1583
4666,28,1583
3925,30,1584
7671,28,1585
8393,17,1588
932,29,1589
2583,24,1593
4516,27,1594
570,30,1597
8011,28,1599
330,30,1599
2287,30,1599
5711,17,1601
1149,31,1603
1841,26,1608
1210,23,1609
