1611,3,0
3480,3,0
934,3,0
2085,3,1
3354,3,1
4051,3,1
4208,5,1
2272,3,1
2290,3,2
2761,3,2
2770,5,2
3260,5,2
3582,3,2
3771,5,2
3908,5,2
4477,3,2
4564,7,3
4950,5,3
66,7,3
518,5,3
1357,7,3
1588,7,4
1693,7,4
1795,7,4
1848,7,4
1933,7,4
2388,7,4
2602,7,4
3249,7,4
3633,7,4
3739,0,4
4488,0,4
4557,7,4
4784,7,4
4971,0,4
23,0,5
164,5,5
343,0,5
390,0,5
411,0,5
604,0,5
2767,0,5
4860,0,5
230,0,5
630,0,5
922,0,5
1202,0,5
1257,1,5
1384,0,5
1743,1,5
2111,1,5
2159,1,6
2206,1,6
2287,1,6
2583,1,6
3106,1,6
4468,1,6
4983,1,6
83,1,6
134,1,6
1109,1,6
1172,0,7
1310,1,7
1555,1,7
2458,1,7
2486,1,7
2645,6,7
3315,6,7
4618,6,7
369,6,7
483,6,7
794,1,7
1089,6,7
1404,6,7
1620,6,8
1949,6,8
2419,1,8
2717,6,8
3102,6,8
3434,6,8
4054,6,8
4138,2,8
4334,2,8
4923,6,8
143,2,8
236,2,8
433,2,8
903,2,8
1213,2,9
1589,2,9
2038,2,9
2790,2,9
2800,2,9
2940,2,9
2996,2,9
3033,2,9
3040,4,9
3061,6,9
3313,2,9
3326,4,9
3578,4,9
3591,4,9
3705,4,9
3959,4,9
4198,4,9
4924,4,9
150,4,9
379,4,9
1553,4,9
1560,4,9
1912,4,9
2445,4,9
3070,4,9
4029,4,9
4386,2,9
4513,4,49
4611,4,49
4656,4,49
4754,4,49
4835,0,49
4911,2,49
55,0,50
121,0,50
340,3,50
513,5,50
740,7,50
754,4,50
882,0,50
1126,3,50
1220,5,50
1585,2,50
1641,7,50
1929,4,50
2060,3,50
2074,6,50
2176,6,50
2581,2,50
2679,6,50
3050,1,50
3216,0,50
3287,3,50
3557,6,50
3559,6,50
3640,5,51
4372,5,51
4483,5,51
4700,1,51
4859,3,51
419,2,51
749,6,51
920,1,51
1233,1,51
1243,7,51
1317,4,51
1419,1,51
1657,3,51
1747,7,51
1859,1,51
1992,1,51
2056,2,51
2951,5,51
3174,2,51
3626,2,51
3649,7,51
3683,2,51
3767,3,51
3807,0,51
3964,3,51
4395,0,51
4425,7,52
4445,1,52
4713,2,52
4752,4,52
36,6,52
161,2,52
574,2,52
610,0,52
642,1,52
715,4,52
768,0,52
976,7,52
1011,6,52
1182,4,52
1323,7,53
1536,6,53
1645,0,53
2300,7,53
3080,1,54
3180,7,54
3279,0,54
3585,2,54
3594,6,54
3719,0,54
3735,6,54
3834,5,54
3997,7,54
4123,6,54
4142,1,55
4143,7,55
4264,1,55
4524,4,55
4569,0,55
45,2,55
127,6,55
465,1,56
631,4,56
826,1,56
909,3,56
937,2,57
1269,4,57
1307,2,57
1433,6,57
1488,4,58
1494,2,58
1523,0,58
1850,2,58
1905,6,58
2076,4,59
2154,4,59
2393,2,59
2625,1,59
2672,2,59
2804,4,90
2988,6,90
3019,7,90
3094,2,90
3108,7,91
3272,2,91
3297,7,91
3328,6,91
3335,3,91
3698,2,91
3923,2,91
4230,7,91
4451,0,91
4461,1,91
4466,0,91
4617,4,92
4625,3,92
125,6,92
559,0,92
571,3,92
732,0,92
860,6,92
997,4,92
1107,5,92
1506,2,92
1647,1,93
1716,1,93
1750,1,93
1827,1,93
2446,1,93
2454,3,93
2459,3,93
2572,0,93
2637,5,93
2786,6,93
2849,1,93
2948,2,93
3244,0,93
3285,7,93
3300,0,93
3391,6,93
3456,3,94
3784,4,95
3973,4,95
4026,1,95
4032,2,95
4374,0,95
4771,6,95
4959,2,95
4963,2,95
4995,1,95
117,6,95
464,4,95
764,4,96
926,4,96
947,3,96
989,2,96
1033,7,96
1061,1,96
1393,5,96
1412,5,96
1471,4,96
1516,4,96
2721,0,96
2846,2,97
2864,4,97
3001,2,97
3274,5,97
3317,6,97
3659,4,97
3727,6,97
4118,0,98
4354,1,98
4495,5,98
4498,2,98
4809,1,98
4957,1,98
51,2,99
344,3,99
760,6,99
982,4,99
1046,7,99
1068,1,99
1514,0,99
1871,0,99
1951,3,99
1999,0,99
2051,5,99
2083,6,100
2474,2,100
2578,7,100
2603,7,100
2661,2,100
2859,4,101
2900,4,101
3047,1,102
3213,6,102
3579,2,103
3689,5,103
4205,6,103
4391,2,107
4453,7,107
4636,6,107
4692,2,107
4737,2,107
4887,1,107
4918,1,107
4930,0,107
65,4,107
263,4,107
270,0,107
345,5,130
353,7,131
461,3,131
664,0,131
932,5,131
1055,2,131
1058,2,132
1196,4,133
1241,5,133
1782,6,133
1796,4,133
2281,5,133
2304,7,133
2382,7,133
2633,3,133
2680,3,134
2894,6,134
2965,7,134
3078,4,134
3344,1,135
3580,5,135
3624,6,135
3794,6,135
3815,1,135
3857,0,136
4034,4,136
4035,0,136
4136,6,136
4649,7,137
4791,7,137
4886,2,137
4968,0,137
174,2,137
330,0,137
455,6,137
802,1,137
869,5,137
1194,1,137
1639,2,137
2024,6,137
2090,1,137
2095,7,137
2223,1,138
2247,1,138
2562,1,138
2640,6,138
2683,4,139
2819,4,139
2824,4,139
3082,4,139
3122,0,139
3289,4,139
3427,0,139
3885,0,140
4267,7,140
4362,4,140
4438,3,140
4490,2,140
4510,0,140
4650,6,140
4651,2,140
4668,2,140
243,4,140
618,6,140
674,7,140
680,5,140
823,3,140
836,2,140
1259,2,140
1295,6,140
1324,0,141
1359,6,141
1370,2,141
1391,1,141
1505,6,141
1632,6,141
1665,3,141
1762,1,141
1771,2,142
1781,1,143
1823,1,143
1836,7,144
1838,2,144
1841,1,144
1875,4,145
2032,3,145
2062,0,146
2117,6,146
2268,7,146
2303,4,146
2353,6,147
2387,3,147
2728,1,147
2808,0,147
2962,4,147
3221,5,148
3241,2,148
3384,4,148
3576,4,149
3740,4,149
3766,2,164
3914,2,164
3982,0,164
4261,2,164
4356,4,164
4389,5,166
4528,4,166
4577,7,171
4641,7,171
4804,6,171
4901,2,171
4935,5,171
4985,0,171
314,1,171
408,6,173
554,2,173
668,0,173
722,1,173
797,2,173
829,1,173
884,5,175
1060,6,175
1204,6,175
1444,2,175
1618,6,176
1662,3,176
1802,0,176
1811,2,176
1828,7,176
2008,4,176
2437,2,177
2535,5,177
2551,5,177
2621,6,177
2693,1,177
3039,7,177
3121,0,177
3127,1,177
3223,2,178
3352,5,178
3364,0,178
3424,2,178
3437,5,178
3528,1,179
3785,1,179
3820,7,179
4041,1,179
4062,4,180
4276,0,180
4523,4,180
4881,7,180
4978,6,180
43,7,180
339,4,180
352,4,180
492,0,180
497,7,180
654,4,180
758,2,180
783,3,180
806,6,181
814,2,181
931,7,181
957,6,181
970,6,181
1048,1,181
1072,1,181
1090,3,181
1096,4,181
1140,6,181
1149,5,181
1153,4,181
1325,0,182
1652,4,182
1691,0,182
1749,7,182
1813,7,182
1969,7,183
2140,3,183
2164,1,183
2669,0,184
2704,3,184
2735,5,184
2828,4,184
2886,7,185
2929,4,186
2936,2,186
2997,4,186
3032,7,186
3037,6,186
3079,6,186
3242,3,186
3264,2,186
3432,4,186
3570,0,186
3667,0,186
3676,2,186
3708,0,186
3755,1,187
3961,5,187
3985,1,187
4129,2,187
4162,2,187
4213,3,187
4251,4,187
4285,1,187
4351,6,187
4467,2,187
4698,4,187
4723,6,189
4778,0,189
4932,1,189
112,4,189
141,3,190
175,2,190
186,3,190
507,4,190
549,1,195
553,2,198
593,6,198
626,2,203
786,2,203
815,5,203
889,1,203
953,0,204
1207,3,204
1308,2,205
1372,3,205
1462,5,206
1521,0,206
1686,5,206
1687,2,206
1752,6,208
1913,7,208
2016,1,208
2093,6,208
2465,6,209
2489,5,209
2497,7,209
2764,4,209
3066,1,209
3421,0,209
3472,1,210
3545,6,211
3628,7,211
3675,0,211
3684,3,211
3721,1,211
3764,6,211
3981,7,211
4187,2,211
4333,7,211
4472,2,211
4492,7,212
4605,3,212
4620,0,212
4807,6,212
4920,1,212
4965,4,212
26,0,212
151,0,213
199,7,213
504,5,213
587,4,213
745,4,213
812,7,213
1017,0,213
1041,5,213
1070,3,214
1171,3,214
1354,6,216
1432,1,216
1593,5,216
1704,2,216
1710,4,218
1790,5,218
1793,6,218
1965,1,218
2025,6,218
2035,2,218
2039,3,218
2133,6,220
2150,5,220
2251,7,220
2450,5,220
2615,3,220
2794,7,220
2970,2,220
2977,4,220
3083,7,220
3105,0,221
3149,2,221
3341,2,221
3375,1,221
3403,4,222
3488,1,222
3527,4,222
3603,3,222
3765,7,222
3812,2,224
3980,6,224
4023,5,224
4189,0,224
4321,3,224
4403,2,224
4509,4,225
4529,6,225
4637,3,225
4682,7,225
12,4,226
48,7,226
59,4,227
226,7,227
302,1,227
596,2,228
885,4,228
891,0,228
1051,2,230
1135,3,230
1177,1,230
1214,2,230
1326,4,230
1463,1,230
1563,1,231
1681,6,232
1804,6,233
2065,0,235
2094,6,235
2131,1,237
2194,4,237
2245,0,237
2265,5,237
2670,1,237
2726,2,238
2888,1,241
2964,2,242
3027,4,242
3035,6,242
3036,0,242
3043,7,242
3063,2,242
3130,0,242
3373,5,243
3481,1,245
3535,1,246
3615,2,246
3644,7,246
3744,0,247
3855,2,247
4327,3,247
4336,0,247
4629,0,247
4710,6,248
4862,4,248
4888,5,248
4929,2,248
4975,1,250
144,2,250
165,1,250
211,6,250
317,3,250
412,1,251
523,4,251
615,5,251
723,4,251
731,2,251
809,0,253
986,6,253
1032,7,253
1146,3,254
1199,7,254
1316,3,254
1368,4,254
1509,2,254
1572,2,254
1677,0,254
1765,3,257
1835,5,257
2157,0,257
2199,7,257
2260,3,257
2330,6,257
2380,4,257
2386,4,258
2519,0,258
3135,2,258
3151,0,258
3307,6,258
3478,4,259
3589,4,259
3629,4,259
3763,4,260
3920,2,260
3978,4,260
4028,3,260
4295,4,260
4387,6,261
4473,0,261
4494,3,261
4556,7,262
4735,7,262
4839,4,262
4900,0,262
29,2,263
44,0,263
123,6,263
129,4,263
190,2,264
362,1,264
425,6,266
592,5,266
706,5,267
716,5,267
834,5,267
894,0,267
952,0,267
1245,0,267
1254,6,267
1279,4,267
1351,3,267
1583,4,267
1671,2,267
1736,1,267
1910,7,267
2087,4,269
2479,4,269
2484,3,269
2531,1,269
2611,3,269
2676,1,269
2692,2,270
2709,1,272
2748,6,272
3138,1,272
3236,7,272
3263,2,272
3378,0,272
3544,0,272
3565,0,273
3664,0,274
3685,7,274
3703,2,274
3718,2,274
3862,0,274
3948,1,275
3974,4,275
4012,1,275
4098,4,275
4157,3,275
4239,2,275
4363,2,275
4440,1,275
4823,2,277
4850,3,277
4867,0,277
109,6,278
180,7,278
192,1,278
198,1,278
357,5,278
439,6,278
600,6,278
659,1,279
694,2,280
695,6,282
710,3,283
858,4,283
925,2,283
1137,7,283
1198,4,283
1524,4,284
1559,1,284
1568,5,284
1742,4,285
1745,4,286
1812,4,287
1974,5,287
1987,7,287
2009,4,287
2142,6,287
2175,6,287
2201,5,287
2347,1,288
2363,7,288
2468,7,289
2505,6,289
2511,2,289
2630,4,289
2632,2,289
2636,7,289
2774,0,291
2855,7,291
2874,2,293
2979,0,293
2987,3,293
3110,0,293
3124,0,293
3132,4,294
3141,3,295
3204,3,295
3229,4,295
3266,2,295
3284,4,295
3351,7,295
3566,1,295
3638,1,295
3707,0,295
3782,0,295
3821,0,296
4015,5,296
4024,3,296
4058,6,296
4059,4,298
4102,3,298
4266,1,298
4373,4,298
4592,2,298
60,0,298
309,7,299
321,2,299
358,4,299
437,4,300
500,0,300
511,6,301
529,6,302
779,7,302
1023,4,303
1165,3,303
1203,6,303
1299,4,303
1303,7,304
1445,2,304
1764,0,305
1792,0,305
2011,3,305
2235,5,305
2267,1,308
2316,6,308
2397,0,308
2416,3,308
2538,4,308
2654,1,309
2682,6,309
2832,7,310
2856,2,311
3051,1,312
3157,4,312
3164,6,312
3338,6,312
3340,1,312
3449,6,312
3486,4,312
3490,5,312
3531,7,312
3543,6,313
3569,5,313
3724,7,313
3732,2,313
3809,5,315
3915,4,315
3999,0,315
4018,2,315
4156,5,315
4216,6,315
4429,0,316
4555,7,316
4571,2,316
4580,0,316
4606,7,317
4799,1,317
4811,1,317
4847,6,317
4875,1,318
1,1,318
16,5,318
114,2,319
200,2,319
279,1,320
332,3,320
346,6,321
380,1,321
391,6,321
479,0,321
491,2,322
516,6,322
542,1,322
634,3,322
720,2,322
767,4,324
902,3,324
1005,2,324
1118,1,324
1148,0,324
1446,6,324
1655,4,325
1721,6,325
1729,5,325
1754,6,325
1844,7,325
1981,0,325
1990,1,325
2005,4,325
2189,2,326
2210,0,326
2348,2,330
2400,4,330
2518,2,330
2523,2,331
2555,7,331
2556,7,332
2594,1,332
2755,2,332
2869,1,332
2899,7,333
3089,7,333
3144,0,333
3291,3,333
3306,4,335
3334,2,336
3383,0,336
3392,7,336
3630,6,336
3639,3,336
3691,5,336
3749,7,339
3803,4,339
3929,4,341
4057,7,341
4095,4,342
4220,0,342
4274,2,342
4287,3,342
4458,4,342
4631,1,342
4718,5,342
4736,4,343
4795,4,343
4897,0,344
4934,0,344
17,5,345
136,6,345
294,3,345
458,0,345
698,7,345
712,0,345
800,3,345
810,0,345
945,2,345
1227,5,345
1232,1,345
1247,4,346
1284,2,347
1294,6,347
1414,3,347
1440,4,347
1481,4,347
1561,1,347
1569,1,347
1592,0,349
1654,4,349
1709,3,349
1725,6,349
1897,2,349
1939,0,349
2029,0,350
2053,7,350
2075,5,351
2126,0,351
2216,6,353
2396,1,353
2452,1,353
2453,7,354
2589,5,354
2610,2,354
3057,7,354
3075,4,354
3111,6,354
3195,2,354
3295,6,354
3367,1,357
3372,6,358
3515,6,358
3550,1,358
3631,1,358
3657,5,358
3704,7,359
3852,2,359
3946,6,359
3979,4,359
4113,4,359
4125,6,359
4337,4,359
4419,6,359
4426,2,359
4667,5,359
4725,7,359
4830,2,361
4997,5,361
95,0,362
154,3,362
311,1,362
456,2,363
628,2,363
687,7,363
742,0,363
906,2,363
1003,1,363
1014,2,363
1086,3,364
1190,7,364
1361,6,364
1378,4,365
1537,7,365
1566,6,366
1726,1,366
1741,4,367
1873,3,367
1893,1,367
1914,4,367
2010,3,369
2092,6,369
2099,7,369
2163,2,370
2193,2,370
2219,5,370
2509,0,370
2643,4,370
2663,4,371
2664,5,372
2797,0,373
2840,7,373
2891,2,373
2966,6,373
3198,1,373
3243,2,374
3412,5,374
3426,3,374
3470,1,374
3641,0,375
3671,2,376
3679,0,376
3797,4,376
3825,3,376
3903,1,376
3967,7,376
3990,1,376
4011,6,376
4080,0,376
4540,4,376
4567,2,376
4632,0,376
4639,1,377
4730,4,378
4837,1,378
4844,3,378
4865,4,379
61,4,379
178,0,382
251,2,382
268,4,382
316,3,382
329,1,382
415,6,382
613,6,383
629,5,383
660,7,383
726,5,383
877,4,384
901,6,385
918,6,385
966,3,385
984,7,385
1054,7,385
1097,4,385
1132,1,385
1183,0,386
1264,4,386
1289,4,386
1385,6,386
1503,4,386
1916,0,387
1945,1,387
2170,0,387
2239,4,387
2318,5,388
2328,5,388
2426,1,388
2501,6,388
2595,1,389
2612,0,389
2659,3,390
2668,7,390
2673,5,390
2775,2,390
2843,6,390
2889,5,390
2919,1,390
2957,0,390
3000,1,391
3006,6,391
3016,4,392
3428,0,392
3553,2,392
3619,5,392
3678,3,392
3780,6,392
3802,6,392
3814,5,393
3816,7,393
3859,5,393
3919,7,393
3966,2,394
4025,2,395
4049,2,395
4074,0,395
4297,7,395
4398,3,395
4405,4,395
4460,1,395
4478,2,395
4547,7,397
4695,3,397
4894,6,397
4912,4,397
145,2,397
305,4,397
427,5,397
556,6,397
573,1,400
739,4,400
780,2,400
871,0,401
1052,1,401
1382,7,401
1401,4,401
1696,6,401
1701,0,401
1733,1,401
1756,5,401
1780,3,401
1791,4,401
2002,2,402
2012,1,404
2144,3,404
2214,4,404
2537,0,404
2590,6,404
2624,6,404
2776,1,404
2793,1,404
2822,0,405
2871,4,405
2896,0,405
2921,6,405
2961,6,406
3011,4,406
3067,5,406
3109,0,406
3148,2,406
3267,4,407
3312,1,408
3381,6,408
3483,3,408
3503,0,408
3717,1,408
3725,6,409
3728,5,409
3745,7,412
3747,0,412
4084,4,412
4111,2,412
4226,6,412
4240,2,413
4263,4,413
4275,3,413
4306,6,413
4348,4,413
4558,2,413
4657,2,413
4728,7,415
4745,4,415
4882,2,416
4890,7,416
4905,1,417
4969,4,417
5,5,417
19,3,417
35,3,417
214,7,417
227,1,417
426,6,417
598,0,417
612,0,417
651,0,417
678,4,417
709,4,419
728,2,419
776,0,419
798,6,419
819,3,419
915,4,420
927,4,421
992,2,421
1009,0,421
1043,4,421
1122,0,422
1215,0,424
1244,3,424
1282,4,424
1300,3,424
1302,5,424
1312,5,424
1421,0,425
1426,1,425
1530,7,425
1545,2,425
1556,6,425
1581,4,425
1761,2,425
1839,1,425
1861,1,425
1920,0,425
1936,4,425
2017,1,426
2106,4,426
2225,4,426
2277,7,426
2299,3,427
2306,1,427
2444,4,427
2520,1,427
2528,6,427
2607,0,428
2626,1,428
2685,7,430
2687,0,430
2720,0,433
2753,2,433
2796,4,433
2884,4,434
3159,4,435
3218,1,435
3245,3,435
3310,2,436
3330,6,436
3386,4,436
3420,2,436
3473,0,436
3484,2,436
3530,5,436
3620,6,436
3674,0,436
3687,6,436
3690,4,436
3741,4,436
3842,7,436
3968,2,436
3976,2,436
3995,2,436
4040,6,437
4069,3,437
4148,1,438
4175,5,438
4269,2,439
4316,3,439
4462,6,439
4504,1,439
4542,3,439
4660,0,439
4694,2,439
4941,4,439
4952,6,440
4981,5,440
9,2,440
27,0,440
28,4,440
395,0,440
453,0,441
545,2,443
645,1,443
658,3,443
666,1,443
719,5,443
825,4,444
852,2,444
878,0,444
1527,5,444
1534,3,444
1541,4,444
1821,6,444
1843,6,444
1903,6,444
1991,6,444
2115,7,445
2203,3,445
2313,7,445
2392,4,445
2409,5,445
2534,0,448
2750,3,448
2820,1,448
2826,3,449
2932,2,449
3021,7,450
3055,1,450
3099,5,453
3126,4,453
3179,0,453
3214,1,454
3246,5,454
3261,2,454
3283,6,454
3305,1,454
3496,7,455
3768,1,455
3774,3,455
3877,0,456
3890,2,456
3960,0,456
3963,5,456
3984,1,456
4021,4,457
4099,2,458
4178,5,458
4225,1,458
4242,4,458
4314,7,458
4476,4,458
4521,7,458
4599,1,458
4633,0,459
4645,5,459
4759,3,459
4770,2,459
4774,7,459
4856,7,459
4922,3,459
4986,4,459
82,6,459
159,4,459
273,6,459
301,1,460
368,2,460
506,1,460
508,4,461
703,4,461
751,4,464
807,2,464
872,0,464
958,7,464
995,1,464
1131,4,465
1173,4,465
1192,6,465
1217,4,466
1258,0,466
1396,7,466
1430,5,466
1625,2,466
1673,2,466
1682,0,466
1712,5,466
1759,3,466
1832,0,468
1895,1,468
1908,0,468
1917,2,468
2066,6,472
2151,1,472
2212,2,472
2358,0,472
2366,4,472
2466,2,472
2532,6,473
2561,2,473
2592,0,473
2596,2,473
2648,2,473
2739,6,473
2746,4,473
2766,4,473
2839,6,476
2879,7,476
2880,6,476
2890,4,476
2895,1,476
2920,4,476
3034,1,477
3100,4,477
3152,2,478
3165,2,478
3178,2,478
3226,3,478
3323,6,478
3345,4,478
3360,2,478
3389,7,479
3516,1,479
3533,3,479
3549,0,479
3562,0,480
3584,2,480
3627,2,481
3758,0,481
3888,3,481
3998,4,482
4006,4,482
4027,7,482
4046,0,483
4056,5,483
4176,0,483
4328,2,483
4359,4,483
4381,3,483
4407,1,484
4465,6,484
4503,1,484
4582,2,486
4635,3,486
4642,5,486
4688,1,486
4720,6,486
4793,2,486
4869,0,486
4870,4,486
4917,4,486
25,2,486
97,0,487
139,4,487
157,0,487
158,4,488
184,2,488
354,0,488
364,1,488
463,3,488
495,5,488
538,6,488
691,4,488
697,2,489
759,0,489
781,6,489
785,7,489
895,6,492
991,1,492
994,6,492
1025,6,492
1027,1,492
1035,7,492
1124,2,492
1133,0,492
1164,5,492
1175,3,492
1181,2,492
1341,4,492
1356,1,492
1429,2,492
1554,1,492
1648,2,493
1830,1,495
1900,5,495
1906,4,495
1940,1,497
2004,4,500
2120,1,501
2202,2,501
2345,7,501
2361,0,501
2530,7,501
2553,4,501
2566,3,502
2619,3,502
2634,3,502
2639,2,502
2650,4,502
2730,7,502
2791,4,503
2805,2,503
2907,0,503
2992,7,503
2994,3,503
3068,0,503
3205,6,503
3217,4,503
3262,2,503
3278,1,504
3296,5,506
3333,7,506
3597,6,506
3622,0,506
3682,0,506
3926,4,506
3936,1,506
4093,0,507
4135,2,507
4167,2,508
4244,1,508
4480,4,508
4568,4,508
4597,7,508
4701,6,508
4855,5,508
4933,4,508
4996,4,508
49,5,509
85,5,509
93,4,510
107,5,511
167,0,511
264,5,511
341,3,511
355,7,512
361,7,513
387,6,513
438,4,513
440,6,513
454,1,513
470,2,513
525,3,513
588,2,515
632,0,515
644,0,515
724,6,515
727,4,515
735,2,515
756,2,516
763,4,516
801,6,516
811,7,516
818,6,517
833,3,517
1021,6,518
1031,6,520
1427,5,520
1459,6,520
1461,4,520
1517,2,520
1640,3,520
1773,0,520
1918,2,520
1982,2,520
2072,4,520
2100,7,520
2331,4,521
2402,0,521
2463,6,523
2481,0,523
2504,3,523
2558,1,524
2613,6,525
2731,6,525
2873,1,526
2877,3,526
2881,7,526
2893,2,526
2897,3,528
3007,7,528
3013,0,529
3087,3,529
3131,2,529
3240,5,529
3393,2,529
3401,0,529
3414,4,529
3454,2,529
3501,7,531
3507,7,531
3546,4,531
3599,6,531
3648,3,531
3656,0,531
3817,5,531
3886,2,532
3939,4,532
3947,0,532
4146,1,532
4238,5,532
4365,1,532
4377,4,532
4417,3,532
4444,2,532
4452,2,532
4519,1,532
4584,7,533
4610,5,533
4794,2,533
4878,4,533
4967,4,533
4987,1,533
68,7,533
102,4,534
205,7,534
221,1,534
242,1,534
267,3,534
280,3,534
290,0,534
313,0,534
405,4,534
473,6,534
514,2,535
543,1,535
717,2,535
928,0,535
946,2,535
1078,2,536
1114,7,536
1127,2,536
1134,0,536
1161,1,536
1223,4,536
1319,1,536
1454,5,536
1483,0,536
1601,4,536
1646,7,536
1865,0,536
2003,1,538
2007,5,538
2064,4,538
2302,2,538
2333,4,538
2370,7,538
2394,7,538
2431,1,538
2785,3,539
2811,7,540
2867,0,540
2924,1,540
2986,1,542
3113,6,542
3237,3,542
3252,7,542
3288,2,543
3366,3,543
3377,2,543
3388,0,543
3452,5,543
3757,2,543
3778,1,543
3796,1,543
3899,6,544
3916,1,544
4083,6,545
4181,0,545
4224,6,545
4296,7,545
4414,2,545
4481,1,545
4535,1,545
4643,0,545
4661,1,545
4785,4,545
4846,4,546
32,3,546
213,0,546
295,1,547
322,2,547
421,4,547
462,7,549
481,6,549
582,0,549
621,6,549
672,1,549
676,6,550
693,6,550
738,7,550
769,4,550
771,1,550
835,2,550
907,4,551
954,5,551
969,4,551
1001,5,551
1026,2,551
1039,7,552
1111,2,552
1136,4,552
1143,1,553
1144,3,553
1168,5,553
1298,4,553
1327,6,553
1358,4,553
1406,5,553
1475,1,556
1476,2,556
1512,3,556
1565,6,556
1660,5,556
1720,2,556
1760,1,556
1767,0,556
1787,0,557
1806,2,557
1814,5,557
1868,4,557
1972,2,558
1998,4,559
2246,1,559
2280,0,560
2294,1,560
2571,7,560
2656,7,561
2662,0,562
2703,1,562
2723,1,562
2778,0,562
2902,6,563
2913,7,563
2915,1,563
3103,2,563
3203,4,563
3282,5,563
3387,4,564
3431,4,564
3457,0,564
3592,3,564
3696,3,564
3864,7,564
3870,6,564
3872,3,565
3901,2,565
4005,0,565
4014,6,566
4047,2,566
4063,0,566
4065,6,566
4127,7,566
4137,6,566
4215,0,566
4257,7,566
4294,7,566
4339,5,566
4340,6,567
4482,2,568
4612,6,568
4613,4,568
4674,7,568
4703,2,568
4706,5,569
4769,4,570
4852,4,570
4962,6,570
172,3,570
179,6,570
206,4,570
258,0,570
377,1,573
446,5,574
526,0,574
648,0,574
665,2,574
708,6,574
788,6,575
795,1,575
844,1,575
886,1,575
921,4,575
998,4,575
1004,6,575
1056,2,576
1178,0,577
1267,4,577
1355,7,577
1377,2,577
1428,2,578
1519,4,578
1663,3,578
1678,1,578
1685,5,579
1753,4,579
1768,4,579
1822,7,579
1851,2,579
1857,0,579
1923,1,579
1934,3,579
1950,1,580
1985,7,580
2041,2,580
2068,5,580
2155,4,580
2183,1,581
2217,4,581
2343,6,581
2389,0,581
2390,0,582
2451,7,583
2544,2,584
2658,4,584
2738,1,584
2752,7,584
2834,5,584
2865,5,584
2941,6,584
2976,1,584
3003,0,585
3137,2,585
3224,2,585
3259,0,586
3265,0,586
3298,6,586
3302,7,587
3331,6,587
3355,7,587
3438,6,587
3522,6,587
3525,0,587
3635,7,587
3752,4,588
3773,7,588
3791,4,588
3861,4,588
3950,1,588
4060,7,588
4085,0,588
4159,4,588
4164,2,589
4217,6,590
4228,2,590
4250,1,591
4260,3,591
4286,7,591
4298,1,591
4319,4,591
4335,1,591
4449,6,591
4464,5,591
4497,5,591
4548,1,592
4553,0,592
4760,6,592
4884,0,592
4892,1,593
80,2,593
90,4,593
237,6,593
241,0,593
282,4,593
287,1,593
303,4,593
401,2,595
503,5,595
509,1,595
646,4,595
752,2,595
803,4,595
883,3,595
887,5,596
981,4,596
1022,3,597
1112,4,597
1222,5,597
1235,7,597
1250,6,597
1260,0,598
1350,0,598
1366,3,598
1480,2,598
1486,6,599
1507,6,599
1609,2,599
1679,4,599
1763,7,600
1807,7,600
1837,6,600
1855,4,600
2102,2,600
2129,4,600
2357,7,601
2473,0,602
2510,2,602
2695,4,603
2707,5,603
2861,0,603
2944,2,604
2967,1,604
2983,6,604
3018,5,604
3023,5,604
3395,6,605
3441,2,606
3618,4,606
3713,3,606
3730,4,608
3760,4,608
3832,2,608
4031,1,609
4150,7,609
4155,1,609
4166,7,609
4195,4,609
4227,3,609
4252,5,609
4268,2,609
4396,2,609
4412,7,609
4534,6,610
4616,6,610
4628,7,610
4638,1,610
4939,3,610
4947,0,611
4949,2,611
111,4,611
216,0,611
233,1,611
239,3,611
342,7,611
459,5,612
496,0,612
502,7,612
505,3,612
614,1,612
636,2,612
933,6,615
942,4,616
1050,2,616
1057,0,616
1145,5,616
1251,2,616
1276,4,617
1286,4,617
1290,5,617
1309,1,617
1348,5,617
1349,3,618
1369,1,618
1420,1,618
1434,0,618
1472,2,618
1484,0,618
1518,5,618
1605,4,618
1797,1,619
1825,4,620
1869,6,620
1947,2,620
1960,5,621
2021,5,621
2080,4,621
2185,1,621
2242,6,621
2275,4,624
2291,6,625
2293,0,625
2325,0,626
2391,6,626
2436,6,626
2470,2,626
2524,7,626
2539,6,626
2541,6,626
2651,2,626
2718,1,626
2810,7,626
2844,3,626
2862,6,628
2938,5,628
3017,2,628
3175,1,628
3199,3,628
3232,1,628
3253,2,628
3419,6,628
3423,4,628
3479,7,629
3655,4,629
3743,2,629
3756,0,630
3772,2,631
3813,3,631
3850,0,632
3853,6,632
3878,1,632
3902,6,632
3905,5,632
4079,4,632
4081,0,632
4171,2,633
4223,0,633
4231,7,633
4232,4,633
4271,7,633
4284,7,633
4292,4,635
4329,6,635
4369,7,637
4505,0,637
4531,1,637
4573,3,637
4647,4,637
4653,4,637
4749,5,637
4789,1,637
4988,1,638
57,2,638
348,1,638
378,5,638
407,4,638
486,1,639
517,5,639
656,3,640
990,6,640
996,1,640
1059,4,640
1074,5,640
1085,7,641
1240,6,641
1248,2,641
1287,1,641
1338,4,642
1344,7,642
1416,5,642
1425,5,642
1464,1,642
1492,0,642
1602,4,642
1705,2,642
1744,1,643
1772,1,643
1890,2,643
1899,7,644
1942,2,644
2067,4,644
2105,2,644
2162,7,644
2181,6,644
2224,0,645
2236,2,645
2276,2,645
2278,1,645
2381,4,645
2424,1,647
2527,1,647
2569,0,647
2614,2,648
2620,3,648
2724,4,648
2928,5,648
2972,7,648
3045,3,648
3238,3,648
3303,6,649
3409,2,650
3474,3,650
3495,0,651
3660,4,652
3710,1,652
3716,5,652
3840,2,653
3866,7,654
3945,7,654
3969,2,654
3972,2,654
3983,3,654
4073,6,654
4117,6,654
4234,3,654
4318,4,654
4343,0,654
4345,3,655
4416,1,655
4427,2,655
4502,3,655
4516,7,656
4533,0,656
4572,2,656
4626,3,657
4654,2,657
4727,6,658
4744,2,658
4776,6,658
4841,1,658
4898,1,658
33,0,659
75,5,659
79,7,659
207,2,660
212,5,660
217,1,660
218,1,660
315,4,660
404,4,660
410,3,661
681,4,661
813,5,662
859,4,662
862,4,663
1037,7,663
1123,2,663
1238,6,663
1252,4,663
1330,0,663
1520,6,663
1544,4,665
1580,4,665
1624,2,665
1626,2,665
1650,5,665
1730,5,665
1943,1,665
2033,0,665
2096,0,665
2207,2,665
2283,4,665
2312,2,665
2332,0,666
2368,1,666
2478,1,667
2487,2,667
2488,7,667
2521,1,667
2573,0,667
2605,6,670
2765,6,670
2777,1,670
2812,4,670
2852,5,670
2860,2,670
2910,6,670
2968,7,670
2975,4,670
3054,3,670
3074,5,670
3112,4,671
3142,6,671
3163,2,671
3336,0,671
3429,6,671
3513,0,671
3514,0,671
3558,1,671
3577,0,671
3634,3,672
3637,6,674
3650,2,674
3668,3,674
3736,7,675
3761,0,675
3775,7,675
3790,2,675
3810,4,675
3875,2,675
4076,6,676
4087,1,676
4165,0,676
4173,4,677
4282,3,677
4342,1,677
4371,5,677
4443,2,677
4518,0,677
4536,1,677
4664,4,677
4691,5,677
4757,7,677
4773,7,677
4818,7,677
4829,0,678
4893,0,678
4915,0,679
4994,0,679
70,5,680
91,1,680
99,0,680
105,2,680
146,6,680
153,4,681
187,4,681
204,5,681
228,4,681
238,4,681
337,4,682
448,5,682
570,1,682
607,1,682
683,7,682
725,4,683
747,4,683
774,0,684
1080,6,684
1095,2,684
1333,1,684
1468,0,687
1500,4,687
1546,7,687
1578,3,687
1579,4,687
1634,6,688
1643,2,688
1649,0,689
1815,3,689
1858,5,689
1880,3,691
1924,6,691
1989,1,692
2061,0,692
2077,6,692
2088,6,692
2273,4,692
2282,0,692
2301,5,692
2307,4,693
2311,2,693
2354,5,693
2372,6,693
2494,1,693
2557,6,693
2642,2,693
2710,2,693
2714,1,693
2722,0,695
2876,4,695
2898,6,695
3005,0,695
3046,0,695
3125,7,695
3156,2,695
3172,2,696
3187,0,696
3200,4,696
3327,6,696
3332,6,696
3396,6,698
3451,7,699
3520,0,699
3551,5,699
3552,1,699
3612,2,699
3663,7,699
3787,2,699
3906,3,700
3944,1,700
3949,4,700
4053,2,700
4091,6,700
4259,3,700
4313,6,700
4408,1,700
4430,7,700
4475,7,700
4527,4,701
4588,0,701
4598,1,702
4689,0,703
4709,6,703
4719,4,703
4821,0,703
4822,1,703
4834,4,704
4864,2,704
4895,1,704
4896,7,704
4954,6,704
4992,3,704
62,7,704
78,2,704
254,1,705
312,2,706
324,1,706
443,0,706
444,5,707
475,5,708
524,3,708
531,5,708
537,4,708
578,0,708
639,0,708
734,0,708
750,4,709
796,0,709
866,7,710
892,6,710
955,1,710
963,2,710
1042,1,710
1101,7,711
1225,6,711
1270,1,711
1306,7,711
1318,7,711
1329,4,711
1365,0,712
1489,1,713
1522,5,713
1526,7,714
1543,2,714
1550,0,714
1552,0,714
1564,0,714
1590,1,714
1616,2,715
1630,0,715
1664,1,715
1755,3,715
1786,4,716
1978,4,716
2013,0,716
2018,2,716
2121,2,716
2132,7,716
2134,1,717
2200,2,717
2205,1,717
2231,3,717
2249,1,717
2334,4,717
2399,6,717
2545,5,717
2622,5,717
2706,1,718
2715,2,719
2749,6,719
2779,5,719
2802,7,719
2923,0,719
3059,7,720
3160,7,720
3227,4,720
3301,4,720
3325,3,720
3512,2,720
3534,7,720
3651,1,720
3836,4,721
4061,4,722
4115,6,722
4140,7,722
4147,4,722
4152,3,722
4168,1,724
4193,6,724
4301,1,724
4349,1,725
4413,5,725
4615,6,727
4634,1,727
4693,6,727
4699,2,727
4740,4,727
4746,4,727
4751,1,727
4768,4,729
4798,4,729
4806,0,730
4812,3,730
4873,3,730
4908,1,731
4921,0,732
113,4,732
138,4,732
235,5,732
296,6,733
351,5,733
449,1,733
521,4,733
530,2,733
572,2,733
620,3,733
804,4,733
821,0,734
898,0,734
956,0,734
968,2,735
1018,2,735
1093,4,735
1159,6,735
1334,6,735
1371,5,735
1449,0,735
1456,7,735
1470,0,735
1499,1,735
1539,7,735
1603,0,736
1604,2,736
1684,2,736
1713,0,736
1824,6,737
2081,6,737
2127,1,738
2130,1,738
2145,3,738
2190,4,738
2197,4,738
2255,3,738
2315,4,739
2375,1,739
2476,6,740
2493,5,740
2496,2,740
2500,5,740
2525,7,740
2609,5,740
2617,4,740
2712,6,741
2823,3,741
2853,4,741
2916,2,741
2978,0,743
2991,0,743
3025,1,743
3069,2,743
3071,6,743
3115,2,743
3139,7,743
3235,4,743
3350,5,743
3453,5,743
3487,7,743
3492,6,743
3561,4,743
3607,3,744
3611,2,744
3661,2,744
3700,7,744
3754,6,744
3806,2,744
3845,1,745
3928,1,745
3955,6,745
4068,3,745
4131,6,745
4141,3,746
4184,3,747
4202,5,747
4325,1,747
4401,7,748
4506,3,748
4574,7,748
4586,4,748
4595,4,748
4602,5,748
4670,5,748
4697,1,748
4705,4,748
4708,0,748
4712,1,749
4733,1,749
4765,7,749
4854,6,749
4863,4,749
4937,6,749
4990,7,750
2,6,750
21,7,750
34,7,751
101,1,751
128,4,752
336,0,752
376,7,752
406,2,752
409,7,752
413,6,752
424,0,753
551,2,753
565,3,753
568,0,753
624,7,753
675,4,753
677,6,754
784,5,754
816,6,754
817,0,754
840,1,755
864,5,755
873,0,755
1116,7,755
1125,0,755
1229,0,756
1320,4,756
1392,6,756
1498,4,756
1547,2,756
1732,5,756
1816,4,756
1846,0,756
2019,0,756
2069,2,756
2113,7,756
2128,4,759
2135,1,760
2136,4,760
2174,2,760
2188,6,760
2230,2,760
2250,1,761
2308,5,761
2414,6,762
2449,6,762
2604,6,762
2653,2,762
2713,6,762
2740,3,762
2747,1,763
2780,7,763
2837,2,764
2841,0,765
2912,2,765
3041,3,765
3048,7,765
3062,2,766
3091,4,766
3171,4,766
3182,1,766
3248,3,766
3254,1,766
3277,1,766
3347,2,767
3464,3,767
3466,0,768
3468,4,768
3519,0,768
3529,2,768
3602,1,769
3610,4,769
3653,1,769
3654,1,770
3770,7,770
3789,3,770
3801,0,770
3811,7,770
3818,4,770
4001,7,771
4002,7,771
4144,2,771
4154,2,771
4158,4,771
4179,1,773
4235,2,773
4237,6,773
4311,4,773
4375,1,773
4456,6,773
4474,4,773
4496,6,773
4543,4,773
4560,1,773
4566,4,773
4585,4,773
4591,0,774
4663,0,774
4707,0,774
4820,4,774
4849,4,775
4872,3,775
4907,4,775
4909,4,775
4914,2,776
4982,0,776
31,7,776
84,5,776
131,4,777
140,6,777
219,0,777
326,2,777
349,2,777
563,4,778
601,1,778
713,7,778
714,4,778
718,2,778
721,1,778
789,1,778
854,1,778
856,6,778
881,4,779
1047,0,779
1049,6,779
1066,3,779
1151,6,779
1195,4,779
1209,6,779
1224,6,779
1242,6,779
1335,4,780
1340,2,781
1352,3,781
1386,6,781
1485,2,781
1623,0,781
1784,2,782
1847,7,782
1909,4,783
1983,0,783
2048,2,783
2058,3,783
2059,1,784
2063,5,784
2168,2,784
2295,6,784
2317,5,784
2417,0,784
2542,3,784
2547,6,784
2644,2,785
2665,2,786
2681,2,786
2690,6,786
2699,7,786
2733,4,786
2945,0,786
2982,1,786
3031,5,787
3085,1,787
3140,0,788
3270,7,789
3275,3,789
3299,5,789
3349,1,789
3362,2,789
3376,7,789
3459,4,789
3511,4,789
3526,6,789
3617,2,789
3658,4,790
3781,1,790
3798,0,790
3819,2,790
3940,1,790
3987,0,791
4119,6,791
4153,5,791
4221,0,791
4270,2,792
4350,4,792
4383,0,792
4450,2,792
4463,0,792
4499,0,792
4515,6,792
4552,1,792
4600,4,792
4624,4,792
4676,7,792
4704,4,792
4775,5,792
4788,7,793
4883,7,793
4936,2,794
152,7,794
160,0,794
229,7,794
253,2,794
304,7,794
389,1,795
392,6,796
394,4,797
561,2,797
591,7,797
606,1,797
643,0,797
808,1,797
837,0,798
870,5,798
876,3,798
917,0,798
943,1,798
988,0,798
1015,4,798
1104,6,798
1253,3,799
1437,6,799
1452,7,799
1455,4,799
1487,5,799
1502,2,799
1533,0,799
1586,3,799
1637,1,800
1727,7,800
1748,1,800
1766,1,800
1833,3,801
1860,1,801
1886,2,801
2020,0,801
2022,3,801
2139,0,801
2149,6,801
2191,6,802
2228,4,802
2252,4,802
2256,7,802
2298,6,802
2305,1,803
2310,4,803
2384,1,803
2406,2,803
2427,6,804
2490,7,804
2491,3,804
2533,4,804
2623,4,804
2641,7,804
2666,6,805
2759,6,805
2762,3,805
2806,6,805
2818,4,807
2872,5,807
3118,4,807
3150,1,807
3158,6,807
3192,2,807
3202,0,807
3208,6,807
3281,6,807
3379,2,807
3482,2,807
3539,7,808
3554,4,808
3595,4,808
3613,3,808
3830,2,809
3849,1,809
4004,0,809
4045,2,809
4248,3,809
4324,2,809
4331,1,809
4332,1,810
4366,7,810
4410,3,810
4441,0,810
4526,0,810
4532,7,810
4589,4,810
4594,7,810
4800,2,810
4826,1,810
4919,2,810
4925,7,810
4960,1,810
4991,7,812
40,4,812
246,6,813
262,5,813
266,7,813
347,2,813
482,5,813
581,4,813
689,0,813
733,6,813
851,7,814
880,1,816
911,0,816
993,0,816
1029,6,816
1142,4,816
1152,1,816
1155,7,816
1156,1,816
1170,0,817
1205,0,817
1228,1,817
1283,3,817
1435,1,818
1531,2,818
1571,5,819
1582,6,819
1606,7,819
1614,4,819
1675,3,820
1688,2,820
1715,2,821
1774,4,821
1863,4,821
1887,4,821
1919,2,821
1941,1,822
1988,0,822
2028,3,822
2089,4,822
2218,7,822
2346,4,823
2350,2,823
2405,7,823
2498,1,823
2655,6,823
2768,7,824
2784,5,824
2809,2,824
2831,4,824
2835,4,824
2937,6,824
2947,5,825
2949,2,825
2959,2,825
3002,5,825
3038,6,826
3058,1,827
3146,5,827
3147,2,827
3230,3,827
3320,4,827
3348,7,827
3455,6,827
3505,0,828
3532,4,829
3652,1,829
3729,1,831
4064,6,831
4086,4,831
4096,5,831
4110,1,831
4130,7,831
4170,2,831
4279,2,831
4299,2,831
4304,7,832
4346,4,833
4358,1,833
4379,2,833
4404,0,833
4432,3,833
4455,6,833
4563,6,833
4644,6,833
4679,4,833
4780,1,833
4781,7,833
4787,4,833
4805,3,833
4964,4,833
4993,1,834
37,0,835
58,1,835
115,0,835
244,2,836
318,0,836
320,4,836
350,5,836
372,1,836
560,7,836
611,2,836
640,7,836
653,7,836
702,2,836
822,1,836
847,2,836
1019,3,836
1065,1,836
1091,1,836
1106,2,836
1117,3,836
1121,3,836
1360,3,836
1379,5,836
1495,6,837
1501,5,837
1594,3,837
1638,1,837
1672,1,837
1690,0,837
1751,5,837
2119,7,837
2196,0,837
2221,7,837
2234,7,837
2237,3,838
2240,6,838
2288,6,838
2319,6,838
2408,4,838
2512,4,838
2546,3,838
2548,2,838
2564,3,838
2736,4,839
2799,3,839
2813,6,839
2817,5,839
2842,6,839
2850,2,839
2885,4,839
2905,0,842
2908,7,842
2914,2,842
2934,5,842
3012,3,842
3052,0,843
3168,7,844
3382,5,844
3433,6,844
3491,2,844
3518,4,845
3542,0,845
3642,4,845
3666,3,845
3694,6,847
3706,0,847
3709,1,847
3734,0,847
3748,2,847
3793,4,847
3824,7,847
3829,6,847
3833,3,847
3882,3,848
3887,2,849
3921,2,849
4090,5,849
4124,6,849
4177,7,849
4411,4,849
4428,4,849
4696,0,849
4726,0,849
4731,6,849
4871,6,850
4877,2,850
4904,4,850
4938,2,850
4972,2,850
4977,2,850
8,7,850
63,4,850
73,2,850
142,2,850
247,1,853
257,0,853
338,3,853
386,3,853
396,4,853
399,1,853
403,5,853
423,4,853
428,0,853
649,6,853
700,0,853
853,0,853
865,7,854
939,0,854
1081,6,854
1141,4,854
1163,0,855
1174,2,855
1187,7,855
1313,0,855
1322,1,856
1376,1,856
1390,1,856
1636,1,856
1717,4,856
1722,2,856
1805,4,856
1817,6,857
1888,1,857
1927,5,857
1958,7,857
1979,6,857
2040,4,857
2047,2,857
2173,4,857
2279,6,857
2355,5,858
2365,7,858
2367,3,859
2378,1,859
2385,6,859
2428,1,860
2536,0,860
2549,5,860
2567,3,860
2587,1,860
2701,7,860
2708,5,860
2743,6,860
2772,1,860
2787,4,860
2816,6,860
2952,6,862
2980,3,862
3116,7,862
3173,2,862
3319,1,862
3445,0,862
3502,4,862
3504,6,863
3540,4,863
3669,7,863
3839,7,863
3858,7,863
3992,2,863
4037,6,866
4149,7,866
4183,5,866
4214,1,866
4256,0,866
4347,4,866
4357,6,866
4439,2,866
4471,6,867
4491,2,867
4587,5,867
4601,3,867
4672,6,867
4763,1,867
4814,6,867
4816,0,868
4903,0,868
50,7,868
77,6,868
86,7,868
169,1,868
274,7,868
275,3,868
276,2,869
402,0,869
416,6,869
490,3,870
499,1,870
519,1,870
546,4,870
595,2,870
635,6,870
647,4,870
737,1,870
765,2,870
929,2,870
1012,3,870
1138,2,870
1180,1,870
1216,3,870
1304,3,871
1314,1,871
1342,2,872
1346,4,872
1436,4,872
1442,0,872
1443,6,872
1540,6,874
1548,3,874
1570,6,874
1694,4,875
1757,6,875
1778,0,875
1892,7,876
1946,6,876
1964,7,876
2036,1,876
2042,2,876
2073,4,876
2091,2,876
2434,2,876
2440,5,876
2447,0,876
2616,7,876
2657,4,877
2691,2,877
2698,7,877
2789,4,877
2854,7,878
3129,0,878
3170,0,878
3176,4,878
3184,7,878
3193,6,878
3257,4,878
3370,2,879
3402,1,879
3436,4,879
3499,7,879
3506,1,879
3509,6,879
3567,6,879
3608,4,879
3680,0,879
3722,7,879
3742,5,879
3795,5,879
3826,6,880
3851,7,880
3934,4,880
3989,1,881
4100,4,881
4133,2,881
4161,5,881
4206,1,881
4233,2,881
4253,0,881
4265,6,881
4415,0,882
4489,1,882
4500,4,882
4514,5,882
4522,7,882
4627,2,882
4685,3,882
4722,1,883
4747,6,883
4758,5,884
4810,1,885
4974,7,885
4999,4,885
224,6,885
234,2,885
460,2,885
467,2,886
540,2,887
589,2,887
608,7,887
616,6,887
849,0,887
874,6,887
924,4,887
944,6,887
1064,5,887
1147,3,887
1231,7,887
1271,6,887
1285,7,888
1311,3,888
1438,2,888
1575,2,888
1597,2,888
1598,4,888
1607,3,888
1628,6,889
1775,2,889
1961,3,889
1973,7,889
1977,1,889
1994,5,890
2014,2,890
2082,2,890
2110,4,890
2138,2,890
2178,4,890
2211,5,890
2338,3,890
2398,3,890
2462,1,891
2513,6,891
2580,4,891
2801,7,891
2847,0,891
3104,4,891
3189,0,891
3239,4,892
3329,5,892
3339,5,892
3353,2,892
3357,3,892
3471,2,892
3510,0,894
3524,6,894
3568,5,894
3572,2,894
3621,0,895
3751,4,895
3786,4,895
3823,2,895
3889,6,895
3927,7,895
3932,5,895
4245,1,895
4277,0,895
4281,1,895
4305,5,895
4485,7,895
4545,7,895
4575,1,895
4614,0,895
4669,5,895
4926,0,895
14,1,895
39,0,896
132,7,896
176,1,896
208,3,896
371,0,896
385,2,896
471,2,897
488,4,897
579,5,897
594,2,897
597,7,898
638,6,898
704,3,898
707,4,898
832,1,898
842,6,898
905,4,899
930,5,899
941,4,899
1191,4,899
1236,2,900
1255,7,900
1277,0,900
1321,6,900
1513,0,902
1549,5,902
1615,0,902
1617,0,902
1668,6,903
1831,0,903
1840,1,903
1904,4,903
2055,1,903
2084,6,903
2137,0,903
2160,2,903
2232,6,904
2337,3,904
2339,6,905
2351,0,905
2423,0,905
2429,6,906
2448,0,906
2506,1,907
2517,3,907
2522,0,907
2675,7,907
2829,2,907
2926,2,907
3029,5,907
3042,5,907
3044,1,907
3220,4,907
3231,4,908
3233,1,908
3271,6,908
3316,6,908
3450,6,908
3467,7,908
3538,2,909
3623,6,910
3677,7,910
3714,2,910
3720,6,910
3910,4,910
3911,5,910
3918,5,910
3938,0,911
3965,2,911
4106,2,912
4312,3,912
4390,0,912
4434,6,913
4507,6,913
4741,7,913
4753,4,913
4767,0,914
4782,1,914
4824,4,914
4833,3,914
4953,7,914
4980,3,914
30,6,914
41,7,915
47,0,916
201,1,916
223,6,916
271,0,917
398,2,917
431,3,917
575,4,917
770,6,917
793,1,917
841,4,917
938,4,918
948,1,918
964,4,918
967,7,918
972,6,918
1067,5,918
1092,1,919
1110,3,919
1128,3,919
1188,4,919
1221,3,919
1261,0,920
1328,4,920
1332,3,920
1398,2,920
1403,1,921
1676,0,921
1808,6,921
1862,5,921
1876,4,921
1885,0,921
1931,1,921
1953,2,921
2050,3,922
2070,0,922
2244,7,922
2257,0,922
2297,4,923
2321,3,923
2327,0,923
2349,7,923
2554,7,923
2575,4,923
2585,6,923
2628,5,923
2700,1,924
2757,4,924
2798,6,924
2821,4,924
2870,3,925
2963,4,925
2995,4,925
3247,2,925
3444,6,925
3600,6,925
3759,0,925
3860,2,926
3871,2,926
3930,4,926
3931,2,927
4194,0,927
4209,5,928
4210,3,928
4246,2,928
4247,5,928
4255,0,928
4388,2,928
4512,6,929
4652,2,929
4659,2,929
4961,7,929
69,6,929
285,2,929
441,0,929
544,0,931
552,1,931
657,6,931
679,5,931
746,3,931
890,4,932
1020,2,932
1034,1,932
1102,0,932
1103,0,933
1154,2,933
1186,1,933
1288,6,933
1296,0,933
1301,2,933
1331,5,933
1458,7,933
1490,5,933
1493,6,934
1542,0,934
1697,0,934
1777,4,934
1896,7,934
1944,4,934
1966,3,934
1984,6,934
2037,4,935
2186,7,935
2229,6,935
2241,2,935
2284,6,935
2289,7,935
2296,1,935
2377,4,936
2439,3,937
2457,6,937
2584,4,937
2599,3,937
2727,5,937
2741,7,938
2918,2,938
2989,3,938
2990,1,938
3010,0,938
3190,6,938
3390,7,938
3400,4,938
3469,4,938
3575,4,939
3596,4,939
3601,4,939
3697,7,939
3843,4,939
3904,0,939
3953,4,939
3971,3,940
4050,1,940
4075,3,940
4376,2,941
4446,1,941
4448,3,941
4511,2,941
4530,0,942
4537,5,942
4551,5,942
4583,1,942
4623,6,942
4646,4,943
4655,6,943
4790,2,943
4819,6,944
4945,6,944
52,4,944
71,6,944
72,2,944
108,2,945
122,1,945
189,0,945
476,6,945
528,3,945
773,2,945
805,6,946
828,2,947
868,2,947
923,5,947
1100,7,947
1108,7,947
1210,1,947
1278,4,948
1465,6,950
1622,3,950
1669,5,950
1689,4,950
1699,0,950
1702,2,950
1746,0,950
1878,6,950
2156,7,951
2220,3,951
2326,2,951
2360,1,951
2369,0,952
2374,6,952
2456,7,952
2526,1,952
2586,2,952
2697,0,952
2711,0,952
2769,2,952
2783,6,952
2858,2,952
2956,0,952
3030,4,953
3209,7,953
3497,0,954
3695,2,954
3847,1,954
3868,4,955
3893,2,955
3894,0,955
3958,5,955
4010,6,955
4114,5,955
4163,2,955
4199,6,955
4378,0,956
4469,4,956
4581,5,956
4590,4,956
4604,0,956
4662,1,956
4686,4,956
4738,4,956
4750,2,956
4779,2,957
4815,2,957
4817,7,957
118,2,957
328,1,957
480,5,957
623,1,957
627,6,957
696,0,957
775,6,957
861,7,958
936,5,958
1010,4,959
1040,1,959
1071,0,959
1411,2,959
1473,2,959
1511,4,959
1635,6,959
1658,6,959
1779,7,959
1799,3,959
1810,5,959
1921,3,959
1928,5,959
1957,2,960
2049,3,960
2153,1,960
2259,3,960
2266,4,960
2335,4,960
2342,3,960
2344,7,961
2364,7,961
2376,4,961
2403,2,961
2425,1,962
2460,7,962
2696,6,962
2702,1,962
2745,7,962
2756,7,962
2803,0,963
2904,6,963
2943,4,964
2998,3,964
3009,2,964
3093,4,964
3117,2,964
3155,0,964
3162,4,965
3311,1,965
3324,4,965
3337,4,965
3358,4,965
3463,5,965
3804,6,965
3848,0,965
3863,7,966
3935,2,966
3943,2,966
4103,2,968
4132,4,968
4174,2,969
4310,1,969
4433,0,969
4579,6,969
4680,0,969
4851,5,969
4984,7,969
104,2,969
120,5,969
225,3,969
310,0,969
367,1,969
370,3,969
422,4,970
447,1,970
498,2,970
533,1,970
541,0,971
655,1,971
682,5,971
830,7,971
1038,6,971
1424,0,971
1431,0,971
1451,2,971
1613,2,971
1642,2,971
1703,1,971
1911,1,972
1938,2,972
1971,6,972
2006,6,972
2015,4,972
2104,1,973
2108,7,973
2141,0,973
2410,5,973
2627,1,974
2649,4,974
2652,5,974
2667,4,974
2773,6,974
2946,2,974
2993,2,976
3194,5,976
3251,2,976
3280,0,976
3385,7,976
3458,4,976
3498,0,976
3523,3,976
3547,1,976
3645,6,976
3731,4,976
3957,6,976
4022,1,977
4070,4,977
4082,4,977
4200,4,977
4243,6,977
4280,2,977
4392,3,977
4394,0,978
4406,0,978
4424,1,978
4541,4,978
4593,1,978
4666,0,978
4715,2,978
4797,1,978
4998,0,978
88,3,978
126,5,978
133,1,978
149,3,979
166,2,979
240,3,979
278,0,979
429,7,979
522,6,979
663,4,979
705,6,979
792,7,980
839,3,980
897,6,980
971,3,982
973,1,982
1002,3,982
1073,6,982
1094,7,982
1367,1,982
1402,2,982
1408,6,982
1439,5,982
1441,7,982
1491,4,983
1621,4,983
1734,0,983
1853,2,983
1866,0,983
1872,2,984
1937,6,984
2152,2,984
2161,6,984
2167,1,984
2204,4,984
2499,4,984
2550,4,984
2591,1,984
2608,5,984
2618,5,984
2686,6,985
2694,0,985
3020,1,985
3049,1,985
3060,3,985
3065,6,985
3073,0,986
3086,6,986
3095,4,986
3166,6,986
3183,3,986
3371,6,986
3404,0,986
3422,0,987
3517,1,987
3541,2,987
3556,6,988
3560,4,988
3643,4,988
3701,4,989
3702,6,989
3856,5,989
3941,6,989
3951,7,989
4019,5,989
4042,4,990
4067,4,990
4092,2,991
4122,7,991
4126,6,991
4197,5,991
4330,2,991
4338,2,991
4539,6,991
4554,7,991
4619,4,992
4630,0,992
4681,0,993
4714,1,993
4899,4,993
4942,1,993
100,0,993
191,7,993
215,2,993
250,7,994
286,6,994
297,4,994
298,1,995
466,2,995
520,4,995
562,7,995
838,6,995
960,4,995
1226,3,995
1256,4,996
1274,5,996
1410,3,997
1651,6,997
1656,7,997
1711,2,997
1803,6,997
1922,7,997
1986,7,998
2184,1,998
2195,1,998
2208,5,998
2254,3,998
2262,4,998
2480,7,998
2565,7,998
2671,1,998
2674,2,998
2688,4,998
2705,1,998
2833,2,998
2892,6,999
2901,3,999
2903,4,999
3081,7,999
3092,4,999
3107,3,999
3201,1,999
3215,2,999
3273,2,1000
3359,1,1000
3443,6,1000
3688,4,1000
3841,1,1000
3892,4,1000
3896,2,1000
3917,4,1001
3975,1,1001
4007,4,1001
4180,0,1001
4380,4,1001
4755,2,1001
4764,4,1001
4783,4,1002
4803,2,1002
4958,1,1002
22,4,1002
130,0,1002
156,4,1003
196,1,1003
209,6,1003
249,2,1003
288,0,1003
469,1,1003
548,6,1004
567,4,1004
766,5,1004
850,0,1004
857,4,1004
910,1,1004
959,6,1004
1000,0,1004
1193,2,1004
1239,3,1004
1273,0,1004
1353,2,1004
1423,4,1004
1477,0,1004
1596,2,1004
1610,2,1004
1619,6,1004
1659,2,1004
1724,0,1004
1820,3,1004
1842,2,1005
1877,5,1005
1898,2,1005
1968,2,1005
2000,7,1006
2098,3,1006
2146,7,1006
2413,4,1006
2421,3,1006
2477,2,1006
2483,0,1006
2543,0,1007
2814,7,1007
2838,1,1007
2848,0,1007
2878,1,1007
2930,7,1008
3096,4,1008
3269,2,1008
3276,5,1008
3292,4,1008
3356,4,1009
3408,7,1009
3411,6,1009
3605,1,1009
3606,5,1010
3670,6,1010
3800,3,1010
3822,7,1010
3835,1,1010
3956,3,1010
4000,4,1010
4020,5,1011
4055,5,1011
4169,4,1011
4303,7,1011
4549,0,1011
4576,3,1011
4677,4,1011
4678,1,1012
4739,0,1012
4827,3,1012
4858,0,1012
4866,5,1012
4876,6,1012
4976,1,1012
173,6,1012
197,7,1013
265,0,1013
334,6,1013
472,6,1013
512,2,1013
536,3,1013
539,7,1013
576,2,1013
577,2,1013
667,1,1013
699,1,1013
730,4,1013
736,7,1014
912,0,1014
914,6,1015
977,2,1015
1076,0,1015
1082,0,1015
1130,4,1015
1160,3,1015
1211,5,1015
1448,1,1015
1474,1,1017
1574,6,1017
1595,6,1018
1698,0,1018
1707,0,1018
1719,2,1018
1723,3,1018
1737,0,1018
1740,7,1018
1809,1,1018
2023,2,1018
2026,3,1018
2046,1,1018
2122,6,1018
2169,5,1018
2438,6,1018
2482,7,1018
2606,5,1018
2678,0,1018
2868,0,1018
2933,2,1019
3368,5,1019
3435,6,1019
3563,2,1019
3662,6,1020
3808,2,1020
3900,0,1020
4008,1,1020
4043,4,1020
4109,4,1020
4186,1,1020
4561,7,1021
4648,4,1021
4732,2,1021
4734,1,1021
4802,1,1022
4832,4,1022
4840,2,1022
4843,6,1022
4889,6,1022
4948,2,1023
4951,5,1023
6,2,1023
94,7,1023
252,2,1024
261,5,1024
323,2,1024
331,4,1024
414,4,1024
432,7,1024
535,1,1024
599,1,1025
619,3,1025
684,4,1025
772,1,1025
778,2,1026
824,7,1027
845,0,1027
867,7,1027
940,0,1027
1008,1,1027
1176,4,1027
1179,4,1027
1197,6,1027
1201,7,1028
1219,7,1028
1234,1,1028
1291,5,1028
1343,5,1028
1363,1,1028
1422,7,1029
1558,4,1029
1728,6,1029
1735,0,1030
1874,6,1030
1894,4,1030
1995,4,1030
2031,4,1030
2116,7,1030
2264,3,1030
2274,2,1030
2286,4,1030
2379,2,1030
2395,4,1030
2430,1,1030
2464,2,1030
2508,3,1030
2577,5,1031
2716,6,1031
2836,4,1031
2866,1,1031
2939,6,1031
2953,2,1031
3015,6,1031
3258,2,1032
3286,4,1032
3430,4,1032
3477,2,1032
3537,6,1032
3715,4,1033
3799,4,1033
3844,1,1033
3873,7,1033
3884,6,1033
3909,1,1034
4048,4,1034
4105,2,1034
4418,2,1034
4423,7,1034
4436,2,1034
4479,6,1034
4508,4,1034
4687,4,1034
4756,3,1034
4762,6,1034
4792,6,1035
4880,0,1035
4956,1,1035
46,7,1035
96,7,1035
98,4,1035
222,6,1035
248,1,1035
277,5,1035
434,0,1035
451,2,1035
569,4,1037
617,7,1037
641,3,1037
673,5,1037
685,6,1037
692,1,1037
787,5,1037
827,2,1037
913,2,1037
916,6,1037
965,5,1037
983,6,1037
1077,3,1037
1339,3,1037
1515,1,1037
1529,6,1038
1535,5,1038
1584,4,1038
1667,4,1038
1714,6,1038
1776,6,1039
1801,1,1039
1845,0,1039
1882,6,1039
1954,2,1039
2271,7,1039
2314,7,1039
2422,0,1039
2472,2,1039
2495,7,1040
2758,3,1040
2851,6,1040
2883,5,1040
2973,1,1040
2974,0,1040
3026,4,1040
3123,3,1040
3186,1,1041
3475,7,1041
3489,7,1041
3646,3,1041
3746,6,1041
3891,7,1041
3912,6,1041
3988,3,1041
4038,0,1042
4039,4,1042
4101,0,1042
4128,4,1042
4192,4,1042
4273,5,1043
4344,0,1043
4402,0,1043
4420,1,1043
4517,6,1043
4607,4,1044
4690,5,1044
4742,1,1044
7,6,1044
64,3,1044
210,5,1044
283,0,1044
382,2,1045
450,0,1045
590,7,1045
669,1,1045
875,0,1045
950,4,1045
975,6,1045
1013,2,1045
1063,6,1045
1069,4,1045
1083,4,1045
1185,2,1045
1266,2,1046
1268,6,1046
1738,6,1046
1739,1,1046
1770,4,1046
2086,3,1046
2213,7,1046
2263,4,1046
2383,2,1046
2415,2,1046
2507,6,1046
2559,7,1046
2598,2,1046
2631,5,1047
2942,5,1048
2950,4,1048
2984,4,1048
3064,5,1048
3090,3,1048
3134,4,1048
3196,2,1048
3225,3,1048
3234,1,1049
3314,1,1049
3461,6,1049
3476,0,1049
3494,0,1049
3564,4,1049
3712,5,1049
3737,2,1049
3895,1,1049
3913,6,1050
3925,1,1050
3994,5,1050
4017,7,1050
4089,6,1050
4116,7,1050
4185,7,1050
4190,5,1050
4211,3,1050
4384,3,1051
4493,3,1051
4550,5,1051
4608,7,1051
4848,4,1051
4874,5,1051
135,4,1051
255,2,1051
333,1,1052
335,4,1052
360,4,1052
373,6,1052
417,0,1052
468,2,1052
584,2,1052
603,2,1052
753,0,1053
761,7,1053
762,3,1053
935,7,1053
951,4,1053
1409,7,1053
1415,1,1054
1447,6,1054
1557,4,1054
1653,4,1055
1829,4,1055
1852,7,1055
1856,0,1055
1975,0,1055
2071,6,1055
2107,2,1055
2166,2,1055
2336,2,1056
2356,2,1057
2433,2,1057
2515,7,1057
2582,7,1058
2600,5,1058
2601,5,1058
2751,3,1058
2981,1,1058
3101,6,1058
3406,2,1058
3460,3,1058
3462,7,1058
3500,1,1058
3672,7,1058
3692,4,1058
3783,4,1058
3846,6,1058
3876,1,1058
4044,6,1058
4052,7,1059
4112,3,1059
4182,3,1059
4212,0,1060
4293,7,1060
4307,7,1060
4385,7,1060
4470,6,1060
4596,0,1061
4621,5,1061
4766,6,1061
4836,2,1061
4853,3,1061
4868,6,1061
92,4,1061
103,2,1062
168,5,1062
245,6,1062
291,0,1062
365,0,1062
477,4,1062
487,5,1063
701,2,1063
1006,4,1063
1139,6,1063
1275,1,1063
1345,0,1063
1397,6,1063
1417,0,1063
1418,6,1064
1497,7,1064
1573,2,1064
1932,1,1064
1963,6,1064
2027,3,1064
2341,7,1065
2471,6,1065
2560,3,1065
2660,2,1065
2689,7,1065
2807,4,1065
2906,5,1065
2931,1,1065
2958,4,1066
3154,2,1066
3169,7,1066
3181,5,1066
3256,3,1066
3321,6,1067
3440,0,1067
3598,0,1067
3636,0,1067
3693,0,1067
3769,6,1067
3776,0,1067
3792,4,1067
3898,6,1067
4309,4,1067
4370,6,1067
4565,2,1067
4716,6,1067
4772,2,1067
4916,2,1067
319,2,1067
356,6,1067
484,3,1067
485,2,1068
625,0,1068
662,0,1068
670,2,1068
743,4,1068
919,3,1068
980,4,1068
999,1,1068
1030,1,1068
1206,7,1069
1381,1,1069
1457,7,1069
1627,2,1070
1644,1,1070
1695,0,1070
1788,4,1070
1794,0,1070
1883,1,1070
1926,5,1070
1976,4,1070
2052,7,1070
2078,0,1071
2187,5,1071
2222,1,1071
2238,7,1071
2322,4,1071
2442,0,1071
2455,6,1071
2552,4,1072
2729,7,1072
2744,6,1072
2830,1,1072
2845,2,1072
2857,1,1072
3008,2,1072
3114,4,1072
3136,6,1072
3167,4,1072
3211,4,1072
3394,7,1072
3573,5,1072
3762,1,1072
4104,0,1072
4160,3,1072
4188,5,1072
4743,6,1073
4913,4,1073
4989,7,1073
3,2,1073
4,6,1073
119,0,1073
384,4,1074
388,1,1074
445,1,1074
741,0,1074
782,6,1074
893,6,1074
1075,1,1074
1167,2,1074
1189,6,1074
1218,4,1074
1292,1,1075
1405,2,1075
1633,5,1075
1818,2,1075
1955,1,1075
1959,4,1075
1970,7,1075
2054,2,1075
2124,1,1075
2125,7,1075
2292,6,1076
2323,3,1076
2401,1,1076
2435,0,1076
2467,1,1076
2514,5,1076
2529,2,1076
2827,2,1077
2911,6,1077
2954,4,1077
3076,0,1077
3290,2,1078
3361,6,1078
3363,6,1078
3448,2,1078
3583,5,1078
3665,0,1078
3779,2,1078
3867,7,1078
3952,1,1078
3954,2,1079
4077,4,1079
4097,4,1079
4302,4,1079
4364,3,1079
4640,3,1079
4711,0,1080
4825,3,1080
4891,2,1080
4955,2,1080
0,2,1080
10,1,1080
53,6,1080
188,2,1081
232,6,1081
308,4,1081
435,4,1081
564,2,1081
609,0,1081
637,1,1081
799,7,1082
879,3,1082
978,7,1082
1088,6,1082
1577,6,1083
1600,2,1084
1670,4,1084
1769,7,1084
1800,2,1084
1889,2,1084
1962,0,1084
1980,4,1084
2045,6,1084
2101,3,1084
2165,4,1084
2261,0,1084
2475,5,1084
2629,2,1084
2969,4,1084
2971,2,1084
3004,4,1084
3098,2,1084
3416,7,1084
3711,6,1084
3805,2,1085
3996,4,1085
4204,0,1085
4236,5,1085
4315,2,1085
4447,6,1086
4525,0,1086
4684,1,1086
4717,0,1087
4801,7,1087
38,4,1087
67,5,1087
74,3,1087
116,6,1087
170,0,1087
195,7,1087
393,0,1087
661,2,1087
1045,5,1087
1062,4,1088
1281,0,1088
1362,0,1088
1453,5,1088
1466,1,1088
1525,0,1088
1587,7,1088
1599,4,1088
1706,4,1089
1826,1,1089
1864,1,1089
1879,4,1089
1935,0,1089
1967,1,1089
1997,0,1089
2103,0,1089
2143,1,1090
2570,7,1090
2960,4,1090
3309,3,1091
3343,2,1091
3397,6,1091
3405,7,1091
3604,4,1091
3699,5,1091
3880,1,1091
3962,0,1091
4013,4,1091
4139,2,1091
4151,1,1091
4291,3,1091
4353,5,1092
4399,0,1092
4422,1,1092
4546,2,1092
4603,2,1092
4966,2,1092
56,3,1093
89,2,1093
171,7,1093
202,4,1093
256,7,1093
259,5,1093
374,6,1093
436,6,1093
652,0,1093
755,4,1093
820,3,1093
848,5,1094
896,3,1094
1169,0,1094
1246,4,1094
1380,2,1094
1400,0,1094
1551,7,1094
1608,2,1094
1789,3,1095
2180,3,1095
2209,1,1095
2243,5,1095
2320,1,1095
2485,0,1095
2516,7,1095
2574,6,1095
2719,6,1095
2795,0,1095
3022,0,1095
3145,0,1095
3255,0,1095
3342,2,1096
3590,0,1097
3593,2,1097
3681,1,1097
3733,5,1097
3865,1,1097
3977,4,1098
4072,5,1098
4120,2,1098
4145,4,1098
4254,5,1098
4368,2,1098
4484,7,1098
4562,4,1098
4570,5,1098
18,1,1098
177,1,1098
181,1,1098
272,3,1099
501,4,1099
550,3,1099
558,4,1099
790,2,1099
888,5,1099
974,4,1099
1028,4,1099
1079,1,1099
1105,4,1099
1158,4,1100
1200,6,1100
1373,3,1100
1758,0,1100
1915,4,1100
2057,4,1100
2404,7,1101
2677,2,1102
2771,0,1102
2782,6,1102
2788,7,1103
2887,0,1103
3072,4,1103
3084,5,1103
3153,3,1103
3161,4,1104
3191,7,1104
3228,4,1104
3346,3,1104
3365,0,1104
3398,3,1104
3399,0,1104
3723,2,1104
3897,6,1104
3991,2,1104
4030,6,1104
4323,6,1104
4341,6,1104
4520,1,1104
4538,0,1104
4721,7,1104
4748,2,1104
4761,6,1104
4879,7,1104
4902,3,1104
4927,6,1104
4943,6,1105
4970,4,1105
42,4,1105
87,5,1106
325,5,1106
478,7,1106
547,7,1107
566,3,1107
686,4,1107
949,7,1107
1262,4,1108
1272,0,1108
1305,4,1108
1387,0,1108
1708,1,1108
1930,1,1108
1993,7,1108
2362,4,1108
2443,0,1109
2469,2,1109
3128,5,1109
3185,2,1109
3250,5,1109
3425,6,1109
3485,0,1109
3536,6,1109
3609,2,1109
3632,0,1109
3647,1,1109
3837,4,1109
3869,5,1109
4272,1,1110
4278,2,1110
4283,0,1110
4355,3,1110
4393,1,1110
4831,1,1110
163,5,1110
260,0,1111
359,7,1111
534,3,1111
791,0,1111
831,4,1111
843,1,1111
979,5,1111
1044,3,1111
1087,6,1111
1150,0,1111
1157,3,1111
1364,4,1111
1413,0,1111
1576,0,1111
1591,1,1111
1785,4,1111
1952,4,1111
2030,2,1111
2079,4,1111
2309,3,1111
2329,4,1111
2503,3,1111
2734,1,1111
2760,1,1111
3413,3,1111
3417,1,1111
3673,0,1111
3738,4,1111
3777,2,1112
3881,6,1112
3907,4,1112
4009,6,1112
4088,6,1112
4107,7,1113
4191,0,1113
4207,5,1113
4218,7,1113
4219,3,1113
4229,4,1113
4326,0,1113
4352,2,1113
4400,6,1113
4437,2,1113
4459,6,1113
4544,2,1114
4973,4,1114
106,6,1114
148,1,1114
307,3,1114
430,2,1114
585,1,1114
711,2,1115
908,4,1115
985,1,1115
1119,3,1115
1407,6,1115
1460,2,1115
1479,5,1115
1631,4,1115
1666,1,1115
1674,0,1116
1680,0,1116
1683,6,1116
1996,6,1116
2001,6,1116
2182,3,1116
2215,2,1116
2285,1,1116
2324,2,1116
2340,0,1116
2432,1,1117
2441,0,1117
3088,5,1117
3222,1,1117
3581,1,1117
4016,4,1117
4066,4,1117
4071,2,1117
4108,7,1117
4203,2,1117
4320,0,1117
4322,2,1117
4409,4,1117
4845,3,1117
4885,1,1117
110,6,1118
147,7,1118
183,5,1118
203,0,1118
220,1,1118
231,5,1118
457,5,1118
855,2,1118
1007,6,1118
1113,7,1118
1249,4,1118
1263,7,1118
1661,4,1118
2171,1,1119
2177,7,1119
2198,2,1119
2226,0,1119
2258,6,1119
2407,3,1120
2418,0,1120
2576,4,1120
2579,1,1120
2638,7,1120
2647,3,1120
2882,5,1120
2909,5,1120
3024,6,1120
3053,4,1120
3197,4,1120
3407,5,1120
3447,6,1120
3493,4,1120
3616,6,1120
3788,2,1120
4258,2,1121
4486,3,1121
4501,3,1121
4673,2,1121
4729,0,1121
4777,6,1121
4861,6,1121
4931,3,1121
4940,6,1121
11,4,1121
292,6,1121
555,4,1121
671,4,1122
688,1,1122
744,4,1122
863,4,1122
962,7,1122
1129,7,1122
1956,3,1122
2359,2,1122
2737,0,1122
3077,3,1122
3177,1,1122
3268,2,1122
3294,1,1122
3418,1,1122
3571,4,1123
3586,6,1123
3970,0,1123
4121,5,1123
4172,1,1123
4241,6,1123
4928,5,1123
4946,6,1123
20,6,1123
194,1,1123
281,3,1123
300,1,1123
400,0,1124
650,5,1124
729,1,1124
1315,7,1124
1347,4,1124
1383,7,1124
1399,0,1124
1467,0,1124
1532,0,1124
1881,3,1124
2192,3,1124
2269,4,1124
2781,0,1124
2875,4,1124
2922,3,1124
3014,5,1124
3439,6,1124
3442,1,1124
3548,7,1124
3686,1,1124
3726,2,1125
3854,7,1125
3993,6,1125
4003,2,1125
4036,6,1125
4094,7,1125
4196,4,1125
4290,7,1125
4367,2,1125
4431,2,1125
4457,0,1125
4813,1,1126
81,7,1126
193,0,1126
381,7,1126
418,1,1126
493,6,1127
515,5,1127
748,7,1127
987,0,1127
1084,1,1127
1162,0,1127
1297,2,1127
1337,1,1127
1374,1,1128
1469,5,1128
1538,6,1128
1562,2,1128
1612,0,1128
1700,5,1128
1718,7,1128
1870,3,1128
1891,4,1128
2034,7,1128
2044,6,1128
2248,0,1128
2253,0,1128
2568,2,1129
2935,7,1129
3318,7,1129
3374,2,1129
3465,1,1129
3555,6,1129
3827,2,1129
3831,4,1129
3924,7,1129
4078,4,1129
4289,4,1129
4435,3,1129
4442,1,1129
4578,2,1130
4658,2,1130
4796,5,1130
4944,1,1130
4979,7,1130
24,6,1130
54,1,1130
489,0,1130
557,5,1130
586,2,1130
602,2,1130
605,4,1130
846,4,1131
1036,1,1131
1115,7,1131
1394,4,1131
1395,5,1131
1478,5,1131
1567,4,1131
1907,0,1131
1925,0,1131
2227,1,1131
2371,7,1131
2502,4,1131
2540,7,1131
2763,0,1131
2792,2,1131
2925,0,1131
3028,6,1131
3207,7,1132
3219,6,1132
3415,7,1132
3614,1,1132
3874,5,1132
3922,2,1132
3942,4,1133
4033,6,1133
4201,2,1133
4665,5,1133
4675,7,1133
4828,0,1133
4857,5,1133
452,6,1133
474,5,1133
1016,0,1133
1053,0,1133
1237,7,1133
1496,1,1133
1629,6,1134
1867,4,1134
1884,6,1134
2123,0,1134
2411,4,1134
2635,3,1134
2742,2,1134
2863,0,1134
2917,4,1134
3097,4,1134
3119,7,1135
3133,4,1135
3143,2,1135
3369,7,1135
3410,5,1135
3753,6,1135
3986,3,1135
4262,0,1135
4622,2,1135
4724,2,1135
4906,7,1136
4910,2,1136
15,0,1136
182,7,1136
269,1,1136
289,3,1136
293,4,1136
961,2,1136
1024,5,1136
1166,5,1136
1208,2,1136
1388,4,1136
2114,1,1136
2148,6,1136
2172,4,1136
2233,4,1136
2588,6,1137
3508,1,1137
3574,3,1137
3838,3,1137
3937,0,1137
4134,0,1137
4249,3,1138
4361,1,1138
4559,6,1138
137,7,1138
155,1,1138
375,4,1138
383,2,1138
397,5,1138
583,3,1138
900,2,1138
1184,5,1138
1280,1,1138
1336,1,1138
1819,4,1138
1901,2,1138
2043,2,1138
2158,6,1139
2270,6,1139
2492,0,1139
2563,2,1139
3212,0,1139
3293,0,1139
3587,7,1139
3625,1,1139
4317,2,1139
4382,2,1139
4397,0,1139
4454,2,1139
4683,3,1139
76,2,1139
185,4,1139
494,6,1139
510,4,1139
527,4,1139
580,1,1139
633,4,1139
1265,2,1139
1783,7,1139
1854,1,1139
2109,2,1139
2179,4,1139
2373,6,1139
2461,6,1139
2732,5,1139
2955,2,1139
2999,2,1139
3322,4,1139
4222,6,1139
4671,6,1139
13,2,1139
327,7,1139
532,4,1140
690,6,1140
757,1,1140
904,6,1140
1120,4,1140
1450,4,1140
1482,1,1140
1508,4,1140
1510,2,1140
2118,1,1140
2593,1,1140
2684,2,1140
3120,4,1140
3446,2,1140
4300,3,1140
4702,0,1140
162,1,1140
299,3,1140
442,0,1140
1099,1,1140
1389,2,1141
1504,7,1141
2412,1,1141
2646,1,1141
2815,3,1141
2825,5,1141
3380,2,1141
4288,4,1141
4808,6,1141
284,1,1141
363,0,1141
420,3,1141
1098,6,1141
1212,0,1141
1692,0,1141
1849,2,1141
2097,2,1141
2147,5,1142
2352,0,1142
2597,4,1142
2754,5,1142
3188,7,1142
3206,0,1142
3521,7,1142
3883,7,1142
4360,0,1142
4609,0,1142
366,6,1142
777,2,1142
899,6,1142
1293,4,1142
1798,0,1142
1948,1,1142
2725,3,1142
3308,4,1142
3588,4,1142
124,4,1142
1528,7,1142
1834,5,1143
2112,2,1143
2420,2,1143
2985,1,1143
3056,4,1143
3210,2,1143
3304,5,1143
3879,0,1143
3933,4,1143
4308,7,1143
4842,6,1143
622,0,1143
1375,1,1143
1731,2,1143
1902,7,1143
3750,3,1143
4487,2,1143
306,7,1143
1230,7,1143
2927,1,1143
3828,6,1143
4421,2,1143
4786,0,1144
4838,3,1144
