没什么用拿来占位的第一行，这是第0个文件
0,992,77,5
1,892,56,19
2,235,38,49
3,491,52,2
4,148,19,31
5,585,45,33
6,67,60,34
7,717,24,50
8,821,71,2
9,848,54,47
10,213,60,33
11,602,52,12
12,664,1,51
13,435,54,9
14,623,3,4
15,443,77,24
16,105,46,47
17,632,72,31
18,721,27,53
19,913,1,1
20,690,6,27
21,951,67,29
22,558,63,48
23,695,42,4
24,817,35,31
25,73,57,43
26,559,19,56
27,326,27,8
28,616,17,22
29,415,6,40
30,771,20,7
31,322,50,51
32,312,24,2
33,975,23,32
34,155,56,15
35,997,58,42
36,87,74,22
37,195,36,47
38,685,12,40
39,82,71,2
40,880,13,40
41,644,69,60
42,327,77,10
43,946,82,2
44,230,51,43
45,506,29,12
46,864,11,53
47,114,82,27
48,885,19,26
49,899,60,37
50,770,79,59
51,189,39,55
52,752,7,51
53,370,47,29
54,440,73,55
55,74,78,32
56,49,77,62
57,923,2,11
58,374,51,11
59,16,71,20
60,617,68,12
61,299,61,56
62,30,14,16
63,825,80,14
64,308,69,22
65,335,38,50
66,200,43,13
67,45,76,56
68,361,44,39
69,887,1,57
70,2,20,52
71,639,28,59
72,91,52,12
73,387,41,47
74,120,35,39
75,872,0,27
76,500,6,22
77,866,66,14
78,85,48,27
79,392,14,24
80,685,67,42
81,439,31,10
82,840,28,47
83,641,24,12
84,563,65,61
85,396,14,54
86,862,33,22
87,361,70,29
88,169,1,18
89,657,47,61
90,842,24,52
91,44,84,2
92,209,33,25
93,70,56,14
94,748,20,40
95,253,80,1
96,568,18,6
97,596,48,4
98,383,33,50
99,287,60,52
100,196,1,7
101,463,47,25
102,77,55,37
103,130,35,53
104,358,69,59
105,234,66,26
106,277,68,45
107,690,80,9
108,691,84,59
109,11,1,27
110,745,56,3
111,931,20,21
112,5,9,33
113,160,50,15
114,36,39,44
115,899,43,50
116,792,74,25
117,280,81,51
118,372,6,32
119,939,63,45
120,286,44,22
121,606,59,16
122,944,21,27
123,507,5,15
124,69,26,54
125,25,16,58
126,627,58,25
127,146,82,24
128,825,10,55
129,399,3,43
130,506,78,37
131,990,66,43
132,16,14,21
133,13,62,5
134,758,75,46
135,664,36,13
136,614,54,54
137,883,69,24
138,865,33,57
139,898,74,22
140,344,64,6
141,651,18,10
142,750,40,55
143,293,54,45
144,144,26,55
145,337,37,63
146,772,45,57
147,240,39,59
148,725,15,54
149,245,22,13
150,90,37,41
151,546,62,30
152,218,72,62
153,49,1,31
154,897,26,16
155,182,3,4
156,928,31,53
157,113,43,61
158,234,77,47
159,764,58,2
160,452,74,33
161,157,35,46
162,516,4,21
163,247,83,39
164,362,76,40
165,619,18,4
166,737,70,6
167,625,33,33
168,869,16,44
169,981,11,32
170,562,50,18
171,307,26,4
172,867,1,62
173,638,57,52
174,618,36,18
175,302,6,13
176,673,48,36
177,208,77,14
178,146,6,5
179,211,18,1
180,703,52,11
181,8,58,10
182,374,56,33
183,20,34,7
184,346,33,27
185,249,81,43
186,261,11,55
187,959,23,56
188,455,76,38
189,335,33,49
190,713,81,22
191,41,38,54
192,475,23,1
193,883,43,8
194,511,50,46
195,367,80,30
196,127,23,27
197,175,76,38
198,488,61,33
199,581,77,53
200,140,51,2
201,726,76,22
202,998,7,55
203,821,60,35
204,185,77,13
205,59,53,7
206,745,37,27
207,267,76,45
208,185,35,8
209,995,6,47
210,557,47,36
211,277,43,44
212,810,7,19
213,234,82,53
214,215,3,26
215,804,16,26
216,601,76,31
217,865,64,30
218,204,5,17
219,128,60,26
220,619,48,42
221,741,10,22
222,886,66,21
223,881,29,37
224,607,26,14
225,576,64,57
226,153,11,9
227,169,61,16
228,798,76,58
229,528,34,36
230,291,52,4
231,875,55,23
232,60,32,53
233,141,77,17
234,992,79,14
235,95,71,58
236,211,23,26
237,85,13,7
238,335,32,41
239,794,75,12
240,160,60,25
241,342,36,55
242,263,46,17
243,438,53,52
244,100,54,25
245,462,10,22
246,33,65,3
247,709,81,61
248,57,81,33
249,282,26,58
250,511,63,37
251,67,69,9
252,985,53,55
253,208,41,9
254,264,17,29
255,110,50,6
256,675,78,55
257,757,26,60
258,230,39,31
259,890,26,27
260,265,18,19
261,645,69,8
262,609,21,19
263,216,33,36
264,606,13,13
265,771,40,24
266,508,14,1
267,675,0,30
268,709,11,55
269,648,80,50
270,582,69,26
271,373,81,9
272,716,66,52
273,224,72,41
274,983,64,31
275,796,56,43
276,772,58,36
277,649,8,10
278,133,28,27
279,282,31,50
280,729,42,16
281,985,81,17
282,467,48,63
283,512,38,16
284,975,50,8
285,472,15,5
286,816,69,12
287,329,34,19
288,768,63,18
289,65,70,44
290,109,78,56
291,461,64,10
292,173,12,38
293,502,28,34
294,662,18,29
295,964,36,37
296,178,82,15
297,162,40,27
298,887,39,35
299,469,5,29
300,501,19,58
301,618,21,20
302,194,51,49
303,296,47,5
304,794,80,54
305,726,46,39
306,184,43,60
307,995,1,26
308,103,14,9
309,697,67,33
310,705,64,19
311,209,4,45
312,193,52,61
313,826,2,6
314,267,62,17
315,492,70,39
316,675,83,13
317,632,0,13
318,339,67,53
319,268,8,29
320,835,20,42
321,147,53,19
322,18,2,36
323,620,49,60
324,454,11,2
325,886,74,9
326,878,63,58
327,961,59,36
328,294,59,32
329,117,62,12
330,897,71,8
331,838,19,12
332,559,57,42
333,604,21,22
334,268,2,16
335,345,79,13
336,912,1,49
337,505,66,57
338,117,62,62
339,852,3,8
340,110,41,53
341,242,70,25
342,810,10,28
343,6,83,57
344,6,78,55
345,429,57,38
346,766,49,41
347,43,8,14
348,539,19,28
349,296,23,9
350,231,69,50
351,880,50,63
352,687,20,63
353,373,22,28
354,558,22,8
355,694,72,8
356,20,34,35
357,764,56,18
358,886,26,60
359,681,46,59
360,263,8,29
361,234,68,36
362,430,31,29
363,761,41,49
364,183,33,52
365,963,51,53
366,446,47,58
367,894,22,56
368,461,43,36
369,262,0,58
370,205,24,2
371,47,72,48
372,29,1,31
373,314,34,36
374,257,41,55
375,513,16,20
376,212,16,27
377,121,4,55
378,280,74,54
379,933,32,45
380,374,71,41
381,833,4,25
382,895,53,57
383,893,23,11
384,552,64,36
385,429,71,16
386,569,73,19
387,992,18,19
388,813,4,28
389,268,58,44
390,39,56,60
391,739,6,41
392,953,60,21
393,111,79,25
394,621,20,42
395,722,43,58
396,671,71,61
397,971,25,46
398,458,12,5
399,648,31,34
400,451,84,60
401,423,24,23
402,609,52,35
403,390,82,55
404,79,65,59
405,284,83,34
406,166,25,63
407,288,35,45
408,770,74,33
409,244,47,17
410,641,27,43
411,686,1,19
412,213,59,36
413,466,40,24
414,339,53,49
415,381,77,21
416,374,54,20
417,885,59,1
418,258,65,41
419,953,78,41
420,589,70,48
421,557,56,53
422,595,83,35
423,6,83,12
424,902,51,8
425,255,49,63
426,786,34,45
427,870,35,11
428,772,77,10
429,5,44,41
430,866,9,13
431,156,58,43
432,297,2,30
433,250,19,8
434,52,23,29
435,836,34,26
436,182,52,31
437,959,16,43
438,456,4,41
439,145,48,59
440,917,25,50
441,117,5,53
442,430,74,23
443,716,78,59
444,441,16,55
445,646,26,59
446,360,57,25
447,308,78,39
448,726,63,34
449,871,77,49
450,47,70,60
451,194,72,53
452,870,51,14
453,19,7,38
454,648,64,10
455,714,61,59
456,120,5,1
457,2,57,62
458,231,39,1
459,280,29,18
460,155,27,23
461,721,0,27
462,484,6,9
463,93,5,62
464,445,14,62
465,944,58,39
466,425,42,14
467,420,60,17
468,536,2,25
469,284,84,15
470,104,13,41
471,264,70,28
472,882,5,28
473,738,62,60
474,548,22,52
475,104,70,63
476,699,21,19
477,748,60,8
478,854,52,6
479,94,60,44
480,690,33,42
481,688,42,60
482,985,73,24
483,747,7,6
484,696,21,45
485,480,9,22
486,163,32,57
487,866,51,24
488,589,39,43
489,914,77,53
490,826,23,2
491,126,75,42
492,886,19,6
493,294,33,28
494,442,78,43
495,421,84,47
496,528,67,13
497,187,67,17
498,168,60,12
499,6,5,20
500,985,30,55
501,208,20,29
502,937,3,33
503,759,26,30
504,57,67,12
505,732,20,34
506,237,82,29
507,920,20,12
508,230,64,55
509,318,55,37
510,331,9,1
511,256,46,49
512,482,80,49
513,995,13,26
514,893,21,45
515,520,42,26
516,706,84,51
517,966,50,49
518,813,34,45
519,187,33,15
520,353,39,7
521,433,31,26
522,256,42,47
523,706,49,15
524,430,41,14
525,869,12,31
526,794,47,42
527,382,84,62
528,523,63,40
529,383,1,54
530,320,74,55
531,318,56,37
532,233,53,26
533,57,69,55
534,492,0,27
535,651,0,15
536,264,4,52
537,568,50,38
538,482,74,45
539,235,56,3
540,849,7,9
541,302,22,4
542,553,61,27
543,84,78,6
544,888,41,29
545,211,16,11
546,924,1,42
547,379,38,44
548,245,6,3
549,335,26,26
550,539,1,60
551,856,15,50
552,72,12,19
553,442,35,12
554,22,5,41
555,595,5,58
556,677,48,26
557,764,53,51
558,239,63,1
559,272,54,41
560,300,29,35
561,290,20,32
562,265,81,9
563,104,54,50
564,568,8,19
565,148,27,7
566,847,70,28
567,928,14,5
568,661,34,36
569,823,37,39
570,706,36,15
571,453,38,37
572,422,22,41
573,165,7,52
574,766,71,16
575,464,0,20
576,118,67,12
577,2,16,31
578,494,56,57
579,544,23,26
580,133,70,28
581,503,72,54
582,159,0,30
583,523,37,37
584,36,4,17
585,425,78,12
586,931,50,15
587,582,11,49
588,847,56,36
589,259,79,42
590,793,48,41
591,101,36,6
592,472,61,25
593,874,78,45
594,58,13,52
595,943,44,59
596,29,29,14
597,513,38,3
598,324,41,30
599,120,74,6
600,77,3,28
601,900,79,51
602,392,82,42
603,326,36,39
604,868,73,35
605,486,11,36
606,292,61,4
607,755,35,10
608,876,35,22
609,148,75,33
610,819,48,3
611,669,69,21
612,551,40,16
613,625,46,14
614,411,80,47
615,298,20,8
616,710,28,32
617,928,69,8
618,886,69,40
619,430,83,45
620,170,22,58
621,546,17,59
622,364,62,53
623,446,6,59
624,314,12,59
625,25,49,41
626,227,78,63
627,594,42,6
628,344,64,63
629,800,58,11
630,432,54,41
631,318,57,56
632,709,60,42
633,347,17,35
634,558,50,16
635,209,61,15
636,137,62,1
637,985,71,44
638,507,36,21
639,930,80,24
640,753,22,12
641,796,36,56
642,725,24,48
643,92,25,3
644,521,84,58
645,421,27,4
646,443,43,40
647,944,74,6
648,554,20,35
649,158,76,37
650,538,71,58
651,215,26,29
652,381,0,5
653,105,57,42
654,830,32,1
655,223,64,5
656,307,77,31
657,660,62,15
658,525,20,21
659,948,14,52
660,376,19,50
661,946,3,54
662,270,23,56
663,760,54,35
664,763,71,21
665,836,38,32
666,186,16,14
667,301,25,33
668,518,51,2
669,991,3,4
670,352,46,63
671,354,31,60
672,792,37,53
673,742,46,25
674,297,41,41
675,975,21,30
676,846,13,58
677,56,60,41
678,900,68,40
679,579,13,30
680,955,14,46
681,916,14,16
682,326,40,33
683,916,48,36
684,142,11,4
685,835,46,59
686,215,3,18
687,646,46,36
688,82,65,61
689,399,39,55
690,897,65,63
691,303,35,8
692,210,80,4
693,591,52,43
694,854,49,35
695,464,55,60
696,258,24,19
697,419,56,56
698,249,7,12
699,321,56,11
700,569,34,59
701,400,32,25
702,815,78,35
703,957,84,11
704,568,9,42
705,647,64,40
706,817,16,33
707,275,5,14
708,430,5,23
709,532,1,33
710,808,46,12
711,916,28,4
712,771,2,20
713,347,51,30
714,263,53,5
715,659,61,11
716,371,37,41
717,964,26,48
718,435,32,4
719,162,78,29
720,247,32,51
721,587,2,5
722,835,65,20
723,554,46,37
724,982,40,33
725,676,54,42
726,452,56,56
727,214,71,33
728,733,70,27
729,609,62,47
730,164,15,40
731,965,8,62
732,116,30,10
733,79,73,42
734,516,10,46
735,640,17,60
736,803,33,63
737,467,31,20
738,612,15,11
739,315,76,55
740,106,44,60
741,496,50,34
742,401,37,43
743,239,50,41
744,413,12,58
745,480,19,35
746,155,46,45
747,456,44,61
748,698,83,6
749,667,67,8
750,174,32,29
751,168,52,56
752,235,45,30
753,563,33,31
754,704,62,34
755,992,3,3
756,102,37,47
757,838,7,26
758,61,26,38
759,558,38,44
760,234,61,25
761,308,68,21
762,392,24,27
763,305,46,50
764,773,79,7
765,16,5,2
766,673,54,31
767,898,46,28
768,510,13,14
769,119,55,59
770,41,35,27
771,379,82,40
772,334,75,3
773,602,9,21
774,478,19,6
775,669,31,15
776,710,66,20
777,756,40,61
778,910,84,13
779,220,68,3
780,705,58,36
781,538,43,16
782,534,77,57
783,631,75,62
784,688,72,63
785,112,2,24
786,541,82,13
787,781,49,9
788,317,83,37
789,914,39,9
790,777,83,26
791,490,20,51
792,712,45,40
793,835,56,15
794,515,13,28
795,875,81,20
796,284,53,52
797,62,68,28
798,163,2,38
799,743,80,32
800,273,18,5
801,441,22,40
802,977,4,54
803,568,80,46
804,814,6,34
805,192,13,25
806,75,46,29
807,172,45,2
808,887,7,3
809,832,16,44
810,226,13,1
811,126,13,33
812,69,16,27
813,235,58,39
814,959,43,5
815,928,2,46
816,902,21,63
817,477,13,61
818,432,26,53
819,436,59,6
820,50,66,58
821,403,47,41
822,336,20,7
823,559,31,56
824,908,51,13
825,601,8,31
826,863,27,1
827,627,75,36
828,306,8,38
829,414,83,42
830,693,82,16
831,415,67,26
832,372,59,48
833,893,62,7
834,192,72,11
835,434,9,29
836,516,56,17
837,159,5,6
838,887,70,56
839,938,4,41
840,791,76,8
841,727,3,15
842,873,51,33
843,943,68,22
844,877,69,19
845,983,55,29
846,838,70,30
847,695,8,22
848,734,51,2
849,386,13,17
850,86,80,13
851,236,63,42
852,237,10,22
853,130,25,19
854,120,53,25
855,819,60,51
856,179,13,4
857,62,64,6
858,744,35,29
859,233,60,49
860,943,53,38
861,862,53,13
862,462,41,62
863,465,77,38
864,411,11,15
865,844,41,1
866,197,6,21
867,337,48,28
868,422,43,26
869,338,62,3
870,374,24,63
871,672,47,24
872,607,50,27
873,754,84,34
874,56,5,11
875,93,50,31
876,495,22,63
877,101,30,5
878,660,42,7
879,554,21,3
880,168,25,7
881,293,3,33
882,162,64,59
883,365,4,41
884,31,19,58
885,630,33,8
886,332,23,1
887,316,43,40
888,643,29,1
889,760,17,40
890,899,66,11
891,2,60,14
892,283,9,61
893,554,38,22
894,631,55,60
895,926,71,61
896,281,43,25
897,893,18,33
898,802,3,49
899,79,82,31
900,764,21,47
901,879,12,30
902,799,61,5
903,779,6,59
904,924,17,35
905,992,54,8
906,371,84,5
907,261,43,21
908,408,4,63
909,177,9,7
910,119,37,45
911,51,27,53
912,321,26,4
913,89,11,15
914,73,74,63
915,303,62,14
916,759,53,3
917,125,25,24
918,716,22,56
919,824,30,35
920,911,24,61
921,876,26,18
922,368,56,43
923,22,37,9
924,95,49,60
925,216,21,5
926,312,66,27
927,661,57,25
928,213,13,29
929,64,21,26
930,644,78,41
931,421,78,59
932,569,32,44
933,941,4,62
934,965,40,41
935,564,30,19
936,432,28,62
937,588,76,50
938,996,3,63
939,711,26,36
940,614,69,38
941,471,42,52
942,37,15,63
943,279,12,12
944,990,47,37
945,242,22,14
946,986,43,14
947,684,77,41
948,811,64,53
949,379,69,46
950,267,80,51
951,33,35,1
952,904,3,38
953,247,41,15
954,85,57,63
955,566,59,54
956,203,24,51
957,659,19,19
958,945,59,41
959,275,29,20
960,710,35,43
961,247,69,22
962,658,82,17
963,159,64,4
964,43,60,46
965,625,25,52
966,822,75,42
967,711,68,16
968,585,37,17
969,437,71,46
970,331,68,10
971,528,11,11
972,555,29,33
973,95,7,10
974,426,1,18
975,242,58,27
976,432,29,49
977,334,41,33
978,982,45,15
979,186,62,53
980,325,74,59
981,17,37,24
982,293,68,10
983,408,44,52
984,258,49,39
985,629,13,31
986,736,36,20
987,485,16,57
988,830,14,31
989,420,5,43
990,528,16,49
991,216,42,25
992,378,66,54
993,377,44,26
994,370,38,5
995,399,66,35
996,442,69,43
997,670,78,4
998,795,35,57
999,753,61,32
1000,979,15,33
1001,805,50,8
1002,110,49,30
1003,448,42,3
1004,617,36,1
1005,691,75,38
1006,614,3,15
1007,171,19,41
1008,695,81,21
1009,518,63,32
1010,826,68,61
1011,647,45,38
1012,646,29,52
1013,467,4,44
1014,220,55,2
1015,460,20,26
1016,870,81,21
1017,482,61,4
1018,484,62,30
1019,707,14,5
1020,568,6,33
1021,652,13,31
1022,172,33,21
1023,155,6,59
1024,33,61,42
1025,822,22,34
1026,273,41,8
1027,179,17,6
1028,857,27,28
1029,511,23,6
1030,187,23,30
1031,217,41,6
1032,109,42,8
1033,621,77,60
1034,903,59,38
1035,869,67,7
1036,265,49,2
1037,351,7,35
1038,651,45,19
1039,211,75,38
1040,843,32,58
1041,428,25,9
1042,262,16,59
1043,341,33,2
1044,131,80,10
1045,853,1,15
1046,668,70,48
1047,743,27,60
1048,613,20,56
1049,411,25,63
1050,195,14,25
1051,531,78,31
1052,424,61,51
1053,396,38,40
1054,250,59,55
1055,370,13,12
1056,577,50,4
1057,143,84,38
1058,950,47,59
1059,150,49,27
1060,310,30,10
1061,912,56,38
1062,525,81,48
1063,960,21,51
1064,839,80,40
1065,63,19,51
1066,205,75,27
1067,529,84,32
1068,385,53,34
1069,129,69,51
1070,617,39,59
1071,397,77,49
1072,247,41,26
1073,428,73,52
1074,633,36,63
1075,992,10,1
1076,61,39,8
1077,156,64,3
1078,370,28,45
1079,316,36,63
1080,108,70,53
1081,293,16,39
1082,49,37,48
1083,151,66,6
1084,346,59,11
1085,179,72,56
1086,75,35,22
1087,906,40,38
1088,518,44,14
1089,860,51,9
1090,434,25,47
1091,548,83,11
1092,115,23,1
1093,659,14,2
1094,842,74,61
1095,152,30,30
1096,353,26,17
1097,299,12,52
1098,220,26,34
1099,150,38,61
1100,569,73,54
1101,740,0,11
1102,117,67,35
1103,240,60,32
1104,242,8,47
1105,403,76,15
1106,419,19,62
1107,349,44,5
1108,702,45,35
1109,493,10,8
1110,743,58,44
1111,558,4,8
1112,583,77,63
1113,866,17,2
1114,911,58,20
1115,62,48,61
1116,498,16,54
1117,645,81,22
1118,114,72,62
1119,69,32,60
1120,722,54,25
1121,562,78,3
1122,432,60,2
1123,800,22,21
1124,674,22,61
1125,249,48,57
1126,324,2,34
1127,306,39,11
1128,791,42,34
1129,53,80,14
1130,890,63,9
1131,222,64,5
1132,140,40,16
1133,761,59,8
1134,676,10,13
1135,775,28,16
1136,163,63,23
1137,908,49,38
1138,61,29,63
1139,971,48,6
1140,484,32,61
1141,692,80,17
1142,154,26,12
1143,802,34,42
1144,503,34,43
1145,519,43,38
1146,910,23,19
1147,173,75,41
1148,658,25,60
1149,772,30,11
1150,289,80,14
1151,576,17,30
1152,900,2,62
1153,691,53,43
1154,396,23,54
1155,42,18,33
1156,876,44,33
1157,925,61,23
1158,792,23,15
1159,321,57,38
1160,214,30,46
1161,710,47,42
1162,32,3,33
1163,22,23,30
1164,441,39,43
1165,964,60,17
1166,718,30,32
1167,217,54,46
1168,16,12,32
1169,175,60,54
1170,369,33,52
1171,728,4,22
1172,944,55,42
1173,874,83,62
1174,967,38,57
1175,431,82,5
1176,134,1,8
1177,635,75,19
1178,809,80,17
1179,313,42,54
1180,920,75,17
1181,268,4,43
1182,582,17,35
1183,817,30,52
1184,310,53,10
1185,457,25,22
1186,299,49,57
1187,63,83,22
1188,673,18,2
1189,273,5,6
1190,183,16,11
1191,320,39,60
1192,690,77,3
1193,27,50,61
1194,704,24,11
1195,458,37,17
1196,308,65,35
1197,620,9,30
1198,961,9,49
1199,700,76,58
1200,363,16,49
1201,966,30,9
1202,588,81,22
1203,524,54,62
1204,647,33,1
1205,276,12,21
1206,840,75,61
1207,825,9,63
1208,513,16,48
1209,416,8,30
1210,846,25,59
1211,723,58,27
1212,666,67,38
1213,609,28,61
1214,367,11,22
1215,601,71,56
1216,768,62,55
1217,518,33,14
1218,912,25,18
1219,327,12,61
1220,331,43,24
1221,516,5,42
1222,496,23,50
1223,664,46,47
1224,47,82,30
1225,52,27,9
1226,433,47,61
1227,552,79,33
1228,326,47,13
1229,418,3,51
1230,528,65,10
1231,722,80,3
1232,615,77,39
1233,497,11,11
1234,540,19,43
1235,446,51,8
1236,139,75,51
1237,514,38,44
1238,690,78,49
1239,883,40,46
1240,861,59,1
1241,117,33,37
1242,726,62,52
1243,352,0,18
1244,605,4,58
1245,201,41,3
1246,742,57,33
1247,995,70,13
1248,829,29,21
1249,507,1,5
1250,355,42,27
1251,704,65,46
1252,772,35,39
1253,350,59,55
1254,159,55,14
1255,892,62,2
1256,953,66,32
1257,126,70,36
1258,314,26,46
1259,139,64,10
1260,74,61,40
1261,293,81,19
1262,870,77,12
1263,771,83,56
1264,492,26,36
1265,924,9,57
1266,864,83,60
1267,100,68,32
1268,495,44,15
1269,740,47,57
1270,420,75,9
1271,692,17,1
1272,376,33,4
1273,846,58,3
1274,509,6,18
1275,617,51,39
1276,723,65,7
1277,271,61,17
1278,905,25,17
1279,157,71,25
1280,886,30,49
1281,445,71,46
1282,243,47,63
1283,697,34,12
1284,510,8,10
1285,192,64,3
1286,633,53,57
1287,489,84,14
1288,534,55,36
1289,433,37,39
1290,29,49,34
1291,690,25,56
1292,708,47,1
1293,9,21,63
1294,659,30,48
1295,852,58,50
1296,863,72,3
1297,557,71,24
1298,31,79,20
1299,133,14,6
1300,250,7,32
1301,504,6,48
1302,586,70,49
1303,169,64,40
1304,505,44,21
1305,399,17,8
1306,467,34,39
1307,136,32,54
1308,324,30,8
1309,288,52,42
1310,535,43,54
1311,304,33,29
1312,686,9,7
1313,979,59,51
1314,177,48,45
1315,844,26,63
1316,467,14,44
1317,735,25,42
1318,136,13,8
1319,852,77,40
1320,18,84,50
1321,664,82,6
1322,477,54,24
1323,518,47,41
1324,795,40,56
1325,966,63,53
1326,234,47,13
1327,814,63,4
1328,261,14,45
1329,662,20,31
1330,445,9,29
1331,564,74,6
1332,874,51,7
1333,607,50,15
1334,989,10,10
1335,818,15,8
1336,494,84,14
1337,538,79,5
1338,382,76,31
1339,349,62,35
1340,783,46,60
1341,514,72,33
1342,549,45,42
1343,573,58,30
1344,565,1,44
1345,52,49,6
1346,229,14,36
1347,564,38,52
1348,142,19,30
1349,99,12,38
1350,638,10,56
1351,128,10,2
1352,233,54,11
1353,429,23,38
1354,938,52,63
1355,553,10,13
1356,889,4,3
1357,179,79,45
1358,940,45,14
1359,432,0,16
1360,316,49,17
1361,389,73,45
1362,213,21,39
1363,15,26,5
1364,400,55,17
1365,708,33,25
1366,406,16,31
1367,41,47,49
1368,448,33,24
1369,710,52,43
1370,825,79,16
1371,927,77,2
1372,882,32,32
1373,237,73,17
1374,566,47,50
1375,433,39,46
1376,592,56,12
1377,272,69,39
1378,36,73,54
1379,377,2,18
1380,393,82,35
1381,777,65,31
1382,952,6,5
1383,856,0,32
1384,268,70,21
1385,773,57,35
1386,981,55,22
1387,75,26,43
1388,586,6,20
1389,157,39,28
1390,221,41,16
1391,444,59,2
1392,566,41,28
1393,801,48,5
1394,865,65,59
1395,807,19,23
1396,685,29,37
1397,256,68,9
1398,562,55,50
1399,752,67,51
1400,833,69,58
1401,685,57,19
1402,531,64,60
1403,307,81,22
1404,898,11,49
1405,869,69,58
1406,5,83,37
1407,897,65,52
1408,167,43,19
1409,850,5,49
1410,323,37,36
1411,330,9,12
1412,646,29,5
1413,575,17,23
1414,972,59,29
1415,456,54,46
1416,151,19,43
1417,334,7,39
1418,135,45,17
1419,434,11,56
1420,92,31,55
1421,681,17,30
1422,292,72,43
1423,546,23,56
1424,540,46,10
1425,842,78,27
1426,610,53,61
1427,528,2,23
1428,852,76,49
1429,846,76,56
1430,910,69,36
1431,876,39,42
1432,134,42,27
1433,212,57,50
1434,418,39,2
1435,999,82,59
1436,177,2,25
1437,956,6,59
1438,232,34,24
1439,523,44,62
1440,383,83,34
1441,485,61,36
1442,808,71,12
1443,699,57,31
1444,86,36,53
1445,290,25,41
1446,416,33,37
1447,317,39,20
1448,327,5,26
1449,228,20,8
1450,157,9,23
1451,205,3,55
1452,404,62,8
1453,397,3,52
1454,377,18,51
1455,237,24,13
1456,169,16,25
1457,135,47,24
1458,14,33,30
1459,658,7,23
1460,264,3,63
1461,740,4,55
1462,314,49,44
1463,119,10,53
1464,366,29,4
1465,177,60,24
1466,550,15,45
1467,662,24,24
1468,467,49,23
1469,550,42,57
1470,785,45,4
1471,202,56,21
1472,990,9,13
1473,955,17,54
1474,500,9,50
1475,358,23,51
1476,170,82,36
1477,56,50,39
1478,980,52,17
1479,619,48,57
1480,200,18,39
1481,232,11,48
1482,271,32,8
1483,71,58,56
1484,676,7,48
1485,816,24,37
1486,429,6,31
1487,981,53,55
1488,308,44,6
1489,425,12,37
1490,989,49,45
1491,967,72,23
1492,394,44,31
1493,287,14,45
1494,764,35,56
1495,191,7,63
1496,447,75,28
1497,83,42,58
1498,408,60,45
1499,943,49,15
1500,887,10,23
1501,376,71,5
1502,612,77,48
1503,935,78,32
1504,3,49,14
1505,964,41,43
1506,175,77,40
1507,860,70,41
1508,724,69,21
1509,98,41,63
1510,951,35,27
1511,835,25,18
1512,981,66,17
1513,364,62,31
1514,54,30,51
1515,373,18,58
1516,842,9,29
1517,888,9,52
1518,139,27,55
1519,608,66,44
1520,718,11,54
1521,458,80,1
1522,146,48,33
1523,177,43,54
1524,836,81,43
1525,591,69,57
1526,632,12,27
1527,757,29,43
1528,50,34,36
1529,916,3,49
1530,3,70,35
1531,493,74,10
1532,466,45,43
1533,532,16,55
1534,625,23,9
1535,749,30,50
1536,866,78,23
1537,854,74,34
1538,574,45,57
1539,396,18,48
1540,121,75,6
1541,996,40,20
1542,911,65,42
1543,493,46,25
1544,811,45,60
1545,566,50,8
1546,481,37,50
1547,399,58,24
1548,205,36,43
1549,743,83,35
1550,268,53,41
1551,552,1,52
1552,348,6,4
1553,859,30,51
1554,907,76,57
1555,329,53,3
1556,417,73,4
1557,452,63,23
1558,245,10,37
1559,141,32,20
1560,113,6,19
1561,810,2,63
1562,77,52,40
1563,731,30,49
1564,951,78,23
1565,65,51,27
1566,118,63,52
1567,31,21,50
1568,656,0,60
1569,920,2,10
1570,864,4,7
1571,314,80,58
1572,265,16,51
1573,979,46,30
1574,949,3,17
1575,336,18,8
1576,707,12,9
1577,541,24,7
1578,940,27,21
1579,462,56,30
1580,144,24,9
1581,309,70,53
1582,157,24,32
1583,387,20,4
1584,209,3,21
1585,530,48,12
1586,381,39,42
1587,475,6,47
1588,967,13,50
1589,749,69,23
1590,665,79,46
1591,828,7,12
1592,47,26,44
1593,749,17,54
1594,664,53,26
1595,743,84,45
1596,402,34,15
1597,111,8,42
1598,899,69,53
1599,126,4,44
1600,7,70,22
1601,461,18,57
1602,99,11,14
1603,240,24,6
1604,511,17,59
1605,860,80,4
1606,974,58,35
1607,560,8,34
1608,510,38,3
1609,114,48,27
1610,835,51,8
1611,814,72,14
1612,713,52,37
1613,688,58,41
1614,478,68,31
1615,290,84,24
1616,7,69,31
1617,7,21,29
1618,118,72,3
1619,304,65,59
1620,315,69,34
1621,166,78,31
1622,685,12,62
1623,622,70,44
1624,373,54,26
1625,953,18,35
1626,106,4,50
1627,232,3,19
1628,793,22,48
1629,40,2,60
1630,746,76,36
1631,620,16,58
1632,123,52,58
1633,353,68,46
1634,253,45,28
1635,981,0,60
1636,748,55,23
1637,231,13,11
1638,343,52,58
1639,239,42,34
1640,738,29,34
1641,674,65,57
1642,507,52,57
1643,655,41,3
1644,805,48,61
1645,434,55,6
1646,832,19,51
1647,356,9,37
1648,365,3,51
1649,328,32,35
1650,548,31,47
1651,692,29,51
1652,573,18,16
1653,578,9,3
1654,976,74,51
1655,492,52,59
1656,78,48,63
1657,191,65,46
1658,414,64,25
1659,892,23,49
1660,311,31,47
1661,122,34,57
1662,942,8,8
1663,247,5,18
1664,739,51,3
1665,320,62,55
1666,672,82,42
1667,896,37,49
1668,869,68,23
1669,285,14,17
1670,736,44,5
1671,958,60,18
1672,624,84,46
1673,946,40,21
1674,577,53,3
1675,322,44,54
1676,966,68,50
1677,989,58,41
1678,450,66,60
1679,712,10,34
1680,102,7,56
1681,521,4,48
1682,659,30,59
1683,792,60,40
1684,794,18,56
1685,696,64,33
1686,934,79,26
1687,640,70,35
1688,6,16,40
1689,445,67,4
1690,848,33,38
1691,230,30,60
1692,359,50,63
1693,177,17,52
1694,930,62,44
1695,708,68,39
1696,831,53,31
1697,674,57,54
1698,780,75,33
1699,17,4,51
1700,374,29,59
1701,881,23,2
1702,847,3,19
1703,601,54,29
1704,86,3,54
1705,528,72,28
1706,950,10,7
1707,319,53,36
1708,623,5,30
1709,663,58,46
1710,502,11,55
1711,890,41,46
1712,50,25,3
1713,640,77,45
1714,805,2,20
1715,337,31,48
1716,932,58,34
1717,227,76,1
1718,861,71,45
1719,489,15,14
1720,610,19,39
1721,368,30,27
1722,696,79,39
1723,304,45,11
1724,664,74,54
1725,761,15,23
1726,598,63,19
1727,63,59,7
1728,476,60,39
1729,321,55,23
1730,614,49,6
1731,377,28,46
1732,546,58,16
1733,614,56,59
1734,887,76,15
1735,97,36,59
1736,123,50,27
1737,620,2,55
1738,553,29,45
1739,249,9,27
1740,722,43,46
1741,123,56,30
1742,395,6,22
1743,589,2,24
1744,343,78,17
1745,813,24,16
1746,336,41,7
1747,843,60,23
1748,911,29,60
1749,401,19,38
1750,801,46,28
1751,424,0,7
1752,933,81,62
1753,727,29,43
1754,461,58,20
1755,94,31,50
1756,90,46,25
1757,46,40,28
1758,377,72,63
1759,206,32,40
1760,556,59,47
1761,689,32,23
1762,685,64,9
1763,738,42,26
1764,813,22,63
1765,148,37,8
1766,839,38,45
1767,657,76,10
1768,572,67,18
1769,488,84,46
1770,654,51,61
1771,143,54,41
1772,77,21,15
1773,203,43,2
1774,460,38,29
1775,190,82,41
1776,207,31,59
1777,197,9,23
1778,354,77,16
1779,589,51,38
1780,654,80,57
1781,996,79,39
1782,742,51,52
1783,473,75,31
1784,619,54,15
1785,639,3,27
1786,626,39,48
1787,374,37,42
1788,576,38,34
1789,313,28,21
1790,789,41,43
1791,263,8,18
1792,72,5,32
1793,604,52,27
1794,245,22,26
1795,158,65,30
1796,844,48,44
1797,493,51,47
1798,113,67,48
1799,275,76,62
1800,819,36,9
1801,397,83,8
1802,209,17,39
1803,275,27,49
1804,853,31,43
1805,50,24,43
1806,408,44,30
1807,132,39,60
1808,418,16,26
1809,325,53,7
1810,792,31,42
1811,472,29,57
1812,713,43,28
1813,552,79,6
1814,518,2,18
1815,876,33,15
1816,264,7,23
1817,13,48,27
1818,143,23,1
1819,582,12,42
1820,642,0,42
1821,463,28,42
1822,659,21,56
1823,7,24,54
1824,405,48,61
1825,449,73,35
1826,2,79,6
1827,554,28,15
1828,950,15,46
1829,6,63,19
1830,646,79,58
1831,334,13,45
1832,524,33,47
1833,72,29,39
1834,957,28,5
1835,678,19,48
1836,638,25,22
1837,948,48,14
1838,386,84,22
1839,722,21,6
1840,984,41,35
1841,611,47,20
1842,426,67,21
1843,847,61,2
1844,424,22,27
1845,322,79,54
1846,473,54,30
1847,788,81,42
1848,631,38,51
1849,496,76,58
1850,964,79,36
1851,28,4,30
1852,150,6,12
1853,693,22,40
1854,310,32,40
1855,405,44,5
1856,132,43,35
1857,138,26,7
1858,682,61,57
1859,359,37,45
1860,880,57,50
1861,890,75,3
1862,721,16,10
1863,250,43,51
1864,900,57,40
1865,979,44,41
1866,813,65,38
1867,742,59,49
1868,363,75,28
1869,411,26,54
1870,961,17,8
1871,994,6,47
1872,122,82,1
1873,473,56,17
1874,541,33,29
1875,454,33,1
1876,181,10,46
1877,899,59,4
1878,42,6,44
1879,594,16,26
1880,698,81,3
1881,22,25,12
1882,592,63,14
1883,559,75,24
1884,967,82,13
1885,772,76,22
1886,83,13,52
1887,31,66,13
1888,753,5,35
1889,283,18,47
1890,331,58,33
1891,425,11,40
1892,157,37,9
1893,896,26,8
1894,243,19,27
1895,99,32,37
1896,793,66,17
1897,489,16,2
1898,282,68,39
1899,828,43,31
1900,243,8,26
1901,487,24,33
1902,200,12,32
1903,209,12,24
1904,632,37,24
1905,715,35,58
1906,559,39,61
1907,697,59,13
1908,730,70,47
1909,348,35,12
1910,496,54,63
1911,873,40,6
1912,202,60,45
1913,724,5,63
1914,349,36,22
1915,43,66,58
1916,281,84,3
1917,793,62,37
1918,313,66,41
1919,594,58,53
1920,269,14,52
1921,318,33,10
1922,517,84,27
1923,373,78,48
1924,485,38,16
1925,745,71,19
1926,601,36,30
1927,847,1,4
1928,674,65,62
1929,11,0,57
1930,391,19,18
1931,55,1,28
1932,841,14,60
1933,598,28,16
1934,236,13,47
1935,36,47,47
1936,64,37,10
1937,879,65,58
1938,528,63,16
1939,388,16,49
1940,159,43,48
1941,336,29,6
1942,791,14,55
1943,78,58,50
1944,919,39,50
1945,312,34,16
1946,355,25,62
1947,625,53,5
1948,969,52,1
1949,997,4,29
1950,358,10,15
1951,319,82,8
1952,847,0,16
1953,162,17,3
1954,635,82,16
1955,751,66,5
1956,606,80,52
1957,800,76,59
1958,180,55,27
1959,419,38,19
1960,230,27,29
1961,357,41,5
1962,852,79,40
1963,557,72,1
1964,773,6,29
1965,30,63,43
1966,421,78,24
1967,305,3,45
1968,616,72,35
1969,529,52,11
1970,784,44,18
1971,890,5,40
1972,184,48,19
1973,808,20,6
1974,543,62,54
1975,604,43,15
1976,357,84,36
1977,806,80,45
1978,279,43,46
1979,391,66,39
1980,844,26,53
1981,995,61,36
1982,513,81,58
1983,598,46,7
1984,411,13,11
1985,937,66,21
1986,926,15,40
1987,336,67,56
1988,614,45,61
1989,644,3,18
1990,491,63,7
1991,89,42,58
1992,442,65,49
1993,105,39,16
1994,636,39,22
1995,805,70,32
1996,643,68,24
1997,922,68,19
1998,299,74,61
1999,388,72,59
2000,71,29,19
2001,131,32,21
2002,808,0,40
2003,287,24,29
2004,79,81,56
2005,23,21,48
2006,777,13,15
2007,994,15,57
2008,535,20,28
2009,327,72,33
2010,464,68,47
2011,790,75,61
2012,298,27,43
2013,205,6,48
2014,404,14,21
2015,10,23,32
2016,959,56,36
2017,527,44,12
2018,699,11,13
2019,440,44,33
2020,97,63,27
2021,808,44,61
2022,13,73,3
2023,153,2,30
2024,685,82,27
2025,243,14,14
2026,280,79,24
2027,494,5,13
2028,104,74,62
2029,110,60,44
2030,549,79,12
2031,843,73,48
2032,122,76,44
2033,194,0,37
2034,48,84,57
2035,764,26,30
2036,716,17,5
2037,327,28,58
2038,646,31,53
2039,857,2,17
2040,637,16,44
2041,802,10,56
2042,141,62,45
2043,655,27,53
2044,196,81,62
2045,871,27,27
2046,691,57,42
2047,964,15,15
2048,570,30,19
2049,207,71,3
2050,667,54,63
2051,45,42,30
2052,502,37,30
2053,402,68,60
2054,250,53,25
2055,729,31,11
2056,729,16,29
2057,234,1,41
2058,89,78,58
2059,45,21,12
2060,564,62,11
2061,545,24,3
2062,832,65,35
2063,898,49,22
2064,936,60,63
2065,346,13,24
2066,594,61,59
2067,45,52,46
2068,375,55,41
2069,583,60,33
2070,525,25,33
2071,836,51,25
2072,21,23,62
2073,869,0,61
2074,738,11,12
2075,470,8,37
2076,640,61,34
2077,938,57,45
2078,679,12,23
2079,434,81,44
2080,760,82,50
2081,27,27,36
2082,577,0,32
2083,614,38,4
2084,892,40,10
2085,12,16,12
2086,350,82,16
2087,634,41,54
2088,155,65,37
2089,944,18,20
2090,102,49,16
2091,840,50,31
2092,54,3,6
2093,577,58,36
2094,657,9,17
2095,230,42,7
2096,993,1,27
2097,187,32,9
2098,561,16,62
2099,489,51,34
2100,554,27,22
2101,631,11,54
2102,259,54,32
2103,756,52,13
2104,693,48,59
2105,807,9,53
2106,920,28,29
2107,23,82,19
2108,52,57,7
2109,686,51,11
2110,62,16,9
2111,235,78,50
2112,287,51,43
2113,91,63,15
2114,316,67,34
2115,500,61,48
2116,358,60,60
2117,240,62,28
2118,779,23,1
2119,129,50,14
2120,937,76,24
2121,304,22,42
2122,717,66,39
2123,582,41,16
2124,474,48,10
2125,401,54,33
2126,945,59,32
2127,98,63,26
2128,397,57,27
2129,756,12,31
2130,663,66,6
2131,23,31,34
2132,466,48,44
2133,603,41,2
2134,540,21,45
2135,617,36,42
2136,50,53,42
2137,701,15,8
2138,648,3,24
2139,239,76,31
2140,511,70,36
2141,228,3,47
2142,272,35,49
2143,283,7,21
2144,54,23,38
2145,196,25,8
2146,265,71,40
2147,618,11,3
2148,495,33,52
2149,377,77,58
2150,42,64,38
2151,130,28,10
2152,297,34,15
2153,906,63,30
2154,244,71,3
2155,430,64,6
2156,922,53,8
2157,960,13,40
2158,345,49,61
2159,826,5,35
2160,157,64,54
2161,354,78,60
2162,143,79,21
2163,638,72,45
2164,792,55,5
2165,144,6,10
2166,664,48,34
2167,399,62,52
2168,403,64,11
2169,970,14,58
2170,43,72,31
2171,780,13,34
2172,760,50,43
2173,958,49,45
2174,305,60,62
2175,558,21,2
2176,559,84,60
2177,926,64,21
2178,276,16,16
2179,455,57,29
2180,192,9,57
2181,527,63,8
2182,943,34,17
2183,736,84,35
2184,810,20,26
2185,410,42,59
2186,668,1,11
2187,802,76,18
2188,475,27,53
2189,385,28,48
2190,3,44,39
2191,191,53,14
2192,950,5,30
2193,127,22,46
2194,358,7,41
2195,434,13,16
2196,204,5,45
2197,977,73,33
2198,857,67,30
2199,894,8,46
2200,408,81,10
2201,441,16,16
2202,477,83,30
2203,923,34,33
2204,439,3,3
2205,331,51,4
2206,508,71,33
2207,175,63,25
2208,611,46,61
2209,91,39,32
2210,422,56,26
2211,442,64,36
2212,382,40,7
2213,184,19,14
2214,584,0,28
2215,391,45,10
2216,718,27,17
2217,880,74,59
2218,30,49,27
2219,995,22,33
2220,158,63,61
2221,226,4,24
2222,685,67,57
2223,190,45,2
2224,513,4,29
2225,717,34,48
2226,882,64,13
2227,915,13,30
2228,442,83,5
2229,22,84,27
2230,196,68,19
2231,372,73,51
2232,694,29,8
2233,287,63,44
2234,128,38,3
2235,952,84,9
2236,145,82,3
2237,511,61,15
2238,576,84,7
2239,303,70,40
2240,781,58,15
2241,433,19,22
2242,50,60,33
2243,15,51,52
2244,862,10,30
2245,471,66,54
2246,288,50,9
2247,680,33,35
2248,525,45,1
2249,205,9,55
2250,66,75,40
2251,265,49,18
2252,379,20,9
2253,444,56,5
2254,298,32,7
2255,805,79,41
2256,33,62,28
2257,863,1,44
2258,562,37,53
2259,570,83,56
2260,260,53,18
2261,829,14,20
2262,351,39,48
2263,816,72,45
2264,566,7,52
2265,24,8,8
2266,845,76,47
2267,173,35,41
2268,872,33,4
2269,164,69,7
2270,407,44,22
2271,383,14,63
2272,522,84,25
2273,579,16,6
2274,920,31,50
2275,53,11,1
2276,152,22,39
2277,802,29,42
2278,736,65,43
2279,480,5,44
2280,236,29,31
2281,71,41,46
2282,303,47,39
2283,960,68,18
2284,836,74,52
2285,229,13,15
2286,295,49,14
2287,420,32,13
2288,817,5,53
2289,47,4,58
2290,384,69,22
2291,735,41,23
2292,632,61,16
2293,73,40,47
2294,577,7,33
2295,709,55,27
2296,492,21,34
2297,122,67,37
2298,124,58,8
2299,368,27,18
2300,17,0,4
2301,183,22,54
2302,894,63,36
2303,673,81,38
2304,154,4,2
2305,904,35,38
2306,327,56,20
2307,927,5,51
2308,504,38,40
2309,146,7,33
2310,332,45,6
2311,649,12,51
2312,520,76,26
2313,247,70,29
2314,141,64,14
2315,685,44,31
2316,163,68,31
2317,518,14,26
2318,520,42,26
2319,337,72,18
2320,369,65,62
2321,998,5,50
2322,959,20,2
2323,235,83,59
2324,548,24,14
2325,177,60,25
2326,831,78,54
2327,353,12,8
2328,866,58,45
2329,843,61,48
2330,653,49,34
2331,663,63,5
2332,407,83,11
2333,428,3,22
2334,101,72,15
2335,932,40,50
2336,120,70,35
2337,49,4,55
2338,291,19,32
2339,351,67,5
2340,724,26,6
2341,95,28,36
2342,111,84,23
2343,644,58,50
2344,940,20,22
2345,493,76,13
2346,634,16,53
2347,582,76,46
2348,150,16,15
2349,913,6,47
2350,207,32,34
2351,401,73,35
2352,196,50,38
2353,901,68,40
2354,399,39,38
2355,589,31,43
2356,351,19,17
2357,163,37,12
2358,81,13,33
2359,619,5,61
2360,323,32,16
2361,141,14,58
2362,791,16,61
2363,624,36,33
2364,474,34,60
2365,737,39,30
2366,49,49,51
2367,529,48,33
2368,225,84,26
2369,780,4,63
2370,191,47,17
2371,886,24,21
2372,311,50,45
2373,576,80,50
2374,324,45,20
2375,846,51,39
2376,987,47,54
2377,28,47,54
2378,901,44,21
2379,107,53,30
2380,911,80,61
2381,519,72,21
2382,332,17,8
2383,896,49,57
2384,463,67,18
2385,80,24,53
2386,687,81,16
2387,337,0,45
2388,488,75,30
2389,574,63,1
2390,916,56,14
2391,837,84,25
2392,829,35,24
2393,332,52,8
2394,23,45,7
2395,673,4,18
2396,721,12,6
2397,568,33,22
2398,742,31,33
2399,821,46,3
2400,934,41,52
2401,273,19,11
2402,425,47,19
2403,350,48,59
2404,325,58,55
2405,675,80,22
2406,596,37,2
2407,723,61,42
2408,787,29,10
2409,336,71,52
2410,180,70,4
2411,231,19,52
2412,358,75,24
2413,892,1,54
2414,729,16,9
2415,331,57,30
2416,130,22,45
2417,163,76,63
2418,766,7,7
2419,76,17,29
2420,368,83,3
2421,559,8,5
2422,483,2,60
2423,970,59,62
2424,703,17,18
2425,55,50,58
2426,348,34,12
2427,4,23,5
2428,592,8,62
2429,556,20,22
2430,364,63,14
2431,7,6,23
2432,403,38,61
2433,682,80,17
2434,841,9,10
2435,259,53,34
2436,260,80,45
2437,789,84,44
2438,570,82,6
2439,739,62,4
2440,281,52,24
2441,726,38,6
2442,656,38,63
2443,429,84,28
2444,288,51,16
2445,610,40,35
2446,76,21,51
2447,169,16,44
2448,401,60,12
2449,187,74,26
2450,306,74,45
2451,772,16,14
2452,849,78,56
2453,314,9,45
2454,841,36,40
2455,132,7,55
2456,241,58,24
2457,516,8,17
2458,664,8,40
2459,924,67,27
2460,203,77,63
2461,865,15,35
2462,267,58,24
2463,812,73,32
2464,181,55,8
2465,919,56,25
2466,932,2,53
2467,183,14,12
2468,461,8,5
2469,686,63,38
2470,245,31,48
2471,770,5,58
2472,338,23,14
2473,604,39,33
2474,702,51,20
2475,566,27,47
2476,509,48,24
2477,256,8,1
2478,677,50,16
2479,174,65,17
2480,933,41,32
2481,259,10,38
2482,628,29,46
2483,887,7,52
2484,701,38,32
2485,911,30,26
2486,648,34,23
2487,503,64,47
2488,345,42,45
2489,837,21,60
2490,903,23,49
2491,96,84,17
2492,282,6,53
2493,725,59,61
2494,590,19,2
2495,56,70,11
2496,394,54,50
2497,887,58,42
2498,71,13,61
2499,756,51,45
2500,277,25,31
2501,228,51,2
2502,732,4,14
2503,124,78,17
2504,361,57,39
2505,792,77,39
2506,37,37,57
2507,549,71,58
2508,287,58,39
2509,279,48,9
2510,700,64,53
2511,129,62,8
2512,177,8,38
2513,823,16,62
2514,305,52,5
2515,971,25,20
2516,85,51,10
2517,292,36,55
2518,448,44,15
2519,249,32,58
2520,884,21,54
2521,902,76,48
2522,103,27,59
2523,120,6,9
2524,973,30,22
2525,956,76,36
2526,124,42,57
2527,869,68,10
2528,430,43,60
2529,229,63,14
2530,373,11,41
2531,435,82,47
2532,698,71,31
2533,837,25,4
2534,32,65,47
2535,938,35,7
2536,52,13,48
2537,56,78,36
2538,204,47,29
2539,780,62,61
2540,64,45,16
2541,459,16,5
2542,388,39,39
2543,731,77,23
2544,311,63,22
2545,432,6,38
2546,767,14,22
2547,698,54,48
2548,219,34,40
2549,778,84,16
2550,327,64,30
2551,46,82,7
2552,540,44,56
2553,262,62,48
2554,979,57,51
2555,17,60,23
2556,682,62,60
2557,97,61,34
2558,131,84,8
2559,213,3,47
2560,274,9,32
2561,983,72,6
2562,830,18,13
2563,514,4,19
2564,518,54,25
2565,577,65,18
2566,630,28,1
2567,726,42,20
2568,274,57,47
2569,477,36,49
2570,465,41,19
2571,303,33,38
2572,801,70,45
2573,993,20,13
2574,314,47,30
2575,722,0,51
2576,1,56,50
2577,269,17,47
2578,223,62,22
2579,433,15,16
2580,324,2,42
2581,279,1,3
2582,990,11,28
2583,350,75,47
2584,618,43,42
2585,126,57,63
2586,594,7,2
2587,350,83,49
2588,843,47,40
2589,907,70,51
2590,403,25,60
2591,956,8,35
2592,899,48,44
2593,414,77,36
2594,14,14,27
2595,568,42,42
2596,4,55,35
2597,952,81,1
2598,489,78,24
2599,889,59,21
2600,331,19,38
2601,280,84,32
2602,38,32,35
2603,110,17,29
2604,840,17,26
2605,188,79,56
2606,228,74,39
2607,312,18,24
2608,710,11,61
2609,347,31,40
2610,952,51,40
2611,904,30,38
2612,130,55,40
2613,619,51,4
2614,72,10,43
2615,459,59,7
2616,200,1,21
2617,946,55,22
2618,692,6,56
2619,634,72,37
2620,677,25,13
2621,224,18,41
2622,230,18,29
2623,945,28,22
2624,782,42,50
2625,106,30,17
2626,836,76,23
2627,327,23,41
2628,180,80,6
2629,938,25,4
2630,785,46,53
2631,108,34,63
2632,834,73,1
2633,999,67,25
2634,418,75,40
2635,930,30,4
2636,369,10,36
2637,666,46,47
2638,486,72,60
2639,184,14,7
2640,812,31,55
2641,319,45,48
2642,962,45,25
2643,518,44,23
2644,310,48,45
2645,760,27,5
2646,328,82,37
2647,212,45,34
2648,61,55,16
2649,216,75,36
2650,12,8,3
2651,127,7,55
2652,782,45,41
2653,856,58,51
2654,995,29,41
2655,630,43,62
2656,864,2,2
2657,886,25,9
2658,21,51,58
2659,800,73,31
2660,809,31,52
2661,888,57,47
2662,441,56,15
2663,356,58,16
2664,632,2,14
2665,686,6,44
2666,800,57,48
2667,694,37,57
2668,680,34,54
2669,949,78,37
2670,35,14,11
2671,749,41,27
2672,763,78,8
2673,685,0,37
2674,89,21,15
2675,580,19,42
2676,973,63,63
2677,892,66,49
2678,604,73,35
2679,168,53,33
2680,449,39,14
2681,513,82,45
2682,486,19,50
2683,151,65,6
2684,713,23,24
2685,520,49,19
2686,849,17,50
2687,266,55,57
2688,306,20,47
2689,691,48,11
2690,222,83,44
2691,707,30,4
2692,386,72,4
2693,50,12,50
2694,702,35,37
2695,30,14,33
2696,15,84,24
2697,513,47,53
2698,512,24,47
2699,396,49,59
2700,113,73,1
2701,401,24,5
2702,656,71,35
2703,993,80,32
2704,448,9,32
2705,404,48,49
2706,848,5,60
2707,698,27,62
2708,900,53,38
2709,705,70,27
2710,338,4,52
2711,541,64,4
2712,532,76,53
2713,795,61,53
2714,480,83,13
2715,5,38,15
2716,184,60,13
2717,217,82,59
2718,75,31,16
2719,413,13,54
2720,571,75,59
2721,122,2,9
2722,125,80,29
2723,964,84,62
2724,40,26,29
2725,408,25,25
2726,96,53,24
2727,119,66,44
2728,341,27,15
2729,921,45,39
2730,310,40,51
2731,916,44,51
2732,843,38,41
2733,746,51,59
2734,323,77,6
2735,667,41,41
2736,535,76,25
2737,773,59,12
2738,430,59,62
2739,406,1,25
2740,405,40,51
2741,468,52,1
2742,784,59,5
2743,235,52,50
2744,967,49,62
2745,461,5,55
2746,71,44,39
2747,982,13,26
2748,761,38,9
2749,482,20,3
2750,911,17,61
2751,969,59,48
2752,74,22,37
2753,54,28,54
2754,520,35,34
2755,567,25,4
2756,899,22,48
2757,315,38,4
2758,932,53,38
2759,738,52,38
2760,358,37,41
2761,101,47,32
2762,881,0,62
2763,540,60,41
2764,529,24,30
2765,816,52,33
2766,69,61,23
2767,822,82,30
2768,550,48,57
2769,331,60,43
2770,922,35,10
2771,433,55,8
2772,978,2,35
2773,692,63,32
2774,810,36,46
2775,298,12,13
2776,968,80,47
2777,891,73,61
2778,399,47,13
2779,900,39,41
2780,229,28,16
2781,998,30,63
2782,473,19,40
2783,429,60,45
2784,273,12,4
2785,170,36,11
2786,40,74,6
2787,485,61,33
2788,115,36,34
2789,565,10,44
2790,573,35,37
2791,847,63,51
2792,137,12,56
2793,673,10,47
2794,348,32,63
2795,42,59,9
2796,569,15,42
2797,999,5,54
2798,153,66,13
2799,931,36,37
2800,663,15,43
2801,976,81,38
2802,948,77,31
2803,262,47,55
2804,608,11,14
2805,796,7,18
2806,475,3,14
2807,966,36,45
2808,509,10,47
2809,152,15,31
2810,497,5,37
2811,124,50,14
2812,32,9,25
2813,339,72,48
2814,179,44,62
2815,824,21,4
2816,794,41,10
2817,130,48,22
2818,316,61,8
2819,819,74,3
2820,554,55,45
2821,447,81,49
2822,991,2,59
2823,26,42,8
2824,874,1,62
2825,233,36,35
2826,496,36,60
2827,233,61,47
2828,793,71,53
2829,328,6,25
2830,121,30,60
2831,834,71,11
2832,794,83,43
2833,949,15,57
2834,263,43,43
2835,991,50,15
2836,281,1,53
2837,959,68,43
2838,990,32,29
2839,235,74,52
2840,844,82,24
2841,313,60,38
2842,471,59,44
2843,347,44,4
2844,281,46,25
2845,451,23,40
2846,384,84,53
2847,226,54,7
2848,401,26,51
2849,930,17,1
2850,631,60,49
2851,408,39,50
2852,709,36,47
2853,522,53,36
2854,578,45,26
2855,398,58,11
2856,213,83,26
2857,519,73,2
2858,252,4,49
2859,500,30,27
2860,646,75,23
2861,108,83,29
2862,422,81,61
2863,382,24,30
2864,936,57,55
2865,346,51,51
2866,306,58,32
2867,98,78,47
2868,679,9,18
2869,391,10,28
2870,172,70,7
2871,513,17,37
2872,78,80,29
2873,690,21,25
2874,47,11,29
2875,782,53,58
2876,992,44,31
2877,118,66,59
2878,33,46,20
2879,488,11,29
2880,414,19,21
2881,793,46,44
2882,679,3,19
2883,486,55,53
2884,382,83,57
2885,297,49,54
2886,628,11,51
2887,587,50,11
2888,396,29,61
2889,306,79,58
2890,464,17,28
2891,219,46,52
2892,679,37,34
2893,265,27,35
2894,357,40,19
2895,890,6,39
2896,914,18,19
2897,382,6,53
2898,743,48,56
2899,675,68,49
2900,272,33,57
2901,353,56,22
2902,430,27,41
2903,933,26,20
2904,902,32,42
2905,385,13,7
2906,811,67,37
2907,226,23,36
2908,397,33,56
2909,708,14,57
2910,997,21,63
2911,383,28,30
2912,306,83,63
2913,795,17,53
2914,689,13,50
2915,367,70,49
2916,127,25,37
2917,946,57,5
2918,764,49,19
2919,974,28,17
2920,235,74,55
2921,656,34,30
2922,513,39,59
2923,780,83,44
2924,425,66,21
2925,804,70,7
2926,807,16,38
2927,346,48,7
2928,156,46,26
2929,979,57,23
2930,842,21,46
2931,367,13,24
2932,556,48,43
2933,838,67,14
2934,201,54,18
2935,843,82,33
2936,851,80,2
2937,685,31,21
2938,921,41,63
2939,308,17,59
2940,553,58,61
2941,4,14,6
2942,45,0,48
2943,331,54,58
2944,658,67,24
2945,362,51,58
2946,160,76,16
2947,532,40,62
2948,774,42,7
2949,297,46,59
2950,780,80,44
2951,455,49,16
2952,331,70,5
2953,568,12,6
2954,2,45,55
2955,704,63,51
2956,831,52,61
2957,541,70,59
2958,474,38,49
2959,843,45,58
2960,274,61,39
2961,608,65,37
2962,564,71,12
2963,696,40,5
2964,195,41,28
2965,261,42,36
2966,88,39,59
2967,879,29,37
2968,965,0,47
2969,970,77,29
2970,554,66,39
2971,269,65,10
2972,469,5,5
2973,552,13,10
2974,847,14,17
2975,364,35,50
2976,464,39,36
2977,658,19,59
2978,830,15,49
2979,401,70,10
2980,18,15,1
2981,814,18,2
2982,538,84,23
2983,225,70,11
2984,794,73,30
2985,895,53,7
2986,935,73,55
2987,745,57,47
2988,864,77,37
2989,470,84,12
2990,53,38,27
2991,240,1,56
2992,989,80,9
2993,863,6,21
2994,263,75,29
2995,30,71,1
2996,481,81,33
2997,351,15,58
2998,223,30,46
2999,61,41,46
3000,185,83,21
3001,150,9,11
3002,576,12,21
3003,930,12,57
3004,117,64,62
3005,981,55,54
3006,591,20,16
3007,408,82,48
3008,91,7,19
3009,173,64,36
3010,406,68,46
3011,808,78,48
3012,191,68,45
3013,444,79,58
3014,144,12,31
3015,84,25,58
3016,511,0,15
3017,710,52,19
3018,427,70,52
3019,875,44,24
3020,525,60,8
3021,780,27,27
3022,879,32,15
3023,515,70,37
3024,846,64,54
3025,838,44,28
3026,872,41,21
3027,428,8,2
3028,857,1,29
3029,436,7,17
3030,523,26,14
3031,5,12,35
3032,680,18,27
3033,475,12,8
3034,319,8,33
3035,33,67,37
3036,597,76,7
3037,953,53,23
3038,157,81,4
3039,2,39,34
3040,662,76,19
3041,542,5,63
3042,153,74,27
3043,981,53,16
3044,822,63,23
3045,818,76,15
3046,406,29,46
3047,744,52,4
3048,596,25,33
3049,390,61,57
3050,351,78,35
3051,355,6,39
3052,182,44,28
3053,414,51,16
3054,214,14,39
3055,426,39,21
3056,945,84,50
3057,290,64,21
3058,593,72,58
3059,357,66,63
3060,370,53,51
3061,506,17,37
3062,769,56,50
3063,486,16,53
3064,483,39,55
3065,430,47,26
3066,361,21,61
3067,871,38,44
3068,265,65,55
3069,347,56,35
3070,822,7,19
3071,1,79,21
3072,128,22,41
3073,356,79,42
3074,17,48,36
3075,933,77,45
3076,273,29,18
3077,147,19,1
3078,593,13,57
3079,263,36,31
3080,194,23,42
3081,440,50,59
3082,355,39,55
3083,474,76,59
3084,857,42,19
3085,421,37,38
3086,593,56,10
3087,316,57,43
3088,584,61,35
3089,637,13,35
3090,535,63,46
3091,943,9,53
3092,422,81,29
3093,740,79,17
3094,382,62,9
3095,182,27,58
3096,921,64,61
3097,960,66,15
3098,873,71,26
3099,867,59,22
3100,344,43,31
3101,127,30,12
3102,566,13,43
3103,142,57,37
3104,560,70,37
3105,486,16,13
3106,556,14,7
3107,43,50,34
3108,92,17,33
3109,647,55,56
3110,323,31,9
3111,313,9,55
3112,759,81,63
3113,16,32,22
3114,557,64,53
3115,590,6,44
3116,535,67,36
3117,689,46,36
3118,15,2,20
3119,447,80,26
3120,325,83,22
3121,480,72,54
3122,910,15,48
3123,683,35,32
3124,890,41,21
3125,913,10,19
3126,637,11,25
3127,277,25,30
3128,850,31,48
3129,876,59,44
3130,924,83,36
3131,338,20,53
3132,244,69,41
3133,263,73,44
3134,537,47,31
3135,625,62,40
3136,365,48,20
3137,663,61,37
3138,211,26,61
3139,154,43,63
3140,436,83,32
3141,83,50,40
3142,407,80,12
3143,166,42,10
3144,727,54,59
3145,294,8,17
3146,808,39,55
3147,156,2,20
3148,25,69,7
3149,783,72,32
3150,522,8,59
3151,624,42,44
3152,864,79,36
3153,207,4,23
3154,983,23,31
3155,434,6,17
3156,471,6,61
3157,84,33,59
3158,900,69,42
3159,417,61,56
3160,862,25,15
3161,862,43,17
3162,402,9,48
3163,77,75,26
3164,501,60,48
3165,860,10,22
3166,481,72,51
3167,24,82,22
3168,857,16,35
3169,540,27,25
3170,524,30,52
3171,300,66,21
3172,247,57,31
3173,474,40,28
3174,148,16,22
3175,347,37,8
3176,13,27,1
3177,304,67,54
3178,433,75,60
3179,71,35,25
3180,352,60,41
3181,447,75,36
3182,682,78,55
3183,921,63,5
3184,370,78,32
3185,69,59,42
3186,745,56,47
3187,926,32,47
3188,695,61,34
3189,950,43,49
3190,459,39,23
3191,732,75,28
3192,334,23,18
3193,17,63,40
3194,153,15,57
3195,948,23,49
3196,611,54,38
3197,272,12,13
3198,305,21,52
3199,270,12,4
3200,708,55,18
3201,141,54,16
3202,869,74,20
3203,194,45,56
3204,237,7,23
3205,499,61,7
3206,677,74,16
3207,135,30,43
3208,474,81,20
3209,180,47,2
3210,677,49,11
3211,611,19,27
3212,132,74,20
3213,922,37,44
3214,253,14,39
3215,493,39,37
3216,416,2,12
3217,61,1,14
3218,410,26,26
3219,157,11,13
3220,251,39,24
3221,150,24,18
3222,939,40,20
3223,653,69,45
3224,606,3,9
3225,653,27,26
3226,93,37,22
3227,538,2,32
3228,609,18,5
3229,964,21,54
3230,223,66,57
3231,741,38,29
3232,11,33,52
3233,253,40,14
3234,307,20,35
3235,762,64,10
3236,116,64,7
3237,397,8,41
3238,91,53,26
3239,672,68,46
3240,671,15,33
3241,764,71,1
3242,561,83,37
3243,546,0,35
3244,639,71,35
3245,446,12,14
3246,162,74,7
3247,850,47,24
3248,571,18,13
3249,438,54,3
3250,958,82,2
3251,29,55,33
3252,506,41,52
3253,973,36,10
3254,788,24,20
3255,204,51,19
3256,576,59,34
3257,349,44,23
3258,60,49,17
3259,669,8,16
3260,492,27,7
3261,103,46,48
3262,889,16,40
3263,566,55,30
3264,34,78,34
3265,950,18,22
3266,723,25,1
3267,525,78,37
3268,48,14,48
3269,85,57,55
3270,309,21,40
3271,390,48,35
3272,92,38,40
3273,326,34,27
3274,287,77,31
3275,964,26,18
3276,154,20,5
3277,19,50,57
3278,408,34,8
3279,244,33,57
3280,315,59,20
3281,578,23,20
3282,63,66,29
3283,977,17,32
3284,942,80,39
3285,97,25,2
3286,645,73,2
3287,865,29,10
3288,105,21,48
3289,72,56,3
3290,491,57,15
3291,148,10,25
3292,851,44,21
3293,487,5,37
3294,974,34,42
3295,641,80,2
3296,493,77,5
3297,900,6,44
3298,740,31,33
3299,58,79,16
3300,644,39,45
3301,102,59,30
3302,526,16,8
3303,6,34,14
3304,572,62,14
3305,158,49,34
3306,79,21,27
3307,840,40,60
3308,461,71,62
3309,700,21,40
3310,152,49,45
3311,132,3,35
3312,217,33,31
3313,173,35,59
3314,625,68,22
3315,217,0,23
3316,47,68,61
3317,759,4,10
3318,570,51,4
3319,583,17,31
3320,223,44,26
3321,980,17,4
3322,1000,76,53
3323,839,50,63
3324,981,74,9
3325,401,53,56
3326,89,24,14
3327,891,65,11
3328,353,54,31
3329,918,63,39
3330,997,3,50
3331,880,82,43
3332,21,18,48
3333,297,41,3
3334,65,14,55
3335,544,84,19
3336,595,44,56
3337,296,44,4
3338,486,81,46
3339,978,56,55
3340,175,32,6
3341,875,58,5
3342,915,53,21
3343,863,6,21
3344,892,80,62
3345,977,45,40
3346,687,29,38
3347,716,14,53
3348,528,46,31
3349,338,51,40
3350,434,45,43
3351,390,71,2
3352,481,63,48
3353,763,10,42
3354,721,48,42
3355,688,81,58
3356,416,77,15
3357,993,60,54
3358,662,52,54
3359,423,21,48
3360,544,32,10
3361,727,1,48
3362,497,54,20
3363,228,81,34
3364,566,38,24
3365,225,67,48
3366,450,82,55
3367,485,41,41
3368,975,33,5
3369,407,10,58
3370,110,70,60
3371,610,33,20
3372,782,42,2
3373,891,21,24
3374,153,61,45
3375,811,72,61
3376,488,57,46
3377,926,1,36
3378,138,45,21
3379,353,24,28
3380,262,73,33
3381,298,25,15
3382,203,78,39
3383,456,40,25
3384,821,50,12
3385,720,70,45
3386,490,54,50
3387,600,79,46
3388,692,36,17
3389,779,61,19
3390,931,4,34
3391,748,69,5
3392,603,1,45
3393,345,23,45
3394,905,5,35
3395,848,70,42
3396,47,71,46
3397,7,5,37
3398,156,84,56
3399,525,42,46
3400,815,60,58
3401,193,37,28
3402,916,49,35
3403,117,10,17
3404,391,26,60
3405,889,73,16
3406,775,12,9
3407,534,68,21
3408,93,31,25
3409,941,72,39
3410,781,46,24
3411,876,69,11
3412,227,36,16
3413,684,28,12
3414,407,40,23
3415,215,38,56
3416,828,49,30
3417,439,43,59
3418,647,55,55
3419,497,80,37
3420,62,51,21
3421,329,13,41
3422,693,80,38
3423,460,80,53
3424,622,81,5
3425,787,45,52
3426,450,84,48
3427,363,14,35
3428,531,53,47
3429,462,29,17
3430,680,27,50
3431,351,22,14
3432,317,51,59
3433,196,35,32
3434,105,26,7
3435,82,7,45
3436,71,8,33
3437,495,42,40
3438,887,49,26
3439,340,60,12
3440,145,19,38
3441,83,15,60
3442,381,73,25
3443,267,60,9
3444,71,4,27
3445,255,72,32
3446,330,4,16
3447,827,64,12
3448,183,80,9
3449,397,66,61
3450,669,17,15
3451,356,26,13
3452,842,22,32
3453,819,83,44
3454,746,35,38
3455,596,1,18
3456,803,71,30
3457,872,72,61
3458,462,61,13
3459,807,7,62
3460,719,22,29
3461,877,49,32
3462,633,25,16
3463,653,0,40
3464,134,10,9
3465,530,37,49
3466,276,46,22
3467,793,2,17
3468,872,34,12
3469,455,62,30
3470,178,62,19
3471,593,10,14
3472,77,7,9
3473,715,82,28
3474,773,82,14
3475,673,53,54
3476,669,68,55
3477,444,45,31
3478,470,48,55
3479,283,73,6
3480,981,57,11
3481,530,19,17
3482,339,70,36
3483,251,61,35
3484,82,33,56
3485,931,62,10
3486,391,66,40
3487,618,29,47
3488,482,65,28
3489,445,24,57
3490,369,40,6
3491,268,6,27
3492,74,56,25
3493,68,46,17
3494,606,18,38
3495,821,23,35
3496,243,13,53
3497,202,35,53
3498,138,48,45
3499,923,44,46
3500,363,42,19
3501,988,19,44
3502,37,28,6
3503,938,32,39
3504,406,73,45
3505,917,18,32
3506,438,7,55
3507,342,65,46
3508,72,68,27
3509,97,62,58
3510,404,80,14
3511,269,7,31
3512,277,75,61
3513,767,57,13
3514,988,15,46
3515,374,23,22
3516,855,60,14
3517,469,63,57
3518,186,61,11
3519,487,34,25
3520,167,8,30
3521,946,63,31
3522,740,80,54
3523,974,28,59
3524,716,82,61
3525,922,5,35
3526,414,31,13
3527,434,4,47
3528,534,45,61
3529,852,31,38
3530,662,49,20
3531,32,14,27
3532,243,74,34
3533,685,42,47
3534,998,79,39
3535,588,3,52
3536,19,1,54
3537,784,39,36
3538,872,12,40
3539,58,73,33
3540,790,72,3
3541,121,3,31
3542,670,42,18
3543,66,53,22
3544,427,50,57
3545,740,47,41
3546,378,67,56
3547,899,0,50
3548,419,78,18
3549,125,22,31
3550,853,37,49
3551,771,44,41
3552,823,23,31
3553,101,10,15
3554,578,76,47
3555,970,5,59
3556,902,14,22
3557,436,49,9
3558,4,72,1
3559,491,43,62
3560,397,36,35
3561,87,13,5
3562,592,75,59
3563,155,82,41
3564,811,76,62
3565,909,53,28
3566,685,14,53
3567,861,46,1
3568,219,19,31
3569,630,30,54
3570,856,23,42
3571,334,30,57
3572,888,51,3
3573,187,2,21
3574,296,22,6
3575,993,76,13
3576,17,82,17
3577,745,67,9
3578,427,72,38
3579,834,7,59
3580,89,62,35
3581,397,63,15
3582,528,52,39
3583,304,54,10
3584,881,34,7
3585,132,69,8
3586,84,35,10
3587,285,75,32
3588,874,23,17
3589,503,38,30
3590,662,78,2
3591,452,9,29
3592,958,56,50
3593,421,81,63
3594,347,81,41
3595,545,5,42
3596,628,33,32
3597,576,9,62
3598,954,22,2
3599,980,50,9
3600,634,78,8
3601,773,46,40
3602,730,69,35
3603,97,69,56
3604,59,50,58
3605,913,76,45
3606,651,53,32
3607,290,21,31
3608,925,4,50
3609,336,75,62
3610,356,29,1
3611,424,11,22
3612,288,43,15
3613,476,6,16
3614,643,39,35
3615,668,49,17
3616,683,19,26
3617,771,70,12
3618,920,22,6
3619,651,67,19
3620,468,32,23
3621,735,37,13
3622,551,50,16
3623,579,82,21
3624,886,46,23
3625,170,23,63
3626,328,17,54
3627,635,19,26
3628,369,38,42
3629,133,11,36
3630,258,73,17
3631,728,4,53
3632,317,64,56
3633,754,24,60
3634,487,81,59
3635,279,73,41
3636,689,32,54
3637,721,13,62
3638,664,37,34
3639,145,64,14
3640,149,43,1
3641,383,46,58
3642,269,82,15
3643,447,68,12
3644,392,9,1
3645,99,29,14
3646,939,8,6
3647,889,48,62
3648,423,8,6
3649,461,38,28
3650,357,33,21
3651,578,70,7
3652,858,15,57
3653,100,46,61
3654,881,75,37
3655,790,20,7
3656,998,33,34
3657,535,46,39
3658,683,79,51
3659,516,41,43
3660,813,30,52
3661,183,74,29
3662,707,52,22
3663,700,68,25
3664,916,20,33
3665,841,74,39
3666,810,48,20
3667,455,17,31
3668,201,37,5
3669,62,17,40
3670,831,64,16
3671,360,8,61
3672,680,66,40
3673,115,65,30
3674,406,30,40
3675,297,13,6
3676,590,42,3
3677,872,84,40
3678,31,16,45
3679,192,17,28
3680,465,39,12
3681,558,73,19
3682,401,20,53
3683,554,64,40
3684,414,39,44
3685,915,62,31
3686,848,26,9
3687,210,8,12
3688,886,10,13
3689,559,68,60
3690,96,13,6
3691,957,0,29
3692,28,62,30
3693,664,81,27
3694,268,81,46
3695,754,82,56
3696,315,75,30
3697,408,64,49
3698,841,24,17
3699,516,34,2
3700,496,69,40
3701,609,65,18
3702,568,72,61
3703,404,73,18
3704,879,47,43
3705,102,25,49
3706,665,61,40
3707,862,28,16
3708,563,10,18
3709,800,23,23
3710,467,40,56
3711,677,15,6
3712,987,23,12
3713,502,38,1
3714,775,84,11
3715,571,70,20
3716,157,17,58
3717,27,78,5
3718,392,5,63
3719,487,21,54
3720,872,67,34
3721,640,28,8
3722,749,32,5
3723,929,55,52
3724,140,52,50
3725,705,17,40
3726,25,75,17
3727,118,47,6
3728,391,38,56
3729,685,29,54
3730,867,55,3
3731,136,57,1
3732,101,57,4
3733,680,0,7
3734,630,44,26
3735,829,23,40
3736,379,4,36
3737,647,48,48
3738,496,13,33
3739,135,38,2
3740,419,16,42
3741,111,74,18
3742,239,56,60
3743,788,70,53
3744,965,27,58
3745,192,10,24
3746,96,48,27
3747,480,72,63
3748,371,32,8
3749,512,18,49
3750,37,51,50
3751,170,72,43
3752,902,22,32
3753,629,19,19
3754,983,76,56
3755,751,74,62
3756,989,74,16
3757,721,65,54
3758,416,10,59
3759,817,73,17
3760,255,30,49
3761,302,61,26
3762,445,55,14
3763,784,68,14
3764,999,58,33
3765,422,68,29
3766,531,37,42
3767,56,9,44
3768,642,77,15
3769,138,83,52
3770,676,64,27
3771,28,38,46
3772,304,34,60
3773,742,68,2
3774,130,38,47
3775,135,14,4
3776,950,7,17
3777,22,64,49
3778,181,2,37
3779,445,24,48
3780,678,62,4
3781,268,81,20
3782,737,70,8
3783,985,6,59
3784,994,37,5
3785,746,69,23
3786,344,5,49
3787,775,6,35
3788,761,8,33
3789,69,23,35
3790,219,37,61
3791,114,82,27
3792,406,5,24
3793,245,31,59
3794,62,60,23
3795,559,62,4
3796,806,65,34
3797,36,20,28
3798,306,20,27
3799,960,16,47
3800,783,4,9
3801,156,7,5
3802,105,20,14
3803,286,76,30
3804,88,75,53
3805,345,53,5
3806,543,68,10
3807,280,41,25
3808,280,78,31
3809,723,12,2
3810,407,36,44
3811,8,1,38
3812,146,72,2
3813,261,22,63
3814,337,27,32
3815,369,38,37
3816,805,41,34
3817,636,40,10
3818,990,84,1
3819,274,53,35
3820,261,14,23
3821,817,46,22
3822,760,18,58
3823,143,20,24
3824,563,42,45
3825,432,57,11
3826,662,1,54
3827,58,23,15
3828,654,17,51
3829,461,45,56
3830,84,37,19
3831,659,41,7
3832,341,20,22
3833,937,38,14
3834,380,0,12
3835,463,23,1
3836,529,35,52
3837,473,59,43
3838,222,52,1
3839,407,7,17
3840,750,63,27
3841,658,1,9
3842,490,36,4
3843,390,69,6
3844,970,81,19
3845,920,13,5
3846,606,73,5
3847,186,47,44
3848,294,18,10
3849,919,26,26
3850,39,82,2
3851,210,32,23
3852,303,48,44
3853,79,22,61
3854,328,58,31
3855,964,72,60
3856,419,35,32
3857,705,75,63
3858,881,45,39
3859,951,48,8
3860,375,44,27
3861,238,70,50
3862,549,39,18
3863,296,58,15
3864,768,77,55
3865,48,56,22
3866,598,59,44
3867,946,35,42
3868,916,45,60
3869,433,12,34
3870,551,29,42
3871,372,73,46
3872,256,61,54
3873,694,71,5
3874,425,46,32
3875,420,65,24
3876,950,58,47
3877,619,53,42
3878,966,56,52
3879,634,83,21
3880,191,76,41
3881,27,32,46
3882,703,24,62
3883,226,17,3
3884,321,32,56
3885,669,41,58
3886,585,32,4
3887,487,83,53
3888,80,55,14
3889,243,78,47
3890,982,74,36
3891,321,42,5
3892,847,12,4
3893,110,22,45
3894,756,44,18
3895,905,73,40
3896,252,34,5
3897,452,31,19
3898,745,55,60
3899,751,24,60
3900,902,35,55
3901,750,32,19
3902,664,4,59
3903,605,53,43
3904,266,80,35
3905,718,4,2
3906,734,17,28
3907,615,8,36
3908,626,72,61
3909,790,9,28
3910,387,31,21
3911,960,0,14
3912,535,75,54
3913,168,70,11
3914,434,0,15
3915,655,24,56
3916,499,58,1
3917,607,4,39
3918,408,31,37
3919,39,25,4
3920,388,63,49
3921,790,49,14
3922,565,69,32
3923,910,48,38
3924,584,51,14
3925,692,81,40
3926,492,81,28
3927,234,2,45
3928,369,2,45
3929,346,50,23
3930,211,84,36
3931,568,56,12
3932,816,82,30
3933,321,81,24
3934,336,64,33
3935,478,68,27
3936,464,11,7
3937,381,39,61
3938,841,74,36
3939,175,20,52
3940,820,55,10
3941,513,39,59
3942,917,59,21
3943,216,61,13
3944,279,31,42
3945,189,53,61
3946,952,24,62
3947,419,1,43
3948,843,73,39
3949,336,18,26
3950,936,72,4
3951,30,1,21
3952,761,67,27
3953,43,84,51
3954,139,58,4
3955,632,81,27
3956,212,65,29
3957,724,48,41
3958,399,32,41
3959,311,19,13
3960,805,59,37
3961,739,23,24
3962,385,10,44
3963,557,60,4
3964,223,83,50
3965,423,59,23
3966,634,56,13
3967,670,41,26
3968,913,54,59
3969,554,42,15
3970,768,23,12
3971,726,12,56
3972,292,3,15
3973,30,14,39
3974,508,63,10
3975,356,13,31
3976,411,43,38
3977,679,7,29
3978,876,34,45
3979,546,27,62
3980,26,46,36
3981,601,78,38
3982,950,39,23
3983,537,39,13
3984,755,76,61
3985,392,82,39
3986,431,9,39
3987,82,7,22
3988,422,39,32
3989,496,10,40
3990,319,65,60
3991,695,7,2
3992,716,32,15
3993,116,20,13
3994,101,74,3
3995,596,23,29
3996,24,10,50
3997,370,48,16
3998,655,9,14
3999,792,31,39
4000,334,29,40
4001,47,26,29
4002,360,76,58
4003,861,53,16
4004,283,58,6
4005,134,68,32
4006,768,11,2
4007,949,57,15
4008,2,44,33
4009,154,47,41
4010,304,52,31
4011,475,63,42
4012,917,30,46
4013,635,35,3
4014,813,75,50
4015,558,13,56
4016,260,57,59
4017,55,5,36
4018,671,76,3
4019,585,12,56
4020,589,77,43
4021,705,81,21
4022,978,75,56
4023,773,4,34
4024,556,17,31
4025,779,59,46
4026,686,25,42
4027,652,54,9
4028,397,66,19
4029,576,71,24
4030,332,56,60
4031,703,52,43
4032,383,0,57
4033,434,17,35
4034,366,29,58
4035,165,52,62
4036,964,70,18
4037,531,51,50
4038,813,9,44
4039,515,74,35
4040,440,80,57
4041,593,80,20
4042,450,9,23
4043,927,67,51
4044,363,35,43
4045,513,29,44
4046,992,20,47
4047,354,65,51
4048,357,42,20
4049,672,68,25
4050,235,72,55
4051,635,2,25
4052,279,66,17
4053,793,0,21
4054,653,62,10
4055,710,56,10
4056,798,42,2
4057,252,2,28
4058,73,76,31
4059,659,74,29
4060,935,26,45
4061,882,72,13
4062,906,10,34
4063,37,9,39
4064,413,1,62
4065,750,57,33
4066,862,16,12
4067,64,77,16
4068,238,77,28
4069,196,67,30
4070,101,36,51
4071,447,65,25
4072,475,20,30
4073,986,82,27
4074,908,61,62
4075,305,35,51
4076,339,77,38
4077,705,77,3
4078,403,17,61
4079,494,22,38
4080,1,77,26
4081,160,40,11
4082,955,84,15
4083,18,20,59
4084,491,59,31
4085,676,8,8
4086,984,9,57
4087,566,18,53
4088,321,37,24
4089,24,15,61
4090,335,67,63
4091,539,51,13
4092,518,38,43
4093,177,37,1
4094,906,57,45
4095,115,14,50
4096,907,50,45
4097,791,10,42
4098,535,15,56
4099,375,14,49
4100,508,30,50
4101,738,58,48
4102,806,77,62
4103,890,23,63
4104,977,63,12
4105,972,45,33
4106,885,46,49
4107,702,17,32
4108,479,33,53
4109,618,27,39
4110,964,22,30
4111,870,51,47
4112,142,71,37
4113,87,37,12
4114,74,55,32
4115,593,57,63
4116,24,48,47
4117,350,40,41
4118,137,48,32
4119,56,68,44
4120,779,28,10
4121,344,39,56
4122,289,25,3
4123,131,66,21
4124,46,29,45
4125,292,14,55
4126,983,34,37
4127,26,14,34
4128,562,47,26
4129,127,22,2
4130,94,37,12
4131,27,37,40
4132,311,80,3
4133,751,30,31
4134,588,37,54
4135,503,81,22
4136,467,78,30
4137,365,75,58
4138,897,4,12
4139,247,25,9
4140,680,80,18
4141,864,21,7
4142,315,26,18
4143,878,81,24
4144,640,10,34
4145,322,40,19
4146,219,56,39
4147,708,65,13
4148,786,64,46
4149,293,15,41
4150,284,72,39
4151,889,50,49
4152,451,31,59
4153,258,40,12
4154,144,60,49
4155,803,33,26
4156,229,58,56
4157,54,1,51
4158,7,43,41
4159,648,21,53
4160,105,81,20
4161,173,50,20
4162,176,5,25
4163,478,70,38
4164,127,18,23
4165,61,57,36
4166,487,56,33
4167,519,49,42
4168,226,27,59
4169,152,80,29
4170,896,61,23
4171,136,8,55
4172,737,70,7
4173,715,60,15
4174,949,16,43
4175,430,76,57
4176,127,24,15
4177,315,44,14
4178,348,75,7
4179,717,8,36
4180,362,73,18
4181,271,44,50
4182,979,12,56
4183,290,8,30
4184,461,32,45
4185,988,56,21
4186,672,30,46
4187,742,11,45
4188,603,0,10
4189,262,42,40
4190,718,70,58
4191,427,40,24
4192,562,44,20
4193,297,43,4
4194,814,24,10
4195,887,46,60
4196,576,82,62
4197,71,60,48
4198,890,72,58
4199,612,61,21
4200,387,20,30
4201,462,12,44
4202,622,43,51
4203,953,56,59
4204,875,69,16
4205,336,55,29
4206,414,47,24
4207,290,27,17
4208,576,38,20
4209,674,71,40
4210,949,49,47
4211,466,46,57
4212,144,62,56
4213,961,66,36
4214,207,26,22
4215,45,13,60
4216,408,43,40
4217,21,18,5
4218,923,33,63
4219,771,3,31
4220,123,13,13
4221,752,48,63
4222,86,22,14
4223,332,19,13
4224,140,42,62
4225,25,72,38
4226,819,26,3
4227,151,71,18
4228,93,13,2
4229,533,8,12
4230,786,32,3
4231,591,21,3
4232,57,71,56
4233,805,12,17
4234,140,28,13
4235,287,18,56
4236,583,78,47
4237,793,0,7
4238,557,67,19
4239,100,61,37
4240,445,54,33
4241,246,9,54
4242,615,16,27
4243,48,50,11
4244,505,51,37
4245,545,3,1
4246,564,2,26
4247,969,9,21
4248,781,41,53
4249,273,2,58
4250,215,66,3
4251,82,76,26
4252,625,80,58
4253,929,14,53
4254,678,69,19
4255,10,30,20
4256,654,56,26
4257,76,44,41
4258,778,66,18
4259,853,50,22
4260,185,47,1
4261,262,3,18
4262,324,68,12
4263,427,13,38
4264,728,65,48
4265,365,81,50
4266,625,79,39
4267,794,51,57
4268,665,84,46
4269,442,31,28
4270,576,82,32
4271,864,79,31
4272,550,72,10
4273,896,79,58
4274,302,63,60
4275,624,77,48
4276,407,38,22
4277,917,76,7
4278,772,73,20
4279,808,69,50
4280,592,67,26
4281,747,5,16
4282,650,44,39
4283,279,51,29
4284,561,0,36
4285,173,0,15
4286,829,83,44
4287,534,50,25
4288,658,28,58
4289,331,0,34
4290,757,58,36
4291,121,79,62
4292,684,24,3
4293,122,2,58
4294,860,27,13
4295,979,36,37
4296,137,27,55
4297,16,35,39
4298,408,27,45
4299,978,2,59
4300,519,75,39
4301,608,76,16
4302,106,39,21
4303,268,37,58
4304,636,64,60
4305,216,12,23
4306,279,0,54
4307,288,25,52
4308,159,34,19
4309,664,58,39
4310,609,39,34
4311,289,1,28
4312,99,33,34
4313,40,52,31
4314,390,67,44
4315,357,77,44
4316,818,83,47
4317,600,40,33
4318,590,41,24
4319,91,29,18
4320,139,4,41
4321,785,67,7
4322,854,43,34
4323,677,39,2
4324,728,16,27
4325,570,42,62
4326,181,69,12
4327,346,81,55
4328,783,70,41
4329,251,62,12
4330,80,60,28
4331,140,11,61
4332,686,34,62
4333,176,41,51
4334,580,25,17
4335,181,52,25
4336,195,47,27
4337,604,12,17
4338,696,56,42
4339,628,44,58
4340,65,75,41
4341,317,20,22
4342,322,5,26
4343,234,22,25
4344,741,81,45
4345,583,37,4
4346,118,8,6
4347,867,79,34
4348,76,34,55
4349,336,41,33
4350,440,2,42
4351,526,49,62
4352,379,77,30
4353,500,46,44
4354,268,36,42
4355,412,63,48
4356,205,43,62
4357,124,44,27
4358,217,19,59
4359,970,81,11
4360,931,80,16
4361,234,33,41
4362,19,36,16
4363,971,82,1
4364,266,0,48
4365,483,68,44
4366,505,43,14
4367,176,56,46
4368,451,34,26
4369,25,75,62
4370,878,55,18
4371,73,5,62
4372,279,30,22
4373,817,51,50
4374,922,46,44
4375,684,55,44
4376,335,72,56
4377,696,62,19
4378,281,63,29
4379,166,64,14
4380,37,66,6
4381,37,70,46
4382,989,83,4
4383,326,55,32
4384,843,31,49
4385,161,46,33
4386,394,81,30
4387,747,48,34
4388,991,79,11
4389,398,64,13
4390,233,42,53
4391,131,8,18
4392,677,38,9
4393,888,83,39
4394,735,13,49
4395,187,83,18
4396,375,63,51
4397,155,81,35
4398,55,23,14
4399,524,50,11
4400,588,67,24
4401,476,45,8
4402,259,73,21
4403,215,55,23
4404,162,41,62
4405,371,77,54
4406,527,7,44
4407,316,28,18
4408,82,77,61
4409,808,3,10
4410,661,82,2
4411,675,42,43
4412,592,37,52
4413,48,67,30
4414,719,15,4
4415,448,40,27
4416,747,19,63
4417,361,74,17
4418,36,42,48
4419,466,45,39
4420,344,17,61
4421,958,43,46
4422,88,5,1
4423,760,67,3
4424,215,15,21
4425,537,74,45
4426,210,30,22
4427,312,72,2
4428,350,69,19
4429,25,44,20
4430,565,4,14
4431,557,16,26
4432,829,83,62
4433,639,65,14
4434,552,16,32
4435,731,62,51
4436,545,69,59
4437,225,42,36
4438,734,11,58
4439,506,10,63
4440,348,84,56
4441,976,61,37
4442,361,24,49
4443,797,54,19
4444,333,6,33
4445,333,21,34
4446,950,12,45
4447,576,41,4
4448,277,54,53
4449,86,10,46
4450,822,79,25
4451,826,67,45
4452,57,59,25
4453,954,60,30
4454,627,9,59
4455,644,7,7
4456,188,41,42
4457,173,13,57
4458,262,39,53
4459,101,17,47
4460,418,75,56
4461,776,5,29
4462,732,37,53
4463,762,82,61
4464,209,78,5
4465,920,83,39
4466,329,75,25
4467,980,79,21
4468,449,11,60
4469,118,8,9
4470,843,82,57
4471,325,19,5
4472,891,50,14
4473,549,72,8
4474,152,52,2
4475,327,42,27
4476,463,17,53
4477,805,77,59
4478,280,47,52
4479,869,69,15
4480,305,67,59
4481,761,33,17
4482,415,79,55
4483,970,49,12
4484,85,47,41
4485,33,83,8
4486,161,77,45
4487,305,71,1
4488,341,78,58
4489,529,8,15
4490,971,8,44
4491,788,65,11
4492,754,59,6
4493,600,26,18
4494,793,5,42
4495,836,74,17
4496,353,61,44
4497,672,43,23
4498,478,13,33
4499,514,23,9
4500,601,41,21
4501,583,63,58
4502,783,23,2
4503,444,14,54
4504,466,66,29
4505,1,61,54
4506,727,40,27
4507,105,64,3
4508,939,81,40
4509,214,11,58
4510,149,51,11
4511,697,13,17
4512,970,57,27
4513,87,50,34
4514,665,83,49
4515,788,33,45
4516,544,69,33
4517,742,13,54
4518,37,64,46
4519,123,44,62
4520,527,47,57
4521,924,80,7
4522,101,39,48
4523,811,26,59
4524,5,65,56
4525,828,35,13
4526,763,50,13
4527,513,3,30
4528,454,65,25
4529,711,34,30
4530,149,62,53
4531,720,62,49
4532,655,12,11
4533,440,62,4
4534,165,13,12
4535,1000,61,1
4536,593,53,24
4537,671,72,39
4538,42,55,54
4539,643,40,43
4540,689,80,59
4541,678,14,51
4542,660,26,31
4543,251,45,29
4544,890,36,12
4545,889,40,27
4546,93,47,54
4547,692,0,1
4548,779,38,45
4549,744,55,38
4550,59,10,41
4551,252,78,49
4552,948,82,63
4553,897,19,8
4554,259,43,62
4555,688,48,30
4556,715,70,51
4557,750,31,10
4558,9,62,57
4559,593,15,29
4560,212,50,20
4561,70,18,16
4562,831,66,3
4563,556,77,54
4564,630,70,42
4565,623,60,43
4566,832,21,57
4567,200,51,38
4568,750,49,26
4569,523,72,13
4570,865,30,40
4571,761,5,36
4572,592,52,51
4573,369,27,56
4574,638,18,11
4575,992,18,52
4576,672,24,16
4577,417,83,18
4578,270,24,58
4579,11,13,53
4580,733,62,34
4581,848,13,44
4582,607,26,3
4583,956,15,37
4584,145,39,26
4585,79,58,29
4586,502,34,12
4587,424,37,27
4588,300,56,18
4589,137,26,39
4590,528,46,56
4591,36,38,22
4592,380,64,15
4593,92,62,38
4594,729,66,18
4595,272,61,54
4596,342,22,2
4597,124,12,42
4598,463,41,20
4599,814,29,24
4600,697,48,4
4601,978,44,60
4602,417,20,36
4603,310,28,46
4604,376,54,18
4605,902,72,21
4606,231,15,47
4607,738,78,44
4608,135,3,31
4609,396,26,63
4610,178,74,5
4611,566,42,11
4612,759,68,62
4613,364,9,34
4614,984,7,29
4615,467,58,3
4616,891,9,50
4617,109,61,52
4618,193,83,33
4619,497,3,12
4620,805,60,26
4621,349,45,1
4622,164,80,19
4623,981,19,33
4624,892,7,16
4625,328,26,46
4626,562,8,49
4627,286,62,28
4628,975,71,17
4629,93,34,40
4630,803,65,55
4631,803,1,63
4632,422,54,60
4633,725,75,17
4634,724,48,40
4635,147,70,17
4636,191,1,33
4637,792,26,5
4638,686,53,39
4639,8,42,39
4640,505,19,1
4641,650,59,56
4642,64,75,21
4643,153,9,23
4644,930,39,26
4645,433,45,63
4646,777,43,7
4647,204,84,33
4648,528,16,63
4649,587,50,6
4650,583,19,60
4651,319,25,1
4652,848,28,14
4653,981,65,57
4654,52,71,32
4655,950,53,17
4656,356,79,59
4657,479,30,15
4658,603,9,36
4659,759,2,14
4660,335,44,49
4661,837,29,4
4662,421,43,2
4663,155,14,42
4664,115,15,9
4665,25,51,5
4666,735,67,46
4667,730,20,40
4668,859,64,50
4669,453,82,52
4670,873,73,18
4671,621,56,13
4672,52,6,27
4673,875,82,17
4674,596,82,5
4675,144,43,17
4676,950,12,47
4677,142,32,41
4678,277,57,25
4679,880,19,63
4680,891,11,32
4681,244,9,56
4682,256,37,7
4683,478,81,24
4684,540,37,37
4685,843,60,12
4686,690,76,25
4687,84,37,12
4688,855,15,48
4689,605,20,43
4690,796,10,7
4691,410,73,53
4692,988,25,58
4693,597,38,24
4694,743,39,50
4695,894,1,19
4696,73,18,61
4697,14,71,32
4698,800,11,32
4699,287,27,44
4700,281,75,58
4701,654,14,24
4702,25,71,17
4703,151,39,61
4704,553,44,48
4705,827,82,44
4706,468,26,1
4707,425,59,26
4708,191,0,34
4709,43,34,47
4710,860,51,63
4711,885,64,50
4712,8,81,61
4713,188,11,37
4714,904,63,5
4715,341,61,60
4716,399,65,24
4717,415,66,46
4718,473,58,10
4719,130,16,30
4720,640,42,16
4721,150,21,40
4722,422,25,24
4723,442,80,27
4724,806,53,9
4725,962,25,13
4726,449,84,59
4727,45,33,20
4728,410,72,50
4729,399,42,51
4730,596,53,5
4731,688,55,30
4732,272,18,21
4733,782,56,59
4734,662,38,13
4735,818,9,53
4736,74,8,36
4737,955,59,19
4738,179,53,29
4739,994,73,35
4740,90,70,20
4741,31,52,43
4742,700,41,29
4743,104,32,32
4744,784,78,30
4745,993,72,24
4746,73,76,10
4747,774,67,11
4748,159,70,7
4749,403,59,8
4750,636,5,40
4751,849,37,57
4752,193,6,32
4753,791,65,52
4754,86,80,15
4755,234,19,57
4756,548,79,61
4757,126,2,23
4758,362,77,23
4759,19,36,48
4760,494,48,22
4761,86,39,5
4762,779,21,32
4763,548,53,55
4764,526,23,7
4765,23,53,26
4766,559,26,35
4767,856,76,8
4768,572,49,25
4769,533,84,49
4770,86,84,51
4771,671,35,52
4772,318,73,29
4773,727,28,11
4774,353,58,26
4775,683,72,44
4776,6,15,22
4777,801,47,31
4778,139,65,20
4779,882,13,56
4780,431,75,22
4781,125,45,20
4782,166,2,43
4783,392,81,56
4784,947,5,45
4785,268,68,28
4786,587,33,55
4787,804,63,62
4788,44,34,6
4789,668,65,35
4790,47,22,9
4791,26,38,10
4792,689,68,43
4793,168,5,8
4794,658,71,26
4795,389,35,39
4796,734,78,7
4797,251,13,28
4798,796,1,45
4799,644,49,18
4800,974,27,54
4801,225,22,18
4802,417,68,24
4803,517,25,34
4804,603,50,62
4805,380,30,3
4806,529,38,28
4807,409,3,30
4808,819,16,35
4809,898,14,1
4810,879,9,46
4811,192,78,1
4812,313,10,9
4813,760,61,53
4814,572,59,55
4815,48,8,1
4816,454,18,42
4817,80,81,39
4818,730,46,54
4819,447,75,31
4820,249,63,1
4821,184,74,34
4822,629,19,15
4823,623,50,49
4824,631,47,12
4825,366,36,58
4826,568,54,36
4827,266,50,15
4828,767,40,20
4829,513,23,36
4830,501,6,13
4831,703,17,4
4832,343,77,25
4833,191,84,36
4834,762,22,6
4835,659,24,59
4836,909,37,8
4837,744,54,1
4838,573,80,5
4839,214,45,55
4840,267,5,23
4841,906,54,20
4842,379,58,40
4843,646,28,33
4844,171,66,46
4845,172,19,5
4846,50,64,41
4847,608,50,2
4848,927,14,49
4849,88,4,50
4850,537,10,31
4851,227,53,53
4852,636,36,26
4853,450,22,24
4854,290,17,34
4855,787,25,61
4856,658,84,38
4857,824,77,60
4858,197,53,13
4859,599,53,44
4860,192,56,62
4861,826,27,14
4862,205,25,27
4863,22,41,63
4864,819,75,30
4865,710,63,59
4866,1,72,21
4867,655,55,44
4868,416,66,4
4869,856,57,32
4870,893,73,52
4871,793,33,26
4872,460,77,32
4873,274,50,50
4874,232,24,45
4875,856,20,62
4876,614,17,41
4877,258,36,21
4878,44,41,3
4879,250,4,34
4880,965,56,34
4881,780,38,35
4882,865,3,24
4883,913,28,24
4884,723,10,1
4885,234,5,43
4886,582,40,24
4887,130,72,44
4888,349,50,30
4889,786,70,61
4890,688,56,52
4891,302,65,2
4892,397,81,46
4893,234,45,23
4894,482,83,55
4895,310,56,45
4896,429,69,53
4897,543,26,32
4898,601,24,25
4899,74,44,38
4900,115,58,34
4901,319,54,3
4902,478,22,33
4903,701,83,29
4904,612,74,39
4905,147,60,43
4906,457,21,41
4907,508,58,5
4908,909,80,22
4909,350,43,27
4910,81,37,49
4911,122,32,62
4912,548,25,32
4913,575,17,46
4914,820,80,63
4915,653,11,20
4916,307,27,19
4917,68,42,24
4918,64,0,11
4919,997,79,8
4920,298,51,13
4921,8,57,16
4922,778,34,13
4923,6,20,50
4924,629,20,25
4925,776,29,51
4926,461,21,50
4927,111,20,8
4928,622,10,17
4929,592,16,42
4930,96,39,53
4931,600,51,20
4932,773,63,6
4933,741,56,46
4934,260,69,37
4935,237,50,17
4936,522,57,27
4937,571,27,44
4938,893,60,8
4939,394,67,2
4940,425,47,50
4941,416,38,15
4942,842,30,16
4943,896,47,22
4944,858,21,13
4945,547,74,50
4946,264,5,26
4947,370,53,21
4948,582,5,57
4949,314,73,18
4950,562,82,35
4951,625,40,56
4952,508,3,35
4953,694,48,45
4954,484,68,7
4955,211,39,6
4956,649,34,33
4957,908,74,8
4958,153,7,63
4959,301,15,23
4960,649,71,59
4961,939,45,33
4962,826,30,22
4963,379,3,37
4964,690,64,53
4965,721,69,45
4966,356,24,28
4967,821,31,26
4968,982,73,19
4969,435,41,10
4970,222,44,3
4971,470,44,44
4972,891,79,19
4973,382,53,10
4974,838,54,33
4975,470,61,36
4976,471,63,3
4977,808,24,26
4978,852,80,60
4979,830,67,31
4980,761,15,23
4981,205,49,1
4982,434,81,25
4983,309,29,61
4984,522,68,30
4985,261,12,58
4986,736,69,28
4987,595,62,34
4988,98,63,18
4989,397,79,39
4990,143,41,59
4991,282,20,8
4992,158,19,40
4993,542,67,54
4994,868,40,19
4995,121,2,50
4996,429,22,2
4997,444,38,26
4998,337,83,23
4999,795,16,6
5000,900,48,50
5001,225,11,29
5002,591,34,50
5003,888,67,2
5004,201,80,20
5005,16,82,10
5006,857,51,3
5007,842,49,1
5008,780,57,32
5009,872,72,25
5010,949,73,9
5011,475,35,7
5012,301,5,19
5013,213,65,2
5014,519,30,19
5015,740,12,32
5016,840,23,34
5017,202,5,54
5018,124,61,63
5019,57,42,10
5020,395,28,59
5021,282,17,19
5022,703,72,19
5023,110,41,36
5024,102,34,56
5025,546,5,38
5026,563,84,25
5027,580,80,20
5028,394,30,48
5029,692,18,2
5030,269,18,14
5031,24,76,6
5032,535,78,4
5033,95,15,55
5034,888,38,36
5035,818,59,25
5036,253,31,29
5037,49,47,54
5038,694,72,31
5039,673,78,58
5040,504,51,28
5041,488,22,14
5042,451,68,20
5043,693,67,2
5044,426,84,22
5045,520,63,36
5046,714,18,8
5047,847,56,37
5048,472,54,47
5049,64,31,37
5050,680,71,14
5051,714,75,38
5052,152,17,62
5053,695,54,39
5054,101,56,6
5055,527,57,19
5056,168,62,45
5057,584,70,50
5058,60,33,49
5059,989,67,28
5060,61,18,49
5061,248,77,62
5062,871,20,3
5063,518,54,7
5064,285,66,57
5065,705,52,1
5066,301,29,50
5067,325,70,41
5068,825,51,27
5069,199,4,36
5070,414,6,62
5071,677,24,3
5072,476,36,60
5073,613,25,2
5074,779,59,13
5075,455,9,55
5076,809,64,33
5077,258,31,16
5078,647,7,40
5079,151,5,25
5080,483,13,3
5081,673,17,52
5082,139,7,16
5083,680,44,22
5084,342,54,42
5085,225,9,18
5086,207,49,33
5087,104,68,61
5088,555,9,29
5089,916,75,48
5090,878,34,15
5091,149,33,43
5092,682,21,63
5093,697,60,17
5094,361,33,35
5095,662,7,44
5096,951,33,44
5097,882,14,23
5098,779,60,17
5099,819,55,54
5100,551,2,43
5101,388,78,43
5102,8,51,54
5103,885,42,11
5104,631,78,39
5105,729,46,22
5106,633,41,15
5107,152,43,49
5108,246,38,9
5109,209,78,62
5110,897,83,41
5111,86,66,13
5112,506,43,23
5113,293,22,28
5114,776,4,44
5115,998,3,50
5116,833,25,61
5117,838,78,47
5118,469,18,5
5119,280,24,23
5120,187,0,22
5121,771,22,17
5122,827,39,45
5123,390,72,44
5124,507,9,30
5125,539,11,34
5126,147,0,36
5127,281,9,15
5128,176,9,56
5129,609,19,46
5130,102,7,37
5131,854,62,10
5132,604,6,5
5133,359,60,11
5134,651,53,35
5135,815,21,54
5136,226,9,26
5137,222,59,28
5138,250,44,43
5139,258,44,15
5140,103,53,1
5141,385,26,45
5142,541,72,30
5143,725,20,40
5144,933,21,39
5145,940,77,3
5146,448,64,44
5147,936,51,33
5148,593,30,16
5149,592,62,58
5150,860,1,55
5151,936,17,30
5152,941,47,59
5153,54,4,58
5154,312,1,6
5155,573,48,58
5156,79,70,57
5157,272,67,35
5158,136,6,11
5159,847,68,34
5160,365,57,23
5161,790,24,14
5162,329,31,16
5163,585,84,34
5164,269,72,11
5165,678,6,43
5166,332,34,60
5167,103,80,18
5168,269,33,11
5169,375,64,17
5170,678,48,46
5171,336,80,36
5172,381,58,29
5173,705,13,54
5174,34,6,26
5175,3,15,42
5176,200,76,43
5177,424,40,5
5178,610,43,23
5179,702,72,49
5180,645,61,13
5181,945,11,30
5182,241,66,3
5183,826,18,56
5184,401,83,52
5185,628,50,61
5186,783,9,12
5187,593,72,24
5188,681,8,5
5189,181,79,22
5190,293,55,49
5191,381,79,41
5192,233,47,11
5193,179,32,36
5194,155,77,26
5195,429,41,52
5196,679,16,28
5197,235,78,13
5198,551,10,24
5199,248,16,6
5200,348,30,40
5201,879,17,41
5202,528,57,46
5203,676,37,16
5204,27,57,5
5205,318,77,40
5206,847,30,29
5207,869,34,16
5208,103,45,5
5209,862,62,15
5210,496,31,31
5211,352,14,4
5212,22,64,19
5213,452,34,19
5214,114,28,56
5215,760,0,55
5216,370,44,10
5217,726,82,60
5218,125,17,38
5219,542,25,7
5220,214,17,55
5221,81,48,37
5222,228,27,58
5223,887,43,61
5224,589,43,17
5225,839,19,16
5226,67,14,43
5227,303,41,60
5228,76,10,15
5229,641,58,57
5230,245,31,63
5231,884,44,11
5232,492,28,63
5233,243,0,16
5234,814,80,5
5235,935,70,39
5236,924,49,26
5237,626,46,59
5238,263,53,25
5239,937,73,52
5240,214,82,30
5241,588,28,51
5242,762,9,51
5243,759,3,49
5244,380,4,63
5245,740,38,23
5246,301,63,47
5247,81,39,15
5248,157,46,51
5249,358,60,62
5250,873,20,54
5251,266,29,19
5252,970,50,52
5253,212,25,22
5254,880,40,49
5255,616,51,23
5256,908,36,22
5257,174,51,26
5258,420,9,25
5259,17,49,34
5260,661,16,46
5261,893,68,56
5262,299,37,14
5263,20,78,44
5264,1,64,33
5265,56,75,48
5266,471,52,3
5267,170,3,45
5268,130,57,44
5269,262,56,23
5270,205,71,34
5271,526,15,41
5272,162,44,29
5273,524,80,50
5274,74,42,24
5275,838,19,10
5276,261,49,34
5277,641,26,13
5278,60,30,22
5279,673,66,47
5280,190,23,23
5281,835,5,5
5282,873,83,6
5283,273,12,17
5284,598,27,55
5285,728,41,38
5286,278,21,55
5287,508,44,61
5288,590,33,16
5289,945,40,8
5290,293,71,7
5291,295,57,56
5292,194,24,22
5293,937,8,41
5294,895,45,31
5295,772,73,22
5296,623,37,63
5297,270,34,29
5298,884,24,24
5299,593,20,32
5300,10,38,6
5301,693,19,44
5302,517,22,58
5303,997,48,9
5304,304,7,13
5305,863,25,25
5306,216,79,54
5307,270,48,8
5308,370,1,21
5309,223,10,53
5310,853,57,21
5311,449,79,13
5312,197,37,31
5313,321,16,17
5314,93,69,48
5315,462,54,50
5316,157,54,62
5317,454,5,8
5318,212,79,13
5319,22,11,27
5320,475,10,57
5321,568,63,46
5322,595,56,50
5323,101,13,26
5324,670,70,12
5325,196,58,41
5326,506,51,4
5327,518,1,28
5328,205,28,11
5329,451,69,41
5330,200,60,21
5331,108,39,19
5332,925,25,11
5333,814,40,56
5334,476,4,34
5335,862,51,21
5336,188,78,36
5337,371,80,6
5338,330,61,4
5339,432,24,45
5340,253,63,55
5341,995,22,56
5342,404,66,58
5343,82,61,26
5344,647,66,39
5345,893,65,16
5346,635,69,6
5347,677,4,7
5348,527,3,22
5349,397,60,5
5350,308,14,41
5351,86,3,61
5352,946,48,46
5353,538,35,47
5354,610,61,20
5355,535,25,41
5356,156,30,26
5357,330,83,40
5358,926,16,44
5359,148,69,48
5360,152,56,29
5361,135,36,10
5362,206,48,2
5363,641,32,19
5364,604,71,53
5365,570,40,12
5366,402,32,39
5367,637,41,42
5368,647,18,24
5369,113,67,53
5370,465,43,45
5371,957,50,50
5372,934,25,60
5373,151,77,6
5374,339,12,37
5375,494,67,2
5376,862,8,42
5377,373,74,34
5378,759,58,47
5379,546,47,37
5380,482,16,8
5381,226,64,62
5382,863,24,5
5383,338,72,10
5384,540,30,58
5385,782,0,42
5386,894,52,2
5387,383,1,25
5388,930,17,23
5389,460,29,40
5390,825,66,56
5391,823,53,38
5392,293,71,54
5393,88,80,44
5394,553,72,24
5395,643,73,49
5396,222,82,62
5397,397,1,38
5398,803,43,19
5399,87,54,26
5400,713,18,47
5401,849,20,63
5402,100,67,57
5403,103,57,25
5404,359,66,36
5405,856,23,59
5406,438,37,37
5407,671,73,5
5408,575,35,62
5409,262,23,63
5410,628,0,46
5411,859,65,14
5412,828,72,30
5413,751,44,32
5414,964,9,31
5415,711,84,19
5416,421,56,38
5417,341,61,23
5418,852,58,61
5419,588,64,48
5420,656,23,21
5421,585,1,35
5422,197,50,63
5423,783,30,32
5424,431,63,49
5425,397,50,10
5426,972,66,26
5427,81,21,30
5428,120,44,61
5429,539,8,9
5430,128,10,25
5431,247,70,31
5432,449,78,21
5433,832,17,48
5434,852,72,16
5435,866,10,15
5436,729,27,42
5437,231,29,7
5438,690,49,38
5439,383,77,7
5440,573,52,38
5441,885,58,47
5442,531,33,48
5443,337,7,1
5444,53,23,6
5445,995,48,24
5446,873,81,11
5447,106,52,4
5448,388,63,20
5449,920,2,60
5450,643,19,40
5451,859,51,43
5452,857,56,37
5453,185,84,23
5454,625,81,30
5455,959,26,39
5456,231,53,62
5457,470,15,54
5458,403,19,45
5459,150,66,32
5460,601,78,21
5461,885,66,37
5462,247,14,44
5463,191,43,62
5464,846,42,10
5465,765,40,30
5466,463,47,8
5467,19,48,49
5468,312,30,28
5469,735,41,51
5470,22,32,59
5471,394,53,24
5472,439,36,57
5473,687,56,14
5474,474,36,19
5475,853,41,14
5476,521,75,23
5477,648,8,49
5478,42,61,36
5479,90,0,1
5480,65,81,1
5481,959,27,12
5482,280,57,11
5483,586,59,35
5484,359,29,40
5485,277,51,57
5486,596,64,61
5487,249,36,46
5488,705,24,4
5489,71,48,40
5490,792,4,60
5491,523,13,20
5492,798,54,13
5493,213,56,24
5494,960,64,45
5495,884,33,21
5496,452,3,44
5497,776,21,62
5498,872,7,54
5499,757,78,48
5500,811,61,32
5501,409,30,62
5502,296,82,35
5503,911,40,8
5504,291,1,54
5505,911,4,4
5506,975,3,60
5507,2,73,51
5508,641,9,26
5509,635,0,21
5510,723,3,31
5511,673,13,58
5512,442,59,48
5513,311,26,10
5514,568,16,39
5515,219,59,48
5516,246,78,29
5517,890,9,41
5518,753,16,1
5519,538,38,40
5520,668,37,7
5521,934,61,20
5522,562,38,40
5523,350,20,10
5524,510,22,19
5525,650,22,45
5526,708,12,42
5527,784,37,57
5528,301,74,21
5529,186,3,49
5530,844,30,62
5531,85,45,30
5532,670,36,11
5533,893,43,38
5534,370,62,53
5535,742,53,48
5536,216,62,24
5537,470,50,39
5538,505,47,18
5539,314,63,45
5540,531,11,12
5541,583,66,14
5542,493,27,41
5543,351,39,15
5544,819,0,4
5545,464,11,45
5546,208,3,61
5547,945,12,13
5548,916,4,4
5549,873,37,33
5550,353,65,9
5551,23,39,2
5552,168,21,31
5553,54,6,8
5554,325,56,4
5555,548,24,39
5556,20,16,29
5557,799,3,15
5558,20,63,50
5559,632,58,30
5560,524,75,61
5561,540,60,17
5562,411,14,55
5563,512,17,53
5564,734,69,48
5565,446,61,27
5566,94,47,38
5567,541,47,40
5568,255,27,6
5569,797,33,17
5570,776,2,50
5571,76,28,54
5572,981,8,40
5573,985,11,48
5574,436,34,28
5575,802,77,48
5576,600,65,22
5577,335,45,12
5578,303,71,30
5579,124,62,14
5580,965,13,58
5581,236,30,43
5582,255,67,33
5583,246,61,54
5584,261,17,52
5585,625,75,26
5586,885,4,18
5587,117,34,49
5588,415,38,9
5589,501,81,8
5590,656,8,12
5591,755,63,16
5592,337,10,39
5593,165,75,6
5594,101,20,32
5595,174,84,36
5596,239,30,43
5597,684,34,28
5598,49,58,30
5599,645,0,52
5600,916,66,48
5601,284,42,63
5602,530,1,27
5603,633,77,38
5604,929,27,19
5605,151,12,56
5606,154,25,8
5607,539,3,21
5608,288,34,42
5609,56,18,37
5610,669,18,18
5611,740,4,44
5612,504,5,26
5613,921,47,62
5614,882,20,14
5615,1,27,57
5616,900,58,29
5617,465,31,4
5618,516,66,34
5619,115,73,60
5620,467,6,27
5621,874,0,5
5622,796,75,13
5623,569,30,26
5624,709,67,46
5625,316,34,40
5626,268,58,43
5627,450,43,36
5628,545,63,39
5629,955,50,23
5630,675,46,37
5631,620,31,61
5632,75,49,33
5633,271,57,40
5634,490,48,57
5635,659,5,38
5636,984,27,36
5637,268,11,57
5638,400,3,60
5639,668,37,16
5640,479,3,27
5641,853,4,45
5642,177,45,51
5643,658,46,7
5644,865,10,32
5645,31,0,17
5646,508,43,18
5647,492,27,57
5648,150,26,15
5649,999,63,49
5650,153,41,31
5651,782,8,45
5652,408,6,35
5653,529,69,11
5654,363,55,61
5655,970,33,41
5656,18,35,50
5657,773,36,5
5658,36,36,4
5659,705,11,20
5660,380,14,12
5661,441,2,14
5662,506,51,25
5663,353,40,9
5664,902,67,7
5665,992,12,11
5666,635,49,58
5667,461,78,54
5668,89,25,61
5669,271,64,6
5670,322,19,29
5671,71,19,28
5672,18,26,51
5673,692,43,19
5674,102,74,60
5675,465,43,21
5676,458,77,40
5677,294,7,8
5678,112,72,47
5679,412,45,40
5680,194,31,39
5681,962,28,9
5682,498,45,57
5683,912,4,27
5684,381,57,52
5685,267,6,7
5686,893,11,56
5687,922,21,57
5688,832,74,15
5689,9,36,58
5690,805,1,13
5691,953,70,17
5692,243,74,18
5693,478,65,43
5694,713,40,35
5695,497,23,60
5696,527,70,6
5697,83,59,50
5698,627,25,59
5699,302,35,28
5700,675,69,25
5701,123,18,10
5702,364,71,11
5703,415,40,13
5704,321,12,34
5705,886,60,7
5706,222,16,15
5707,492,84,31
5708,988,57,63
5709,525,8,31
5710,164,24,35
5711,449,51,52
5712,46,74,26
5713,452,53,12
5714,578,35,38
5715,156,77,23
5716,804,59,42
5717,711,32,17
5718,854,61,7
5719,64,50,22
5720,349,35,58
5721,866,18,60
5722,918,25,44
5723,396,46,29
5724,481,60,53
5725,885,22,24
5726,456,41,1
5727,369,58,50
5728,706,49,33
5729,797,37,5
5730,591,58,57
5731,466,53,24
5732,192,82,39
5733,484,47,47
5734,757,29,58
5735,682,40,46
5736,792,55,12
5737,366,49,35
5738,541,61,14
5739,10,23,13
5740,944,25,59
5741,858,8,57
5742,905,64,58
5743,426,55,22
5744,927,76,23
5745,633,34,35
5746,52,7,13
5747,691,12,62
5748,557,80,9
5749,558,59,44
5750,759,42,1
5751,860,21,60
5752,374,16,28
5753,922,8,10
5754,547,44,35
5755,433,13,27
5756,816,67,7
5757,800,32,38
5758,104,53,44
5759,787,8,56
5760,293,18,13
5761,917,58,36
5762,123,8,19
5763,104,37,2
5764,47,20,29
5765,60,73,30
5766,120,20,47
5767,723,46,32
5768,937,30,17
5769,599,31,16
5770,70,31,37
5771,997,12,15
5772,533,24,4
5773,288,5,60
5774,37,8,13
5775,4,68,12
5776,876,4,26
5777,57,38,5
5778,533,54,12
5779,565,47,51
5780,62,33,40
5781,783,54,39
5782,938,4,44
5783,606,68,18
5784,4,84,35
5785,735,54,61
5786,230,76,61
5787,306,47,39
5788,114,0,34
5789,108,29,26
5790,76,16,1
5791,310,20,40
5792,726,14,45
5793,151,50,39
5794,335,35,21
5795,30,76,19
5796,943,33,56
5797,898,53,58
5798,616,13,53
5799,385,71,55
5800,100,43,17
5801,886,48,38
5802,738,53,3
5803,541,83,42
5804,230,15,25
5805,545,69,23
5806,490,59,48
5807,292,73,62
5808,6,65,4
5809,517,4,12
5810,37,66,8
5811,981,28,30
5812,481,72,51
5813,476,32,50
5814,923,61,46
5815,178,30,8
5816,974,80,54
5817,245,73,58
5818,592,58,56
5819,537,34,16
5820,483,72,29
5821,858,19,30
5822,970,65,56
5823,250,52,25
5824,144,32,36
5825,689,81,47
5826,564,21,10
5827,63,55,44
5828,435,23,17
5829,999,25,40
5830,140,2,43
5831,604,84,40
5832,334,21,8
5833,65,35,6
5834,987,40,15
5835,383,9,59
5836,95,52,32
5837,964,17,44
5838,633,61,29
5839,755,37,52
5840,846,76,59
5841,647,31,63
5842,137,59,23
5843,149,19,54
5844,510,27,18
5845,144,16,18
5846,578,61,61
5847,491,26,12
5848,421,29,52
5849,17,83,46
5850,111,11,6
5851,890,12,23
5852,210,20,2
5853,393,15,60
5854,336,49,27
5855,535,27,3
5856,382,72,33
5857,737,77,2
5858,13,12,11
5859,998,29,15
5860,42,66,48
5861,932,42,28
5862,328,83,57
5863,858,40,12
5864,939,76,23
5865,557,17,44
5866,798,44,3
5867,406,80,61
5868,47,14,6
5869,2,37,54
5870,377,13,2
5871,19,62,38
5872,276,1,27
5873,582,18,60
5874,139,46,61
5875,106,69,45
5876,978,61,28
5877,683,83,9
5878,361,34,63
5879,431,27,49
5880,614,61,12
5881,668,61,19
5882,187,81,29
5883,380,14,43
5884,638,45,53
5885,649,52,24
5886,947,64,20
5887,267,24,7
5888,991,9,49
5889,837,74,28
5890,802,34,21
5891,576,83,14
5892,145,10,31
5893,134,66,3
5894,102,80,2
5895,637,0,50
5896,645,56,61
5897,277,37,37
5898,938,65,40
5899,673,26,8
5900,539,43,57
5901,562,0,59
5902,462,44,52
5903,164,49,63
5904,953,76,21
5905,966,84,51
5906,662,15,4
5907,370,17,37
5908,771,44,25
5909,579,3,34
5910,870,6,44
5911,963,72,5
5912,524,6,58
5913,92,59,43
5914,398,33,63
5915,431,59,46
5916,487,17,14
5917,216,16,48
5918,885,79,25
5919,484,2,58
5920,202,71,46
5921,487,23,9
5922,620,68,22
5923,392,46,50
5924,288,23,34
5925,115,78,33
5926,803,41,33
5927,54,54,29
5928,792,25,58
5929,954,21,32
5930,564,67,21
5931,161,35,16
5932,657,54,10
5933,866,82,58
5934,599,0,29
5935,513,9,4
5936,221,23,33
5937,89,17,54
5938,133,48,42
5939,476,77,18
5940,696,20,14
5941,14,12,12
5942,393,40,14
5943,356,25,14
5944,697,69,56
5945,461,76,9
5946,79,64,45
5947,741,7,52
5948,661,49,8
5949,429,56,3
5950,528,31,31
5951,159,1,10
5952,161,34,11
5953,856,26,53
5954,931,67,59
5955,379,52,62
5956,960,18,30
5957,534,5,55
5958,450,67,43
5959,500,61,47
5960,340,5,35
5961,831,54,25
5962,837,71,33
5963,661,26,3
5964,872,1,57
5965,70,39,29
5966,414,21,47
5967,829,54,18
5968,51,29,54
5969,564,35,12
5970,843,64,29
5971,935,52,54
5972,853,53,38
5973,343,65,53
5974,110,71,51
5975,852,12,26
5976,28,50,42
5977,69,35,19
5978,715,60,9
5979,978,45,13
5980,640,47,36
5981,875,53,44
5982,898,66,45
5983,517,75,45
5984,587,21,37
5985,390,14,10
5986,305,63,29
5987,643,16,56
5988,586,47,17
5989,934,55,19
5990,188,14,39
5991,38,15,50
5992,315,27,10
5993,207,78,15
5994,374,66,6
5995,39,77,35
5996,272,24,4
5997,838,11,20
5998,564,51,35
5999,852,2,39
