0,3,30
1,3,30
2,3,47
3,3,47
4,3,47
5,3,47
6,3,47
7,3,49
8,3,51
9,3,51
10,3,51
11,3,51
12,3,60
13,3,60
14,3,60
15,3,60
16,3,67
17,3,77
18,3,79
19,3,79
20,3,79
21,3,91
22,3,94
23,3,94
24,3,100
25,3,104
26,3,107
27,3,107
28,3,109
29,3,109
30,3,117
31,3,117
32,3,123
33,3,132
34,3,135
35,3,135
36,3,135
37,3,144
38,3,146
39,3,148
40,3,148
41,3,155
42,3,166
43,3,170
44,3,171
45,3,177
46,3,178
47,3,178
48,3,183
49,3,183
50,3,184
51,3,207
52,3,212
53,3,212
54,3,212
55,3,213
56,3,215
57,3,217
58,3,219
59,3,227
60,3,227
61,3,240
62,3,240
63,3,248
64,3,259
65,3,259
66,3,262
67,3,277
68,3,279
69,3,279
70,3,284
71,3,284
72,3,287
73,3,288
74,3,288
75,3,303
76,3,311
77,3,316
78,3,316
79,3,317
80,3,317
81,3,317
82,3,317
83,3,323
84,3,346
85,3,351
86,3,351
87,3,351
88,3,355
89,3,358
90,3,358
91,3,358
92,3,358
93,3,361
94,3,367
95,3,379
96,3,385
97,3,394
98,3,394
99,3,397
100,3,397
101,3,401
102,3,405
103,3,405
104,3,406
105,3,407
106,3,417
107,3,418
108,3,418
109,3,422
110,3,424
111,3,429
112,3,438
113,3,439
114,3,440
115,3,464
116,3,467
117,3,467
118,3,467
119,3,473
120,3,479
121,3,479
122,3,479
123,3,482
124,3,482
125,3,482
126,3,483
127,3,483
128,3,503
129,3,510
130,3,510
131,3,522
132,3,522
133,3,525
134,3,526
135,3,526
136,3,528
137,3,529
138,3,534
139,3,534
140,3,540
141,3,540
142,3,545
143,3,547
144,3,547
145,3,556
146,3,556
147,3,565
148,3,567
149,3,568
150,3,574
151,3,584
152,3,588
153,3,588
154,3,588
155,3,588
156,3,598
157,3,603
158,3,607
159,3,623
160,3,623
161,3,629
162,3,632
163,3,636
164,3,636
165,3,637
166,3,646
167,3,652
168,3,652
169,3,652
170,3,652
171,3,660
172,3,662
173,3,665
174,3,667
175,3,667
176,3,669
177,3,669
178,3,679
179,3,684
180,3,697
181,3,697
182,3,697
183,3,698
184,3,700
185,3,700
186,3,706
187,3,707
188,3,716
189,3,725
190,3,725
191,3,727
192,3,727
193,3,732
194,3,732
195,3,732
196,3,735
197,3,737
198,3,740
199,3,740
200,3,746
201,3,757
202,3,758
203,3,758
204,3,758
205,3,770
206,3,770
207,3,784
208,3,784
209,3,793
210,3,793
211,3,802
212,3,802
213,3,812
214,3,812
215,3,812
216,3,812
217,3,812
218,3,812
219,3,819
220,3,819
221,3,824
222,3,824
223,3,830
224,3,830
225,3,831
226,3,843
227,3,844
228,3,846
229,3,852
230,3,870
231,3,870
232,3,870
233,3,874
234,3,874
235,3,874
236,3,874
237,3,882
238,3,887
239,3,887
240,3,889
241,3,890
242,3,890
243,3,902
244,3,915
245,3,919
246,3,924
247,3,928
248,3,931
249,3,931
250,3,945
251,3,945
252,3,948
253,3,948
254,3,948
255,3,949
256,3,949
257,3,949
258,3,960
259,3,961
260,3,964
261,3,964
262,3,964
263,3,964
264,3,964
265,3,966
266,3,966
267,3,966
268,3,977
269,3,977
270,3,977
271,3,981
272,3,982
273,3,986
274,3,986
275,3,986
276,3,994
277,3,996
278,3,1006
279,3,1010
280,3,1010
281,3,1010
282,3,1010
283,3,1010
284,3,1018
285,3,1022
286,3,1025
287,3,1028
288,3,1036
289,3,1036
290,3,1036
291,3,1040
292,3,1040
293,3,1049
294,3,1049
295,3,1049
296,3,1055
297,3,1060
298,3,1060
299,3,1061
300,3,1062
301,3,1062
302,3,1062
303,3,1062
304,3,1065
305,3,1076
306,3,1081
307,3,1081
308,3,1082
309,3,1084
310,3,1091
311,3,1104
312,3,1105
313,3,1109
314,3,1109
315,3,1111
316,3,1117
317,3,1117
318,3,1124
319,3,1127
320,3,1130
321,3,1131
322,3,1142
323,3,1143
324,3,1148
325,3,1158
326,3,1164
327,3,1164
328,3,1164
329,3,1164
330,3,1166
331,3,1166
332,3,1168
333,3,1179
334,3,1184
335,3,1190
336,5,36
337,5,36
338,5,36
339,5,36
340,5,36
341,5,36
342,5,36
343,5,36
344,5,54
345,5,72
346,5,75
347,5,76
348,5,82
349,5,84
350,5,84
351,5,98
352,5,98
353,5,104
354,5,105
355,5,107
356,5,118
357,5,118
358,5,118
359,5,121
360,5,125
361,5,128
362,5,144
363,5,144
364,5,148
365,5,149
366,5,151
367,5,151
368,5,151
369,5,154
370,5,154
371,5,154
372,5,182
373,5,184
374,5,186
375,5,189
376,5,189
377,5,192
378,5,197
379,5,201
380,5,201
381,5,206
382,5,211
383,5,218
384,5,219
385,5,219
386,5,219
387,5,221
388,5,226
389,5,241
390,5,241
391,5,241
392,5,244
393,5,244
394,5,253
395,5,253
396,5,264
397,5,283
398,5,286
399,5,286
400,5,295
401,5,298
402,5,298
403,5,303
404,5,303
405,5,310
406,5,310
407,5,331
408,5,334
409,5,335
410,5,335
411,5,335
412,5,338
413,5,346
414,5,346
415,5,346
416,5,346
417,5,356
418,5,364
419,5,364
420,5,364
421,5,364
422,5,373
423,5,375
424,5,376
425,5,380
426,5,381
427,5,381
428,5,383
429,5,393
430,5,411
431,5,411
432,5,412
433,5,414
434,5,415
435,5,415
436,5,417
437,5,422
438,5,428
439,5,440
440,5,440
441,5,457
442,5,463
443,5,463
444,5,467
445,5,477
446,5,478
447,5,483
448,5,483
449,5,484
450,5,486
451,5,491
452,5,493
453,5,499
454,5,499
455,5,500
456,5,500
457,5,500
458,5,504
459,5,523
460,5,523
461,5,529
462,5,538
463,5,539
464,5,539
465,5,545
466,5,545
467,5,551
468,5,551
469,5,554
470,5,566
471,5,570
472,5,585
473,5,585
474,5,585
475,5,591
476,5,591
477,5,594
478,5,607
479,5,607
480,5,607
481,5,607
482,5,616
483,5,616
484,5,621
485,5,621
486,5,622
487,5,626
488,5,626
489,5,630
490,5,642
491,5,654
492,5,659
493,5,663
494,5,664
495,5,664
496,5,665
497,5,665
498,5,667
499,5,667
500,5,692
501,5,695
502,5,695
503,5,695
504,5,695
505,5,701
506,5,707
507,5,707
508,5,712
509,5,714
510,5,739
511,5,741
512,5,741
513,5,746
514,5,746
515,5,746
516,5,754
517,5,757
518,5,757
519,5,764
520,5,790
521,5,790
522,5,790
523,5,790
524,5,791
525,5,791
526,5,792
527,5,792
528,5,794
529,5,800
530,5,800
531,5,800
532,5,825
533,5,825
534,5,825
535,5,828
536,5,831
537,5,831
538,5,839
539,5,840
540,5,843
541,5,848
542,5,848
543,5,848
544,5,855
545,5,856
546,5,858
547,5,868
548,5,871
549,5,879
550,5,879
551,5,879
552,5,881
553,5,886
554,5,886
555,5,907
556,5,907
557,5,907
558,5,910
559,5,910
560,5,910
561,5,910
562,5,910
563,5,914
564,5,914
565,5,917
566,5,917
567,5,917
568,5,917
569,5,918
570,5,922
571,5,926
572,5,926
573,5,928
574,5,934
575,5,944
576,5,947
577,5,948
578,5,953
579,5,953
580,5,958
581,5,958
582,5,966
583,5,966
584,5,968
585,5,975
586,5,975
587,5,977
588,5,983
589,5,983
590,5,984
591,5,987
592,5,987
593,5,996
594,5,1004
595,5,1004
596,5,1014
597,5,1024
598,5,1024
599,5,1026
600,5,1027
601,5,1036
602,5,1036
603,5,1055
604,5,1055
605,5,1059
606,5,1060
607,5,1061
608,5,1061
609,5,1063
610,5,1065
611,5,1065
612,5,1074
613,5,1089
614,5,1089
615,5,1103
616,5,1110
617,5,1110
618,5,1112
619,5,1112
620,5,1115
621,5,1115
622,5,1121
623,5,1123
624,5,1123
625,5,1123
626,5,1124
627,5,1126
628,5,1128
629,5,1139
630,5,1139
631,5,1147
632,5,1160
633,5,1160
634,5,1163
635,5,1163
636,5,1163
637,5,1163
638,5,1178
639,5,1182
640,5,1183
641,5,1185
642,5,1187
643,5,1187
644,5,1187
645,5,1188
646,5,1188
647,5,1188
648,5,1197
649,5,1204
650,5,1206
651,5,1206
652,5,1206
653,5,1206
654,5,1209
655,5,1209
656,5,1225
657,5,1225
658,5,1231
659,5,1238
660,5,1238
661,5,1241
662,5,1248
663,5,1248
664,5,1256
665,5,1256
666,5,1262
667,5,1266
668,5,1268
669,5,1269
670,5,1269
671,5,1270
672,5,1276
673,5,1276
674,7,12
675,7,13
676,7,13
677,7,37
678,7,37
679,7,49
680,7,49
681,7,49
682,7,49
683,7,49
684,7,54
685,7,54
686,7,71
687,7,71
688,7,72
689,7,72
690,7,74
691,7,74
692,7,74
693,7,76
694,7,80
695,7,81
696,7,82
697,7,83
698,7,83
699,7,88
700,7,88
701,7,88
702,7,88
703,7,88
704,7,92
705,7,92
706,7,95
707,7,95
708,7,101
709,7,101
710,7,103
711,7,111
712,7,111
713,7,111
714,7,111
715,7,111
716,7,111
717,7,117
718,7,127
719,7,129
720,7,129
721,7,129
722,7,133
723,7,133
724,7,135
725,7,135
726,7,135
727,7,141
728,7,142
729,7,145
730,7,154
731,7,157
732,7,157
733,7,157
734,7,159
735,7,159
736,7,160
737,7,160
738,7,160
739,7,163
740,7,165
741,7,165
742,7,165
743,7,170
744,7,173
745,7,173
746,7,174
747,7,175
748,7,186
749,7,186
750,7,187
751,7,189
752,7,195
753,7,201
754,7,203
755,7,204
756,7,205
757,7,208
758,7,208
759,7,208
760,7,211
761,7,211
762,7,212
763,7,212
764,7,213
765,7,217
766,7,223
767,7,223
768,7,223
769,7,228
770,7,238
771,7,243
772,7,245
773,7,245
774,7,247
775,7,254
776,7,257
777,7,258
778,7,258
779,7,259
780,7,259
781,7,268
782,7,273
783,7,273
784,7,273
785,7,275
786,7,278
787,7,278
788,7,291
789,7,291
790,7,293
791,7,294
792,7,297
793,7,301
794,7,306
795,7,306
796,7,306
797,7,306
798,7,306
799,7,306
800,7,310
801,7,311
802,7,311
803,7,317
804,7,325
805,7,325
806,7,328
807,7,328
808,7,337
809,7,340
810,7,340
811,7,340
812,7,341
813,7,353
814,7,353
815,7,353
816,7,357
817,7,358
818,7,358
819,7,359
820,7,359
821,7,359
822,7,371
823,7,371
824,7,371
825,7,377
826,7,378
827,7,385
828,7,387
829,7,388
830,7,388
831,7,388
832,7,390
833,7,390
834,7,390
835,7,390
836,7,393
837,7,397
838,7,397
839,7,397
840,7,397
841,7,400
842,7,409
843,7,415
844,7,415
845,7,415
846,7,421
847,7,421
848,7,421
849,7,426
850,7,428
851,7,434
852,7,434
853,7,434
854,7,434
855,7,439
856,7,439
857,7,439
858,7,439
859,7,439
860,7,440
861,7,444
862,7,446
863,7,446
864,7,447
865,7,447
866,7,456
867,7,457
868,7,460
869,7,460
870,7,461
871,7,478
872,7,480
873,7,480
874,7,480
875,7,483
876,7,483
877,7,483
878,7,486
879,7,486
880,7,487
881,7,488
882,7,494
883,7,499
884,7,499
885,7,506
886,7,512
887,7,517
888,7,517
889,7,521
890,7,522
891,7,529
892,7,530
893,7,530
894,7,530
895,7,533
896,7,533
897,7,533
898,7,535
899,7,537
900,7,537
901,7,543
902,7,543
903,7,545
904,7,545
905,7,547
906,7,549
907,7,554
908,7,554
909,7,555
910,7,555
911,7,556
912,7,562
913,7,562
914,7,562
915,7,564
916,7,565
917,7,565
918,7,566
919,7,567
920,7,569
921,7,570
922,7,579
923,7,582
924,7,588
925,7,588
926,7,595
927,7,597
928,7,603
929,7,612
930,7,616
931,7,619
932,7,619
933,7,619
934,7,619
935,7,624
936,7,624
937,7,632
938,7,633
939,7,642
940,7,645
941,7,647
942,7,651
943,7,651
944,7,652
945,7,652
946,7,654
947,7,654
948,7,662
949,7,664
950,7,668
951,7,673
952,7,673
953,7,674
954,7,674
955,7,678
956,7,682
957,7,682
958,7,684
959,7,685
960,7,690
961,7,690
962,7,692
963,7,692
964,7,697
965,7,699
966,7,699
967,7,700
968,7,700
969,7,700
970,7,704
971,7,705
972,7,712
973,7,717
974,7,722
975,7,722
976,7,723
977,7,725
978,7,725
979,7,727
980,7,733
981,7,733
982,7,733
983,7,733
984,7,733
985,7,734
986,7,734
987,7,736
988,7,740
989,7,740
990,7,741
991,7,741
992,7,744
993,7,744
994,7,745
995,7,746
996,7,746
997,7,750
998,7,760
999,7,765
1000,7,766
1001,7,766
1002,7,766
1003,7,766
1004,7,767
1005,7,770
1006,7,770
1007,7,772
1008,7,776
1009,7,776
1010,7,780
1011,7,780
1012,7,781
1013,7,781
1014,7,782
1015,7,786
1016,7,786
1017,7,787
1018,7,789
1019,7,790
1020,7,791
1021,7,796
1022,7,796
1023,7,797
1024,7,807
1025,7,807
1026,7,810
1027,7,810
1028,7,810
1029,7,818
1030,7,818
1031,7,819
1032,7,822
1033,7,826
1034,7,827
1035,7,832
1036,7,837
1037,7,837
1038,7,837
1039,7,844
1040,7,851
1041,7,851
1042,7,852
1043,7,852
1044,7,852
1045,7,852
1046,7,862
1047,7,862
1048,7,864
1049,7,864
1050,7,864
1051,7,865
1052,7,867
1053,7,867
1054,7,867
1055,7,871
1056,7,879
1057,7,900
1058,7,903
1059,7,905
1060,7,912
1061,7,912
1062,7,913
1063,7,913
1064,7,913
1065,7,914
1066,7,914
1067,7,914
1068,7,916
1069,7,918
1070,7,928
1071,7,935
1072,7,936
1073,7,936
1074,7,945
1075,7,945
1076,7,953
1077,7,953
1078,7,953
1079,7,955
1080,7,955
1081,7,955
1082,7,955
1083,7,956
1084,7,956
1085,7,956
1086,7,958
1087,7,959
1088,7,964
1089,7,965
1090,7,966
1091,7,966
1092,7,967
1093,7,977
1094,7,977
1095,7,980
1096,7,986
1097,7,990
1098,7,990
1099,7,990
1100,7,992
1101,7,995
1102,7,999
1103,7,1000
1104,7,1001
1105,7,1001
1106,7,1002
1107,7,1005
1108,7,1005
1109,7,1006
1110,7,1008
1111,7,1008
1112,7,1008
1113,7,1010
1114,7,1018
1115,7,1018
1116,7,1018
1117,7,1018
1118,7,1018
1119,7,1018
1120,7,1023
1121,7,1023
1122,7,1025
1123,7,1025
1124,7,1026
1125,7,1028
1126,7,1028
1127,7,1034
1128,7,1036
1129,7,1036
1130,7,1041
1131,7,1044
1132,7,1045
1133,7,1046
1134,7,1046
1135,7,1050
1136,7,1050
1137,7,1054
1138,7,1054
1139,7,1055
1140,7,1055
1141,7,1057
1142,7,1066
1143,7,1068
1144,7,1077
1145,7,1077
1146,7,1082
1147,7,1083
1148,7,1083
1149,7,1084
1150,7,1084
1151,7,1093
1152,7,1094
1153,7,1094
1154,7,1094
1155,7,1094
1156,7,1096
1157,7,1098
1158,7,1100
1159,7,1100
1160,7,1101
1161,7,1108
1162,7,1109
1163,7,1116
1164,7,1121
1165,7,1121
1166,7,1121
1167,7,1121
1168,7,1123
1169,7,1123
1170,7,1125
1171,7,1125
1172,7,1125
1173,7,1132
1174,7,1138
1175,7,1138
1176,7,1138
1177,7,1139
1178,7,1145
1179,7,1145
1180,7,1145
1181,7,1145
1182,7,1145
1183,7,1145
1184,7,1147
1185,7,1147
1186,7,1150
1187,7,1150
1188,7,1150
1189,7,1160
1190,7,1160
1191,7,1163
1192,7,1168
1193,7,1171
1194,7,1173
1195,7,1175
1196,7,1179
1197,7,1179
1198,7,1179
1199,7,1184
1200,7,1184
1201,7,1186
1202,7,1195
1203,7,1195
1204,7,1195
1205,7,1195
1206,7,1195
1207,0,10
1208,0,48
1209,0,48
1210,0,48
1211,0,48
1212,0,48
1213,0,48
1214,0,48
1215,0,48
1216,0,48
1217,0,48
1218,0,48
1219,0,48
1220,0,48
1221,0,48
1222,0,48
1223,0,48
1224,0,48
1225,0,51
1226,0,51
1227,0,51
1228,0,53
1229,0,55
1230,0,60
1231,0,61
1232,0,65
1233,0,65
1234,0,70
1235,0,70
1236,0,70
1237,0,70
1238,0,70
1239,0,70
1240,0,75
1241,0,77
1242,0,77
1243,0,77
1244,0,83
1245,0,83
1246,0,83
1247,0,85
1248,0,89
1249,0,89
1250,0,92
1251,0,95
1252,0,95
1253,0,97
1254,0,97
1255,0,98
1256,0,105
1257,0,108
1258,0,108
1259,0,110
1260,0,110
1261,0,111
1262,0,119
1263,0,119
1264,0,125
1265,0,125
1266,0,131
1267,0,131
1268,0,134
1269,0,135
1270,0,135
1271,0,136
1272,0,137
1273,0,137
1274,0,137
1275,0,138
1276,0,138
1277,0,142
1278,0,143
1279,0,143
1280,0,146
1281,0,146
1282,0,148
1283,0,149
1284,0,149
1285,0,154
1286,0,156
1287,0,157
1288,0,157
1289,0,161
1290,0,163
1291,0,163
1292,0,166
1293,0,166
1294,0,171
1295,0,174
1296,0,174
1297,0,178
1298,0,179
1299,0,180
1300,0,180
1301,0,181
1302,0,189
1303,0,190
1304,0,190
1305,0,200
1306,0,200
1307,0,203
1308,0,205
1310,0,205
1311,0,205
1312,0,205
1313,0,205
1314,0,209
1315,0,218
1316,0,218
1317,0,218
1318,0,219
1319,0,219
1320,0,219
1321,0,219
1322,0,222
1323,0,224
1324,0,229
1325,0,232
1326,0,234
1327,0,235
1328,0,239
1329,0,239
1330,0,239
1331,0,241
1332,0,246
1333,0,249
1334,0,253
1335,0,256
1336,0,256
1337,0,257
1338,0,259
1339,0,259
1340,0,262
1341,0,262
1342,0,263
1343,0,263
1344,0,263
1345,0,264
1346,0,267
1347,0,271
1348,0,271
1349,0,273
1350,0,274
1351,0,274
1352,0,275
1353,0,275
1354,0,277
1355,0,278
1356,0,278
1357,0,278
1358,0,280
1359,0,280
1360,0,288
1361,0,292
1362,0,295
1363,0,295
1364,0,297
1365,0,298
1366,0,300
1367,0,301
1368,0,302
1369,0,302
1370,0,302
1371,0,303
1372,0,303
1373,0,303
1374,0,310
1375,0,310
1376,0,310
1377,0,311
1378,0,311
1379,0,313
1380,0,315
1381,0,315
1382,0,318
1383,0,318
1384,0,323
1385,0,325
1386,0,325
1387,0,327
1388,0,330
1389,0,332
1390,0,332
1391,0,332
1392,0,333
1393,0,335
1394,0,336
1395,0,342
1396,0,342
1397,0,342
1398,0,342
1399,0,349
1400,0,349
1401,0,351
1402,0,351
1403,0,351
1404,0,354
1405,0,357
1406,0,357
1407,0,359
1408,0,359
1409,0,359
1410,0,367
1411,0,368
1412,0,368
1413,0,369
1414,0,371
1415,0,372
1416,0,374
1417,0,374
1418,0,378
1419,0,378
1420,0,378
1421,0,379
1422,0,381
1423,0,381
1424,0,381
1425,0,381
1426,0,382
1427,0,382
1428,0,382
1429,0,382
1430,0,386
1431,0,387
1432,0,393
1433,0,397
1434,0,397
1435,0,399
1436,0,399
1437,0,401
1438,0,402
1439,0,402
1440,0,409
1441,0,409
1442,0,410
1443,0,411
1444,0,412
1445,0,412
1446,0,412
1447,0,412
1448,0,414
1449,0,414
1450,0,416
1451,0,420
1452,0,423
1453,0,423
1454,0,425
1455,0,426
1456,0,426
1457,0,427
1458,0,427
1459,0,430
1460,0,432
1461,0,434
1462,0,434
1463,0,434
1464,0,434
1465,0,436
1466,0,437
1467,0,438
1468,0,442
1469,0,448
1470,0,448
1471,0,449
1472,0,451
1473,0,452
1474,0,456
1475,0,456
1476,0,457
1477,0,459
1478,0,459
1479,0,461
1480,0,461
1481,0,461
1482,0,468
1483,0,469
1484,0,470
1485,0,473
1486,0,474
1487,0,474
1488,0,478
1489,0,479
1490,0,479
1491,0,491
1492,0,491
1493,0,491
1494,0,491
1495,0,494
1496,0,494
1497,0,496
1498,0,496
1499,0,496
1500,0,496
1501,0,497
1502,0,497
1503,0,497
1504,0,502
1505,0,502
1506,0,504
1507,0,507
1508,0,507
1509,0,507
1510,0,507
1511,0,510
1512,0,512
1513,0,513
1514,0,514
1515,0,514
1516,0,514
1517,0,521
1518,0,521
1519,0,521
1520,0,523
1521,0,528
1522,0,529
1523,0,531
1524,0,533
1525,0,533
1526,0,534
1527,0,540
1528,0,540
1529,0,540
1530,0,545
1531,0,545
1532,0,545
1533,0,551
1534,0,551
1535,0,551
1536,0,552
1537,0,553
1538,0,554
1539,0,554
1540,0,561
1541,0,567
1542,0,567
1543,0,569
1544,0,569
1545,0,569
1546,0,569
1547,0,570
1548,0,570
1549,0,570
1550,0,574
1551,0,574
1552,0,574
1553,0,574
1554,0,578
1555,0,578
1556,0,581
1557,0,584
1558,0,594
1559,0,594
1560,0,596
1561,0,597
1562,0,597
1563,0,599
1564,0,599
1565,0,599
1566,0,600
1567,0,611
1568,0,612
1569,0,612
1570,0,619
1571,0,619
1572,0,619
1573,0,621
1574,0,624
1575,0,625
1576,0,625
1577,0,626
1578,0,626
1579,0,628
1580,0,628
1581,0,630
1582,0,637
1583,0,637
1584,0,637
1585,0,638
1586,0,639
1587,0,639
1588,0,642
1589,0,644
1590,0,645
1591,0,647
1592,0,648
1593,0,648
1594,0,650
1595,0,651
1596,0,651
1597,0,651
1598,0,651
1599,0,651
1600,0,660
1601,0,660
1602,0,662
1603,0,663
1604,0,663
1605,0,669
1606,0,669
1607,0,670
1608,0,670
1609,0,673
1610,0,674
1611,0,681
1612,0,681
1613,0,681
1614,0,686
1615,0,686
1616,0,686
1617,0,689
1618,0,689
1619,0,690
1620,0,692
1621,0,692
1622,0,694
1623,0,696
1624,0,701
1625,0,705
1626,0,705
1627,0,708
1628,0,708
1629,0,712
1630,0,712
1631,0,713
1632,0,716
1633,0,716
1634,0,718
1635,0,718
1636,0,719
1637,0,719
1638,0,722
1639,0,725
1640,0,726
1641,0,726
1642,0,731
1643,0,737
1644,0,737
1645,0,737
1646,0,737
1647,0,742
1648,0,742
1649,0,742
1650,0,742
1651,0,742
1652,0,748
1653,0,748
1654,0,749
1655,0,759
1656,0,763
1657,0,763
1658,0,765
1659,0,765
1660,0,765
1661,0,766
1662,0,766
1663,0,772
1664,0,778
1665,0,780
1666,0,780
1667,0,780
1668,0,786
1669,0,786
1670,0,786
1671,0,787
1672,0,788
1673,0,788
1674,0,791
1675,0,792
1676,0,792
1677,0,793
1678,0,793
1679,0,793
1680,0,794
1681,0,794
1682,0,794
1683,0,797
1684,0,806
1685,0,806
1686,0,808
1687,0,808
1688,0,809
1689,0,809
1690,0,811
1691,0,811
1692,0,811
1693,0,814
1694,0,817
1695,0,818
1696,0,819
1697,0,819
1698,0,819
1699,0,820
1700,0,824
1701,0,824
1702,0,825
1703,0,827
1704,0,829
1705,0,835
1706,0,838
1707,0,838
1708,0,839
1709,0,839
1710,0,841
1711,0,841
1712,0,841
1713,0,843
1714,0,846
1715,0,848
1716,0,848
1717,0,851
1718,0,857
1719,0,857
1720,0,858
1721,0,858
1722,0,858
1723,0,858
1724,0,860
1725,0,863
1726,0,863
1727,0,863
1728,0,867
1729,0,868
1730,0,868
1731,0,869
1732,0,870
1733,0,870
1734,0,871
1735,0,875
1736,0,875
1737,0,877
1738,0,878
1739,0,883
1740,0,886
1741,0,892
1742,0,892
1743,0,894
1744,0,894
1745,0,894
1746,0,894
1747,0,895
1748,0,898
1749,0,898
1750,0,898
1751,0,899
1752,0,906
1753,0,908
1754,0,910
1755,0,912
1756,0,920
1757,0,920
1758,0,920
1759,0,921
1760,0,921
1761,0,933
1762,0,933
1763,0,933
1764,0,935
1765,0,936
1766,0,938
1767,0,938
1768,0,938
1769,0,938
1770,0,943
1771,0,943
1772,0,944
1773,0,945
1774,0,950
1775,0,956
1776,0,959
1777,0,962
1778,0,962
1779,0,964
1780,0,964
1781,0,970
1782,0,970
1783,0,970
1784,0,974
1785,0,974
1786,0,975
1787,0,976
1788,0,976
1789,0,980
1790,0,980
1791,0,980
1792,0,980
1793,0,983
1794,0,983
1795,0,983
1796,0,988
1797,0,989
1798,0,993
1799,0,993
1800,0,996
1801,0,996
1802,0,996
1803,0,996
1804,0,998
1805,0,1000
1806,0,1000
1807,0,1002
1808,0,1002
1809,0,1008
1810,0,1008
1811,0,1011
1812,0,1013
1813,0,1015
1814,0,1015
1815,0,1016
1816,0,1023
1817,0,1030
1818,0,1030
1819,0,1035
1820,0,1035
1821,0,1035
1822,0,1038
1823,0,1038
1824,0,1039
1825,0,1039
1826,0,1047
1827,0,1049
1828,0,1049
1829,0,1049
1830,0,1055
1831,0,1059
1832,0,1059
1833,0,1059
1834,0,1064
1835,0,1066
1836,0,1067
1837,0,1069
1838,0,1076
1839,0,1078
1840,0,1078
1841,0,1078
1842,0,1092
1843,0,1093
1844,0,1093
1845,0,1093
1846,0,1094
1847,0,1094
1848,0,1094
1849,0,1096
1850,0,1096
1851,0,1099
1852,0,1099
1853,0,1101
1854,0,1103
1855,0,1103
1856,0,1109
1857,0,1109
1858,0,1109
1859,0,1111
1860,0,1114
1861,0,1114
1862,0,1117
1863,0,1119
1864,0,1119
1865,0,1119
1866,0,1119
1867,0,1119
1868,0,1121
1869,0,1125
1870,0,1133
1871,0,1136
1872,0,1138
1873,0,1138
1874,0,1138
1875,0,1138
1876,0,1140
1877,0,1140
1878,0,1141
1879,0,1142
1880,0,1143
1881,0,1144
1882,0,1144
1883,0,1145
1884,0,1145
1885,0,1148
1886,0,1151
1887,0,1153
1888,0,1153
1889,0,1156
1890,0,1156
1891,0,1156
1892,0,1157
1893,0,1168
1894,0,1168
1895,0,1168
1896,0,1169
1897,0,1169
1898,0,1171
1899,0,1174
1900,0,1174
1901,0,1177
1902,0,1177
1903,1,20
1904,1,26
1905,1,26
1906,1,26
1907,1,43
1908,1,43
1909,1,43
1910,1,43
1911,1,43
1912,1,43
1913,1,43
1914,1,43
1915,1,43
1916,1,43
1917,1,43
1918,1,50
1919,1,52
1920,1,52
1921,1,54
1922,1,54
1923,1,58
1924,1,70
1925,1,70
1926,1,71
1927,1,71
1928,1,71
1929,1,71
1930,1,71
1931,1,78
1932,1,78
1933,1,80
1934,1,81
1935,1,81
1936,1,82
1937,1,83
1938,1,83
1939,1,86
1940,1,87
1941,1,88
1942,1,90
1943,1,91
1944,1,91
1945,1,98
1946,1,98
1947,1,99
1948,1,103
1949,1,103
1950,1,110
1951,1,110
1952,1,112
1953,1,112
1954,1,112
1955,1,112
1956,1,115
1957,1,115
1958,1,115
1959,1,117
1960,1,122
1961,1,122
1962,1,122
1963,1,122
1964,1,122
1965,1,123
1966,1,123
1967,1,123
1968,1,128
1969,1,128
1970,1,132
1971,1,132
1972,1,132
1973,1,132
1974,1,133
1975,1,133
1976,1,135
1977,1,136
1978,1,139
1979,1,140
1980,1,142
1981,1,146
1982,1,146
1983,1,146
1984,1,146
1985,1,149
1986,1,150
1987,1,156
1988,1,156
1989,1,157
1990,1,157
1991,1,157
1992,1,159
1993,1,159
1994,1,162
1995,1,162
1996,1,162
1997,1,165
1998,1,166
1999,1,168
2000,1,170
2001,1,170
2002,1,171
2003,1,175
2004,1,176
2005,1,180
2006,1,180
2007,1,180
2008,1,183
2009,1,183
2010,1,190
2011,1,190
2012,1,193
2013,1,201
2014,1,204
2015,1,205
2016,1,205
2017,1,210
2018,1,210
2019,1,214
2020,1,214
2021,1,215
2022,1,215
2023,1,215
2024,1,215
2025,1,216
2026,1,216
2027,1,216
2028,1,219
2029,1,219
2030,1,223
2031,1,227
2032,1,233
2033,1,233
2034,1,233
2035,1,239
2036,1,241
2037,1,243
2038,1,243
2039,1,245
2040,1,245
2041,1,245
2042,1,246
2043,1,246
2044,1,246
2045,1,248
2046,1,249
2047,1,249
2048,1,249
2049,1,249
2050,1,250
2051,1,250
2052,1,252
2053,1,252
2054,1,252
2055,1,257
2056,1,261
2057,1,261
2058,1,261
2059,1,267
2060,1,270
2061,1,272
2062,1,278
2063,1,278
2064,1,281
2065,1,288
2066,1,291
2067,1,291
2068,1,291
2069,1,291
2070,1,291
2071,1,295
2072,1,304
2073,1,305
2074,1,310
2075,1,310
2076,1,312
2077,1,312
2078,1,313
2079,1,318
2080,1,318
2081,1,318
2082,1,319
2083,1,319
2084,1,319
2085,1,329
2086,1,329
2087,1,331
2088,1,331
2089,1,334
2090,1,337
2091,1,337
2092,1,343
2093,1,343
2094,1,346
2095,1,347
2096,1,349
2097,1,349
2098,1,349
2099,1,354
2100,1,354
2101,1,354
2102,1,354
2103,1,357
2104,1,357
2105,1,360
2106,1,363
2107,1,366
2108,1,368
2109,1,368
2110,1,371
2111,1,371
2112,1,371
2113,1,372
2114,1,372
2115,1,374
2116,1,374
2117,1,376
2118,1,376
2119,1,378
2120,1,379
2121,1,379
2122,1,381
2123,1,381
2124,1,387
2125,1,387
2126,1,387
2127,1,395
2128,1,401
2129,1,401
2130,1,401
2131,1,403
2132,1,408
2133,1,410
2134,1,410
2135,1,412
2136,1,414
2137,1,415
2138,1,415
2139,1,416
2140,1,416
2141,1,417
2142,1,421
2143,1,421
2144,1,423
2145,1,423
2146,1,423
2147,1,424
2148,1,426
2149,1,428
2150,1,428
2151,1,430
2152,1,430
2153,1,432
2154,1,435
2155,1,435
2156,1,441
2157,1,441
2158,1,443
2159,1,443
2160,1,443
2161,1,444
2162,1,444
2163,1,446
2164,1,447
2165,1,447
2166,1,447
2167,1,448
2168,1,448
2169,1,448
2170,1,456
2171,1,461
2172,1,466
2173,1,467
2174,1,469
2175,1,470
2176,1,470
2177,1,472
2178,1,472
2179,1,475
2180,1,475
2181,1,475
2182,1,476
2183,1,476
2184,1,479
2185,1,480
2186,1,480
2187,1,480
2188,1,480
2189,1,481
2190,1,482
2191,1,485
2192,1,485
2193,1,485
2194,1,487
2195,1,489
2196,1,489
2197,1,492
2198,1,493
2199,1,493
2200,1,495
2201,1,496
2202,1,499
2203,1,502
2204,1,503
2205,1,504
2206,1,505
2207,1,508
2208,1,509
2209,1,512
2210,1,514
2211,1,514
2212,1,514
2213,1,514
2214,1,516
2215,1,520
2216,1,524
2217,1,525
2218,1,525
2219,1,525
2220,1,526
2221,1,527
2222,1,527
2223,1,528
2224,1,530
2225,1,530
2226,1,533
2227,1,533
2228,1,537
2229,1,540
2230,1,543
2231,1,543
2232,1,543
2233,1,545
2234,1,545
2235,1,548
2236,1,548
2237,1,549
2238,1,555
2239,1,555
2240,1,555
2241,1,556
2242,1,556
2243,1,556
2244,1,559
2245,1,559
2246,1,561
2247,1,562
2248,1,563
2249,1,563
2250,1,566
2251,1,568
2252,1,570
2253,1,577
2254,1,577
2255,1,584
2256,1,586
2257,1,586
2258,1,587
2259,1,587
2260,1,587
2261,1,591
2262,1,591
2263,1,593
2264,1,593
2265,1,600
2266,1,600
2267,1,600
2268,1,600
2269,1,602
2270,1,602
2271,1,602
2272,1,602
2273,1,603
2274,1,603
2275,1,608
2276,1,608
2277,1,608
2278,1,608
2279,1,608
2280,1,611
2281,1,611
2282,1,615
2283,1,616
2284,1,617
2285,1,618
2286,1,618
2287,1,624
2288,1,625
2289,1,625
2290,1,626
2291,1,628
2292,1,628
2293,1,630
2294,1,630
2295,1,634
2296,1,636
2297,1,636
2298,1,638
2299,1,639
2300,1,640
2301,1,644
2302,1,644
2303,1,644
2304,1,653
2305,1,657
2306,1,657
2307,1,661
2308,1,663
2309,1,663
2310,1,663
2311,1,669
2312,1,670
2313,1,670
2314,1,671
2315,1,674
2316,1,676
2317,1,676
2318,1,679
2319,1,682
2320,1,685
2321,1,686
2322,1,686
2323,1,692
2324,1,694
2325,1,694
2326,1,694
2327,1,694
2328,1,695
2329,1,695
2330,1,700
2331,1,701
2332,1,703
2333,1,703
2334,1,704
2335,1,704
2336,1,710
2337,1,710
2338,1,712
2339,1,713
2340,1,713
2341,1,713
2342,1,714
2343,1,715
2344,1,721
2345,1,721
2346,1,722
2347,1,726
2348,1,730
2349,1,730
2350,1,731
2351,1,732
2352,1,732
2353,1,732
2354,1,732
2355,1,733
2356,1,735
2357,1,740
2358,1,741
2359,1,745
2360,1,747
2361,1,747
2362,1,747
2363,1,747
2364,1,756
2365,1,758
2366,1,758
2367,1,758
2368,1,759
2369,1,765
2370,1,765
2371,1,767
2372,1,769
2373,1,771
2374,1,771
2375,1,771
2376,1,774
2377,1,774
2378,1,776
2379,1,776
2380,1,776
2381,1,780
2382,1,782
2383,1,782
2384,1,782
2385,1,782
2386,1,789
2387,1,789
2388,1,789
2389,1,797
2390,1,800
2391,1,800
2392,1,803
2393,1,803
2394,1,803
2395,1,803
2396,1,804
2397,1,810
2398,1,814
2399,1,814
2400,1,819
2401,1,820
2402,1,821
2403,1,821
2404,1,825
2405,1,825
2406,1,828
2407,1,828
2408,1,829
2409,1,830
2410,1,830
2411,1,830
2412,1,835
2413,1,839
2414,1,842
2415,1,842
2416,1,842
2417,1,844
2418,1,844
2419,1,844
2420,1,846
2421,1,846
2422,1,847
2423,1,848
2424,1,853
2425,1,854
2426,1,857
2427,1,860
2428,1,860
2429,1,861
2430,1,863
2431,1,868
2432,1,868
2433,1,876
2434,1,876
2435,1,877
2436,1,877
2437,1,877
2438,1,877
2439,1,881
2440,1,881
2441,1,881
2442,1,883
2443,1,884
2444,1,884
2445,1,884
2446,1,886
2447,1,886
2448,1,886
2449,1,886
2450,1,886
2451,1,895
2452,1,895
2453,1,900
2454,1,900
2455,1,900
2456,1,903
2457,1,903
2458,1,906
2459,1,906
2460,1,908
2461,1,912
2462,1,912
2463,1,915
2464,1,920
2465,1,922
2466,1,924
2467,1,933
2468,1,936
2469,1,940
2470,1,940
2471,1,940
2472,1,940
2473,1,941
2474,1,941
2475,1,943
2476,1,945
2477,1,945
2478,1,950
2479,1,951
2480,1,955
2481,1,955
2482,1,955
2483,1,956
2484,1,956
2485,1,958
2486,1,960
2487,1,960
2488,1,960
2489,1,961
2490,1,969
2491,1,969
2492,1,970
2493,1,970
2494,1,970
2495,1,970
2496,1,972
2497,1,973
2498,1,973
2499,1,973
2500,1,973
2501,1,973
2502,1,973
2503,1,973
2504,1,974
2505,1,974
2506,1,979
2507,1,979
2508,1,982
2509,1,983
2510,1,984
2511,1,985
2512,1,986
2513,1,990
2514,1,991
2515,1,993
2516,1,993
2517,1,993
2518,1,997
2519,1,1003
2520,1,1003
2521,1,1004
2522,1,1004
2523,1,1007
2524,1,1007
2525,1,1008
2526,1,1013
2527,1,1015
2528,1,1015
2529,1,1015
2530,1,1015
2531,1,1018
2532,1,1022
2533,1,1022
2534,1,1022
2535,1,1022
2536,1,1022
2537,1,1022
2538,1,1024
2539,1,1037
2540,1,1038
2541,1,1038
2542,1,1039
2543,1,1039
2544,1,1042
2545,1,1042
2546,1,1045
2547,1,1046
2548,1,1047
2549,1,1048
2550,1,1054
2551,1,1061
2552,1,1062
2553,1,1062
2554,1,1062
2555,1,1064
2556,1,1064
2557,1,1064
2558,1,1064
2559,1,1064
2560,1,1067
2561,1,1075
2562,1,1076
2563,1,1076
2564,1,1076
2565,1,1076
2566,1,1079
2567,1,1079
2568,1,1079
2569,1,1080
2570,1,1082
2571,1,1082
2572,1,1082
2573,1,1090
2574,1,1093
2575,1,1099
2576,1,1099
2577,1,1105
2578,1,1105
2579,1,1105
2580,1,1108
2581,1,1108
2582,1,1108
2583,1,1110
2584,1,1110
2585,1,1116
2586,1,1117
2587,1,1119
2588,1,1121
2589,1,1122
2590,1,1123
2591,1,1124
2592,1,1124
2593,1,1124
2594,1,1125
2595,1,1126
2596,1,1127
2597,1,1138
2598,6,49
2599,6,49
2600,6,49
2601,6,49
2602,6,49
2603,6,49
2604,6,49
2605,6,49
2606,6,49
2607,6,49
2608,6,49
2609,6,49
2610,6,49
2611,6,49
2612,6,49
2613,6,49
2614,6,54
2615,6,55
2616,6,55
2617,6,65
2618,6,71
2619,6,73
2620,6,73
2621,6,73
2622,6,73
2623,6,78
2624,6,78
2625,6,78
2626,6,81
2627,6,84
2628,6,84
2629,6,84
2630,6,90
2631,6,91
2632,6,91
2633,6,92
2634,6,92
2635,6,93
2636,6,93
2637,6,93
2638,6,96
2639,6,96
2640,6,96
2641,6,96
2642,6,98
2643,6,99
2644,6,99
2645,6,101
2646,6,102
2647,6,102
2648,6,102
2649,6,103
2650,6,105
2651,6,108
2652,6,111
2653,6,117
2654,6,121
2655,6,123
2656,6,124
2657,6,133
2658,6,135
2659,6,140
2660,6,140
2661,6,144
2662,6,145
2663,6,145
2664,6,147
2665,6,149
2666,6,149
2667,6,149
2668,6,149
2669,6,157
2670,6,157
2671,6,158
2672,6,159
2673,6,159
2674,6,159
2675,6,164
2676,6,164
2677,6,168
2678,6,169
2679,6,169
2680,6,174
2681,6,180
2682,6,180
2683,6,183
2684,6,183
2685,6,186
2686,6,186
2687,6,189
2688,6,189
2689,6,191
2690,6,192
2691,6,192
2692,6,194
2693,6,199
2694,6,204
2695,6,207
2696,6,212
2697,6,212
2698,6,215
2699,6,215
2700,6,216
2701,6,216
2702,6,217
2703,6,217
2704,6,220
2705,6,221
2706,6,222
2707,6,222
2708,6,224
2709,6,228
2710,6,230
2711,6,230
2712,6,231
2713,6,233
2714,6,233
2715,6,234
2716,6,234
2717,6,238
2718,6,239
2719,6,239
2720,6,248
2721,6,252
2722,6,257
2723,6,260
2724,6,260
2725,6,263
2726,6,264
2727,6,264
2728,6,264
2729,6,265
2730,6,265
2731,6,274
2732,6,274
2733,6,274
2734,6,275
2735,6,275
2736,6,279
2737,6,280
2738,6,280
2739,6,282
2740,6,282
2741,6,282
2742,6,289
2743,6,289
2744,6,290
2745,6,290
2746,6,291
2747,6,296
2748,6,297
2749,6,297
2750,6,297
2751,6,297
2752,6,297
2753,6,300
2754,6,300
2755,6,303
2756,6,303
2757,6,303
2758,6,309
2759,6,311
2760,6,311
2761,6,311
2762,6,312
2763,6,313
2764,6,315
2765,6,323
2766,6,323
2767,6,323
2768,6,325
2769,6,325
2770,6,326
2771,6,327
2772,6,327
2773,6,338
2774,6,340
2775,6,342
2776,6,342
2777,6,342
2778,6,342
2779,6,342
2780,6,350
2781,6,350
2782,6,351
2783,6,351
2784,6,354
2785,6,356
2786,6,359
2787,6,362
2788,6,363
2789,6,363
2790,6,365
2791,6,365
2792,6,365
2793,6,369
2794,6,369
2795,6,370
2796,6,373
2797,6,373
2798,6,373
2799,6,373
2800,6,376
2801,6,376
2802,6,376
2803,6,379
2804,6,381
2805,6,381
2806,6,384
2807,6,387
2808,6,387
2809,6,387
2810,6,394
2811,6,394
2812,6,398
2813,6,400
2814,6,405
2815,6,405
2816,6,405
2817,6,409
2818,6,413
2819,6,413
2820,6,413
2821,6,413
2822,6,413
2823,6,419
2824,6,419
2825,6,421
2826,6,422
2827,6,426
2828,6,427
2829,6,427
2830,6,430
2831,6,432
2832,6,432
2833,6,435
2834,6,437
2835,6,439
2836,6,446
2837,6,450
2838,6,453
2839,6,455
2840,6,458
2841,6,460
2842,6,460
2843,6,460
2844,6,461
2845,6,461
2846,6,462
2847,6,462
2848,6,462
2849,6,462
2850,6,463
2851,6,463
2852,6,464
2853,6,464
2854,6,465
2855,6,465
2856,6,471
2857,6,471
2858,6,471
2859,6,474
2860,6,487
2861,6,487
2862,6,493
2863,6,493
2864,6,497
2865,6,497
2866,6,499
2867,6,502
2868,6,504
2869,6,505
2870,6,514
2871,6,514
2872,6,514
2873,6,517
2874,6,519
2875,6,520
2876,6,520
2877,6,520
2878,6,528
2879,6,528
2880,6,528
2881,6,530
2882,6,530
2883,6,533
2884,6,535
2885,6,535
2886,6,535
2887,6,535
2888,6,536
2889,6,539
2890,6,539
2891,6,539
2892,6,546
2893,6,553
2894,6,553
2895,6,553
2896,6,556
2897,6,556
2898,6,556
2899,6,557
2900,6,564
2901,6,564
2902,6,567
2903,6,567
2904,6,569
2905,6,574
2906,6,574
2907,6,574
2908,6,574
2909,6,576
2910,6,579
2911,6,579
2912,6,587
2913,6,587
2914,6,589
2915,6,589
2916,6,590
2917,6,598
2918,6,598
2919,6,598
2920,6,599
2921,6,599
2922,6,600
2923,6,601
2924,6,602
2925,6,602
2926,6,605
2927,6,605
2928,6,607
2929,6,610
2930,6,613
2931,6,613
2932,6,614
2933,6,617
2934,6,621
2935,6,626
2936,6,629
2937,6,630
2938,6,630
2939,6,630
2940,6,631
2941,6,634
2942,6,636
2943,6,636
2944,6,640
2945,6,644
2946,6,646
2947,6,647
2948,6,647
2949,6,647
2950,6,647
2951,6,647
2952,6,655
2953,6,656
2954,6,660
2955,6,662
2956,6,665
2957,6,665
2958,6,667
2959,6,667
2960,6,667
2961,6,667
2962,6,668
2963,6,671
2964,6,673
2965,6,673
2966,6,678
2967,6,683
2968,6,686
2969,6,689
2970,6,691
2971,6,691
2972,6,694
2973,6,694
2974,6,696
2975,6,696
2976,6,697
2977,6,699
2978,6,701
2979,6,702
2980,6,702
2981,6,704
2982,6,708
2983,6,708
2984,6,711
2985,6,716
2986,6,719
2987,6,719
2988,6,721
2989,6,721
2990,6,721
2991,6,721
2992,6,722
2993,6,722
2994,6,727
2995,6,729
2996,6,729
2997,6,731
2998,6,733
2999,6,733
3000,6,733
3001,6,736
3002,6,736
3003,6,742
3004,6,742
3005,6,748
3006,6,753
3007,6,753
3008,6,753
3009,6,758
3010,6,758
3011,6,761
3012,6,761
3013,6,767
3014,6,768
3015,6,768
3016,6,769
3017,6,772
3018,6,772
3019,6,774
3020,6,778
3021,6,778
3022,6,778
3023,6,780
3024,6,783
3025,6,783
3026,6,783
3027,6,785
3028,6,790
3029,6,790
3030,6,791
3031,6,793
3032,6,793
3033,6,793
3034,6,798
3035,6,798
3036,6,798
3037,6,809
3038,6,812
3039,6,812
3040,6,813
3041,6,816
3042,6,817
3043,6,817
3044,6,819
3045,6,819
3046,6,821
3047,6,825
3048,6,825
3049,6,826
3050,6,826
3051,6,827
3052,6,832
3053,6,840
3054,6,843
3055,6,845
3056,6,845
3057,6,845
3058,6,848
3059,6,850
3060,6,850
3061,6,852
3062,6,853
3063,6,855
3064,6,855
3065,6,855
3066,6,856
3067,6,856
3068,6,856
3069,6,858
3070,6,858
3071,6,858
3072,6,858
3073,6,863
3074,6,866
3075,6,866
3076,6,868
3077,6,868
3078,6,868
3079,6,868
3080,6,879
3081,6,879
3082,6,880
3083,6,880
3084,6,881
3085,6,881
3086,6,881
3087,6,881
3088,6,885
3089,6,891
3090,6,891
3091,6,892
3092,6,893
3093,6,893
3094,6,893
3095,6,894
3096,6,896
3097,6,896
3098,6,896
3099,6,900
3100,6,900
3101,6,901
3102,6,901
3103,6,908
3104,6,914
3105,6,915
3106,6,918
3107,6,918
3108,6,920
3109,6,921
3110,6,921
3111,6,928
3112,6,932
3113,6,932
3114,6,934
3115,6,934
3116,6,934
3117,6,934
3118,6,937
3119,6,937
3120,6,938
3121,6,938
3122,6,939
3123,6,941
3124,6,943
3125,6,943
3126,6,947
3127,6,947
3128,6,947
3129,6,947
3130,6,947
3131,6,948
3132,6,951
3133,6,951
3134,6,953
3135,6,963
3136,6,964
3137,6,964
3138,6,964
3139,6,965
3140,6,965
3141,6,966
3142,6,967
3143,6,969
3144,6,969
3145,6,970
3146,6,972
3147,6,976
3148,6,976
3149,6,976
3150,6,976
3151,6,976
3152,6,980
3153,6,984
3154,6,987
3155,6,991
3156,6,992
3157,6,996
3158,6,1002
3159,6,1002
3160,6,1004
3161,6,1004
3162,6,1005
3163,6,1010
3164,6,1010
3165,6,1010
3166,6,1013
3167,6,1013
3168,6,1015
3169,6,1017
3170,6,1021
3171,6,1021
3172,6,1023
3173,6,1023
3174,6,1031
3175,6,1032
3176,6,1032
3177,6,1038
3178,6,1038
3179,6,1038
3180,6,1038
3181,6,1042
3182,6,1042
3183,6,1042
3184,6,1042
3185,6,1042
3186,6,1045
3187,6,1047
3188,6,1047
3189,6,1047
3190,6,1047
3191,6,1047
3192,6,1049
3193,6,1049
3194,6,1051
3195,6,1051
3196,6,1051
3197,6,1052
3198,6,1052
3199,6,1052
3200,6,1054
3201,6,1055
3202,6,1055
3203,6,1057
3204,6,1057
3205,6,1058
3206,6,1059
3207,6,1062
3208,6,1062
3209,6,1062
3210,6,1063
3211,6,1063
3212,6,1063
3213,6,1066
3214,6,1068
3215,6,1071
3216,6,1072
3217,6,1076
3218,6,1076
3219,6,1083
3220,6,1083
3221,6,1083
3222,6,1087
3223,6,1087
3224,6,1087
3225,6,1087
3226,6,1087
3227,6,1089
3228,6,1089
3229,6,1089
3230,6,1090
3231,6,1091
3232,6,1091
3233,6,1101
3234,6,1104
3235,6,1105
3236,6,1106
3237,6,1106
3238,6,1106
3239,6,1110
3240,6,1110
3241,6,1116
3242,6,1116
3243,6,1116
3244,6,1126
3245,6,1126
3246,6,1126
3247,6,1127
3248,6,1127
3249,6,1128
3250,6,1128
3251,6,1128
3252,6,1129
3253,6,1129
3254,6,1131
3255,6,1131
3256,6,1131
3257,6,1134
3258,6,1135
3259,6,1137
3260,6,1137
3261,6,1137
3262,6,1138
3263,6,1141
3264,6,1146
3265,6,1149
3266,6,1149
3267,6,1149
3268,6,1150
3269,6,1153
3270,6,1160
3271,6,1165
3272,6,1165
3273,6,1169
3274,6,1169
3275,6,1172
3276,6,1173
3277,6,1175
3278,6,1175
3279,6,1176
3280,6,1176
3281,6,1176
3282,6,1176
3283,6,1178
3284,6,1182
3285,6,1182
3286,6,1182
3287,6,1182
3288,6,1183
3289,6,1184
3290,6,1185
3291,6,1187
3292,6,1188
3293,6,1189
3294,6,1191
3295,6,1200
3296,6,1201
3297,6,1201
3298,6,1203
3299,6,1203
3300,6,1203
3301,6,1203
3302,6,1206
3303,6,1216
3304,6,1216
3305,6,1217
3306,6,1220
3307,6,1221
3308,6,1222
3309,6,1228
3310,6,1228
3311,6,1231
3312,6,1236
3313,6,1236
3314,6,1236
3315,6,1238
3316,6,1241
3317,6,1246
3318,6,1246
3319,6,1247
3320,6,1247
3321,6,1247
3322,6,1247
3323,6,1248
3324,2,25
3325,2,28
3326,2,28
3327,2,28
3328,2,28
3329,2,35
3330,2,35
3331,2,35
3332,2,35
3333,2,35
3334,2,35
3335,2,35
3336,2,35
3337,2,35
3338,2,35
3339,2,50
3340,2,50
3341,2,50
3342,2,50
3343,2,50
3344,2,50
3345,2,50
3346,2,50
3347,2,50
3348,2,50
3349,2,50
3350,2,50
3351,2,50
3352,2,58
3353,2,58
3354,2,64
3355,2,64
3356,2,69
3357,2,71
3358,2,73
3359,2,73
3360,2,73
3361,2,75
3362,2,76
3363,2,83
3364,2,84
3365,2,84
3366,2,87
3367,2,87
3368,2,91
3369,2,91
3370,2,93
3371,2,94
3372,2,97
3373,2,98
3374,2,100
3375,2,100
3376,2,101
3377,2,101
3378,2,102
3379,2,106
3380,2,109
3381,2,112
3382,2,112
3383,2,112
3384,2,112
3385,2,113
3386,2,113
3387,2,123
3388,2,123
3389,2,125
3390,2,127
3391,2,128
3392,2,133
3393,2,133
3394,2,135
3395,2,137
3396,2,137
3397,2,140
3398,2,140
3399,2,140
3400,2,140
3401,2,143
3402,2,143
3403,2,144
3404,2,144
3405,2,144
3406,2,147
3407,2,147
3408,2,149
3409,2,150
3410,2,153
3411,2,156
3412,2,156
3413,2,156
3414,2,156
3415,2,156
3416,2,156
3417,2,157
3418,2,161
3419,2,165
3420,2,166
3421,2,168
3422,2,170
3423,2,170
3424,2,172
3425,2,172
3426,2,173
3427,2,173
3428,2,173
3429,2,173
3430,2,174
3431,2,174
3432,2,178
3433,2,179
3434,2,180
3435,2,180
3436,2,180
3437,2,181
3438,2,181
3439,2,191
3440,2,191
3441,2,200
3442,2,200
3443,2,200
3444,2,200
3445,2,201
3446,2,204
3447,2,204
3448,2,205
3449,2,205
3450,2,205
3451,2,207
3452,2,207
3453,2,207
3454,2,209
3455,2,209
3456,2,212
3457,2,213
3458,2,215
3459,2,217
3460,2,218
3461,2,218
3462,2,218
3463,2,218
3464,2,218
3465,2,218
3466,2,219
3467,2,220
3468,2,220
3469,2,229
3470,2,229
3471,2,230
3472,2,230
3473,2,230
3474,2,230
3475,2,230
3476,2,237
3477,2,238
3478,2,239
3479,2,244
3480,2,244
3481,2,244
3482,2,246
3483,2,246
3484,2,246
3485,2,246
3486,2,251
3487,2,251
3488,2,251
3489,2,254
3490,2,255
3491,2,255
3492,2,258
3493,2,258
3494,2,261
3495,2,263
3496,2,269
3497,2,279
3498,2,279
3499,2,279
3500,2,280
3501,2,280
3502,2,285
3503,2,287
3504,2,287
3505,2,287
3506,2,291
3507,2,292
3508,2,292
3509,2,294
3510,2,294
3511,2,294
3512,2,298
3513,2,298
3514,2,298
3515,2,301
3516,2,301
3517,2,302
3518,2,305
3519,2,305
3520,2,305
3521,2,305
3522,2,305
3523,2,305
3524,2,305
3525,2,306
3526,2,307
3527,2,307
3528,2,307
3529,2,310
3530,2,310
3531,2,310
3532,2,312
3533,2,312
3534,2,312
3535,2,317
3536,2,317
3537,2,317
3538,2,323
3539,2,329
3540,2,329
3541,2,330
3542,2,332
3543,2,335
3544,2,335
3545,2,338
3546,2,338
3547,2,343
3548,2,343
3549,2,343
3550,2,343
3551,2,345
3552,2,345
3553,2,348
3554,2,349
3555,2,349
3556,2,356
3557,2,357
3558,2,367
3559,2,367
3560,2,369
3561,2,373
3562,2,373
3563,2,374
3564,2,374
3565,2,374
3566,2,375
3567,2,375
3568,2,375
3569,2,377
3570,2,377
3571,2,378
3572,2,378
3573,2,380
3574,2,382
3575,2,382
3576,2,382
3577,2,387
3578,2,388
3579,2,392
3580,2,393
3581,2,394
3582,2,396
3583,2,396
3584,2,397
3585,2,397
3586,2,399
3587,2,399
3588,2,403
3589,2,404
3590,2,405
3591,2,407
3592,2,412
3593,2,412
3594,2,415
3595,2,415
3596,2,415
3597,2,418
3598,2,421
3599,2,421
3600,2,422
3601,2,425
3602,2,426
3603,2,428
3604,2,429
3605,2,429
3606,2,435
3607,2,436
3608,2,436
3609,2,437
3610,2,437
3611,2,437
3612,2,437
3613,2,437
3614,2,441
3615,2,445
3616,2,445
3617,2,448
3618,2,448
3619,2,448
3620,2,449
3621,2,450
3622,2,450
3623,2,451
3624,2,454
3625,2,460
3626,2,460
3627,2,462
3628,2,463
3629,2,463
3630,2,463
3631,2,466
3632,2,468
3633,2,468
3634,2,471
3635,2,479
3636,2,481
3637,2,483
3638,2,483
3639,2,485
3640,2,486
3641,2,488
3642,2,489
3643,2,494
3644,2,495
3645,2,495
3646,2,497
3647,2,497
3648,2,498
3649,2,498
3650,2,499
3651,2,499
3652,2,500
3653,2,501
3654,2,511
3655,2,514
3656,2,514
3657,2,514
3658,2,516
3659,2,519
3660,2,521
3661,2,530
3662,2,531
3663,2,533
3664,2,533
3665,2,538
3666,2,541
3667,2,541
3668,2,541
3669,2,543
3670,2,544
3671,2,547
3672,2,547
3673,2,547
3674,2,548
3675,2,548
3676,2,548
3677,2,548
3678,2,549
3679,2,550
3680,2,554
3681,2,554
3682,2,559
3683,2,565
3684,2,565
3685,2,566
3686,2,567
3687,2,567
3688,2,568
3689,2,568
3690,2,574
3691,2,574
3692,2,576
3693,2,576
3694,2,577
3695,2,582
3696,2,582
3697,2,582
3698,2,582
3699,2,583
3700,2,587
3701,2,588
3702,2,590
3703,2,590
3704,2,590
3705,2,591
3706,2,591
3707,2,593
3708,2,595
3709,2,601
3710,2,601
3711,2,601
3712,2,601
3713,2,602
3714,2,604
3715,2,610
3716,2,612
3717,2,612
3718,2,612
3719,2,614
3720,2,614
3721,2,614
3722,2,619
3723,2,619
3724,2,620
3725,2,621
3726,2,621
3727,2,621
3728,2,621
3729,2,621
3730,2,627
3731,2,632
3732,2,635
3733,2,637
3734,2,637
3735,2,637
3736,2,637
3737,2,637
3738,2,637
3739,2,644
3740,2,644
3741,2,644
3742,2,649
3743,2,649
3744,2,655
3745,2,655
3746,2,659
3747,2,661
3748,2,661
3749,2,661
3750,2,665
3751,2,666
3752,2,666
3753,2,667
3754,2,671
3755,2,671
3756,2,673
3757,2,673
3758,2,677
3759,2,682
3760,2,682
3761,2,682
3762,2,687
3763,2,690
3764,2,691
3765,2,694
3766,2,694
3767,2,694
3768,2,701
3769,2,702
3770,2,703
3771,2,708
3772,2,712
3773,2,714
3774,2,715
3775,2,715
3776,2,717
3777,2,722
3778,2,722
3779,2,726
3780,2,726
3781,2,726
3782,2,726
3783,2,726
3784,2,727
3785,2,728
3786,2,728
3787,2,728
3788,2,728
3789,2,731
3790,2,738
3791,2,738
3792,2,739
3793,2,741
3794,2,741
3795,2,741
3796,2,741
3797,2,741
3798,2,741
3799,2,746
3800,2,750
3801,2,750
3802,2,750
3803,2,751
3804,2,751
3805,2,757
3806,2,757
3807,2,765
3808,2,765
3809,2,766
3810,2,766
3811,2,767
3812,2,770
3813,2,771
3814,2,773
3815,2,773
3816,2,776
3817,2,776
3818,2,777
3819,2,777
3820,2,777
3821,2,779
3822,2,779
3823,2,780
3824,2,782
3825,2,782
3826,2,787
3827,2,789
3828,2,794
3829,2,796
3830,2,798
3831,2,799
3832,2,799
3833,2,799
3834,2,799
3835,2,799
3836,2,800
3837,2,809
3838,2,809
3839,2,809
3840,2,811
3841,2,811
3842,2,813
3843,2,813
3844,2,813
3845,2,813
3846,2,813
3847,2,818
3848,2,820
3849,2,820
3850,2,821
3851,2,822
3852,2,827
3853,2,828
3854,2,828
3855,2,828
3856,2,828
3857,2,833
3858,2,834
3859,2,834
3860,2,839
3861,2,839
3862,2,839
3863,2,840
3864,2,840
3865,2,840
3866,2,840
3867,2,842
3868,2,848
3869,2,851
3870,2,851
3871,2,851
3872,2,854
3873,2,856
3874,2,856
3875,2,856
3876,2,856
3877,2,857
3878,2,857
3879,2,858
3880,2,858
3881,2,858
3882,2,859
3883,2,859
3884,2,859
3885,2,861
3886,2,862
3887,2,865
3888,2,866
3889,2,866
3890,2,874
3891,2,874
3892,2,874
3893,2,874
3894,2,875
3895,2,878
3896,2,878
3897,2,879
3898,2,879
3899,2,881
3900,2,881
3901,2,884
3902,2,884
3903,2,884
3904,2,884
3905,2,884
3906,2,888
3907,2,891
3908,2,893
3909,2,895
3910,2,895
3911,2,895
3912,2,896
3913,2,897
3914,2,899
3915,2,901
3916,2,901
3917,2,901
3918,2,901
3919,2,901
3920,2,906
3921,2,907
3922,2,908
3923,2,908
3924,2,910
3925,2,910
3926,2,911
3927,2,911
3928,2,912
3929,2,915
3930,2,915
3931,2,915
3932,2,916
3933,2,916
3934,2,916
3935,2,918
3936,2,918
3937,2,920
3938,2,928
3939,2,928
3940,2,932
3941,2,932
3942,2,932
3943,2,932
3944,2,932
3945,2,932
3946,2,932
3947,2,932
3948,2,935
3949,2,938
3950,2,938
3951,2,945
3952,2,947
3953,2,947
3954,2,951
3955,2,953
3956,2,957
3957,2,957
3958,2,957
3959,2,959
3960,2,959
3961,2,959
3962,2,959
3963,2,962
3964,2,964
3965,2,965
3966,2,971
3967,2,971
3968,2,973
3969,2,976
3970,2,978
3971,2,981
3972,2,982
3973,2,982
3974,2,982
3975,2,987
3976,2,987
3977,2,992
3978,2,994
3979,2,995
3980,2,997
3981,2,997
3982,2,999
3983,2,999
3984,2,999
3985,2,1006
3986,2,1008
3987,2,1009
3988,2,1009
3989,2,1010
3990,2,1010
3991,2,1012
3992,2,1016
3993,2,1016
3994,2,1019
3995,2,1023
3996,2,1023
3997,2,1025
3998,2,1025
3999,2,1027
4000,2,1028
4001,2,1032
4002,2,1032
4003,2,1033
4004,2,1034
4005,2,1034
4006,2,1036
4007,2,1037
4008,2,1038
4009,2,1040
4010,2,1041
4011,2,1041
4012,2,1043
4013,2,1044
4014,2,1050
4015,2,1054
4016,2,1059
4017,2,1059
4018,2,1060
4019,2,1060
4020,2,1062
4021,2,1066
4022,2,1067
4023,2,1068
4024,2,1071
4025,2,1072
4026,2,1072
4027,2,1074
4028,2,1074
4029,2,1074
4030,2,1074
4031,2,1074
4032,2,1075
4033,2,1076
4034,2,1076
4035,2,1079
4036,2,1079
4037,2,1081
4038,2,1082
4039,2,1083
4040,2,1093
4041,2,1093
4042,2,1095
4043,2,1103
4044,2,1103
4045,2,1103
4046,2,1106
4047,2,1108
4048,2,1110
4049,2,1110
4050,2,1112
4051,2,1113
4052,2,1113
4053,2,1120
4054,2,1120
4055,2,1120
4056,2,1120
4057,2,1120
4058,2,1122
4059,2,1124
4060,2,1124
4061,2,1128
4062,2,1131
4063,2,1131
4064,2,1131
4065,2,1131
4066,2,1136
4067,2,1138
4068,2,1140
4069,2,1140
4070,2,1142
4071,2,1142
4072,2,1143
4073,2,1143
4074,2,1143
4075,2,1144
4076,2,1145
4077,2,1150
4078,2,1150
4079,2,1152
4080,2,1152
4081,2,1163
4082,2,1164
4083,2,1165
4084,2,1165
4085,2,1168
4086,2,1168
4087,2,1169
4088,2,1170
4089,2,1171
4090,2,1171
4091,2,1171
4092,2,1179
4093,2,1180
4094,2,1180
4095,2,1181
4096,2,1181
4097,2,1181
4098,2,1182
4099,2,1185
4100,2,1185
4101,2,1189
4102,2,1189
4103,2,1189
4104,2,1191
4105,2,1192
4106,2,1201
4107,2,1203
4108,2,1204
4109,2,1206
4110,2,1206
4111,2,1207
4112,2,1208
4113,2,1208
4114,2,1208
4115,2,1208
4116,2,1209
4117,2,1210
4118,2,1212
4119,2,1212
4120,2,1212
4121,2,1217
4122,2,1217
4123,2,1218
4124,2,1222
4125,2,1222
4126,2,1222
4127,2,1223
4128,2,1225
4129,2,1227
4130,2,1227
4131,4,32
4132,4,32
4133,4,32
4134,4,42
4135,4,42
4136,4,42
4137,4,42
4138,4,42
4139,4,50
4140,4,50
4141,4,50
4142,4,50
4143,4,50
4144,4,50
4145,4,50
4146,4,50
4147,4,50
4148,4,50
4149,4,50
4150,4,50
4151,4,50
4152,4,56
4153,4,65
4154,4,65
4155,4,66
4156,4,68
4157,4,68
4158,4,70
4159,4,70
4160,4,72
4161,4,72
4162,4,72
4163,4,74
4164,4,85
4165,4,85
4166,4,85
4167,4,88
4168,4,89
4169,4,89
4170,4,89
4171,4,91
4172,4,91
4173,4,92
4174,4,95
4175,4,95
4176,4,96
4177,4,96
4178,4,96
4179,4,101
4180,4,102
4181,4,102
4182,4,102
4183,4,102
4184,4,106
4185,4,106
4186,4,106
4187,4,106
4188,4,110
4189,4,110
4190,4,110
4191,4,110
4192,4,113
4193,4,114
4194,4,114
4195,4,114
4196,4,115
4197,4,116
4198,4,120
4199,4,120
4200,4,120
4201,4,125
4202,4,125
4203,4,126
4204,4,128
4205,4,129
4206,4,129
4207,4,129
4208,4,130
4209,4,131
4210,4,131
4211,4,131
4212,4,133
4213,4,133
4214,4,133
4215,4,133
4216,4,134
4217,4,140
4218,4,143
4219,4,147
4220,4,147
4221,4,148
4222,4,149
4223,4,151
4224,4,151
4225,4,153
4226,4,155
4227,4,155
4228,4,155
4229,4,155
4230,4,155
4231,4,156
4232,4,162
4233,4,162
4234,4,162
4235,4,167
4236,4,167
4237,4,167
4238,4,167
4239,4,168
4240,4,170
4241,4,170
4242,4,175
4243,4,176
4244,4,178
4245,4,178
4246,4,179
4247,4,179
4248,4,180
4249,4,181
4250,4,184
4251,4,184
4252,4,184
4253,4,184
4254,4,187
4255,4,188
4256,4,193
4257,4,195
4258,4,195
4259,4,195
4260,4,195
4261,4,195
4262,4,198
4263,4,198
4264,4,202
4265,4,203
4266,4,203
4267,4,203
4268,4,203
4269,4,205
4270,4,206
4271,4,208
4272,4,209
4273,4,209
4274,4,209
4275,4,209
4276,4,210
4277,4,210
4278,4,210
4279,4,215
4280,4,217
4281,4,220
4282,4,220
4283,4,221
4284,4,221
4285,4,225
4286,4,225
4287,4,228
4288,4,229
4289,4,230
4290,4,232
4291,4,232
4292,4,235
4293,4,235
4294,4,236
4295,4,237
4296,4,237
4297,4,237
4298,4,240
4299,4,240
4300,4,243
4301,4,244
4302,4,244
4303,4,245
4304,4,247
4305,4,247
4306,4,247
4307,4,247
4308,4,250
4309,4,250
4310,4,250
4311,4,254
4312,4,254
4313,4,254
4314,4,255
4315,4,255
4316,4,256
4317,4,256
4318,4,256
4319,4,257
4320,4,261
4321,4,261
4322,4,266
4323,4,268
4324,4,272
4325,4,272
4326,4,272
4327,4,272
4328,4,272
4329,4,272
4330,4,272
4331,4,278
4332,4,280
4333,4,280
4334,4,280
4335,4,280
4336,4,281
4337,4,281
4338,4,281
4339,4,281
4340,4,285
4341,4,286
4342,4,287
4343,4,287
4344,4,288
4345,4,288
4346,4,291
4347,4,295
4348,4,295
4349,4,298
4350,4,298
4351,4,298
4352,4,301
4353,4,303
4354,4,303
4355,4,304
4356,4,305
4357,4,305
4358,4,307
4359,4,307
4360,4,307
4361,4,313
4362,4,316
4363,4,316
4364,4,316
4365,4,317
4366,4,317
4367,4,317
4368,4,318
4369,4,320
4370,4,322
4371,4,325
4372,4,325
4373,4,327
4374,4,328
4375,4,328
4376,4,330
4377,4,336
4378,4,338
4379,4,338
4380,4,339
4381,4,339
4382,4,339
4383,4,342
4384,4,342
4385,4,342
4386,4,342
4387,4,346
4388,4,346
4389,4,350
4390,4,352
4391,4,355
4392,4,355
4393,4,357
4394,4,358
4395,4,360
4396,4,360
4397,4,366
4398,4,367
4399,4,367
4400,4,371
4401,4,372
4402,4,372
4403,4,373
4404,4,373
4405,4,374
4406,4,375
4407,4,376
4408,4,379
4409,4,382
4410,4,384
4411,4,384
4412,4,384
4413,4,384
4414,4,386
4415,4,386
4416,4,386
4417,4,386
4418,4,388
4419,4,388
4420,4,389
4421,4,389
4422,4,389
4423,4,390
4424,4,390
4425,4,392
4426,4,396
4427,4,396
4428,4,396
4429,4,398
4430,4,400
4431,4,400
4432,4,400
4433,4,404
4434,4,407
4435,4,407
4436,4,410
4437,4,410
4438,4,411
4439,4,413
4440,4,414
4441,4,414
4442,4,414
4443,4,415
4444,4,415
4445,4,415
4446,4,415
4447,4,416
4448,4,416
4449,4,416
4450,4,417
4451,4,417
4452,4,423
4453,4,426
4454,4,426
4455,4,428
4456,4,430
4457,4,431
4458,4,432
4459,4,433
4460,4,434
4461,4,434
4462,4,435
4463,4,435
4464,4,436
4465,4,436
4466,4,436
4467,4,438
4468,4,438
4469,4,438
4470,4,438
4471,4,439
4472,4,439
4473,4,440
4474,4,440
4475,4,444
4476,4,446
4477,4,446
4478,4,446
4479,4,446
4480,4,449
4481,4,449
4482,4,455
4483,4,460
4484,4,464
4485,4,466
4486,4,467
4487,4,467
4488,4,469
4489,4,470
4490,4,470
4491,4,473
4492,4,474
4493,4,479
4494,4,479
4495,4,483
4496,4,483
4497,4,483
4498,4,485
4499,4,490
4500,4,491
4501,4,494
4502,4,494
4503,4,494
4504,4,494
4505,4,494
4506,4,495
4507,4,495
4508,4,495
4509,4,501
4510,4,501
4511,4,501
4512,4,504
4513,4,507
4514,4,507
4515,4,508
4516,4,510
4517,4,516
4518,4,516
4519,4,519
4520,4,520
4521,4,520
4522,4,521
4523,4,524
4524,4,526
4525,4,527
4526,4,529
4527,4,534
4528,4,535
4529,4,535
4530,4,536
4531,4,536
4532,4,536
4533,4,536
4534,4,537
4535,4,538
4536,4,540
4537,4,542
4538,4,543
4539,4,543
4540,4,543
4541,4,552
4542,4,552
4543,4,552
4544,4,553
4545,4,553
4546,4,553
4547,4,554
4548,4,561
4549,4,564
4550,4,565
4551,4,565
4552,4,565
4553,4,566
4554,4,566
4555,4,567
4556,4,568
4557,4,568
4558,4,568
4559,4,570
4560,4,570
4561,4,572
4562,4,573
4563,4,574
4564,4,574
4565,4,574
4566,4,574
4567,4,574
4568,4,574
4569,4,576
4570,4,576
4571,4,582
4572,4,583
4573,4,583
4574,4,585
4575,4,586
4576,4,587
4577,4,594
4578,4,598
4579,4,598
4580,4,599
4581,4,599
4582,4,602
4583,4,602
4584,4,602
4585,4,602
4586,4,604
4587,4,606
4588,4,610
4589,4,610
4590,4,610
4591,4,610
4592,4,614
4593,4,614
4594,4,614
4595,4,617
4596,4,620
4597,4,620
4598,4,624
4599,4,625
4600,4,625
4601,4,627
4602,4,630
4603,4,635
4604,4,635
4605,4,635
4606,4,635
4607,4,635
4608,4,641
4609,4,641
4610,4,641
4611,4,642
4612,4,642
4613,4,643
4614,4,644
4615,4,645
4616,4,647
4617,4,650
4618,4,650
4619,4,651
4620,4,651
4621,4,654
4622,4,654
4623,4,654
4624,4,656
4625,4,656
4626,4,659
4627,4,660
4628,4,660
4629,4,661
4630,4,663
4631,4,663
4632,4,663
4633,4,665
4634,4,665
4635,4,665
4636,4,668
4637,4,669
4638,4,671
4639,4,672
4640,4,672
4641,4,674
4642,4,677
4643,4,678
4644,4,680
4645,4,680
4646,4,681
4647,4,684
4648,4,684
4649,4,689
4650,4,689
4651,4,693
4652,4,694
4653,4,694
4654,4,694
4655,4,694
4656,4,696
4657,4,697
4658,4,700
4659,4,700
4660,4,700
4661,4,700
4662,4,703
4663,4,703
4664,4,703
4665,4,705
4666,4,705
4667,4,705
4668,4,707
4669,4,707
4670,4,709
4671,4,709
4672,4,711
4673,4,711
4674,4,711
4675,4,714
4676,4,717
4677,4,717
4678,4,717
4679,4,717
4680,4,718
4681,4,720
4682,4,720
4683,4,722
4684,4,726
4685,4,726
4686,4,727
4687,4,727
4688,4,727
4689,4,728
4690,4,728
4691,4,728
4692,4,729
4693,4,731
4694,4,731
4695,4,732
4696,4,732
4697,4,732
4698,4,741
4699,4,741
4700,4,741
4701,4,744
4702,4,745
4703,4,745
4704,4,746
4705,4,746
4706,4,747
4707,4,747
4708,4,747
4709,4,747
4710,4,748
4711,4,754
4712,4,756
4713,4,761
4714,4,761
4715,4,761
4716,4,762
4717,4,762
4718,4,762
4719,4,763
4720,4,765
4721,4,766
4722,4,767
4723,4,767
4724,4,769
4725,4,773
4726,4,775
4727,4,776
4728,4,778
4729,4,779
4730,4,782
4731,4,782
4732,4,783
4733,4,783
4734,4,783
4735,4,786
4736,4,786
4737,4,786
4738,4,787
4739,4,787
4740,4,787
4741,4,787
4742,4,787
4743,4,787
4744,4,790
4745,4,792
4746,4,792
4747,4,795
4748,4,800
4749,4,802
4750,4,806
4751,4,807
4752,4,811
4753,4,811
4754,4,814
4755,4,817
4756,4,817
4757,4,817
4758,4,817
4759,4,817
4760,4,821
4761,4,821
4762,4,823
4763,4,823
4764,4,823
4765,4,824
4766,4,824
4767,4,825
4768,4,825
4769,4,829
4770,4,829
4771,4,837
4772,4,838
4773,4,840
4774,4,841
4775,4,841
4776,4,846
4777,4,846
4778,4,846
4779,4,846
4780,4,848
4781,4,848
4782,4,852
4783,4,854
4784,4,855
4785,4,855
4786,4,855
4787,4,855
4788,4,855
4789,4,857
4790,4,857
4791,4,857
4792,4,860
4793,4,860
4794,4,861
4795,4,865
4796,4,865
4797,4,868
4798,4,868
4799,4,868
4800,4,868
4801,4,868
4802,4,874
4803,4,874
4804,4,877
4805,4,877
4806,4,879
4807,4,880
4808,4,880
4809,4,883
4810,4,883
4811,4,883
4812,4,884
4813,4,888
4814,4,888
4815,4,888
4816,4,892
4817,4,893
4818,4,893
4819,4,897
4820,4,897
4821,4,897
4822,4,901
4823,4,901
4824,4,901
4825,4,904
4826,4,905
4827,4,905
4828,4,907
4829,4,907
4830,4,911
4831,4,911
4832,4,912
4833,4,912
4834,4,914
4835,4,915
4836,4,917
4837,4,917
4838,4,919
4839,4,919
4840,4,920
4841,4,920
4842,4,920
4843,4,921
4844,4,921
4845,4,922
4846,4,922
4847,4,922
4848,4,922
4849,4,925
4850,4,925
4851,4,926
4852,4,927
4853,4,927
4854,4,927
4855,4,928
4856,4,928
4857,4,930
4858,4,930
4859,4,930
4860,4,931
4861,4,932
4862,4,935
4863,4,937
4864,4,940
4865,4,943
4866,4,943
4867,4,943
4868,4,946
4869,4,946
4870,4,946
4871,4,949
4872,4,949
4873,4,950
4874,4,950
4875,4,952
4876,4,953
4877,4,959
4878,4,964
4879,4,964
4880,4,965
4881,4,966
4882,4,969
4883,4,969
4884,4,970
4885,4,971
4886,4,971
4887,4,975
4888,4,975
4889,4,977
4890,4,978
4891,4,978
4892,4,979
4893,4,980
4894,4,982
4895,4,994
4896,4,994
4897,4,996
4898,4,996
4899,4,999
4900,4,1004
4901,4,1004
4902,4,1010
4903,4,1010
4904,4,1010
4905,4,1011
4906,4,1011
4907,4,1011
4908,4,1012
4909,4,1012
4910,4,1015
4911,4,1016
4912,4,1017
4913,4,1017
4914,4,1017
4915,4,1018
4916,4,1019
4917,4,1019
4918,4,1019
4919,4,1019
4920,4,1020
4921,4,1025
4922,4,1025
4923,4,1026
4924,4,1026
4925,4,1026
4926,4,1026
4927,4,1028
4928,4,1029
4929,4,1029
4930,4,1029
4931,4,1029
4932,4,1030
4933,4,1030
4934,4,1030
4935,4,1034
4936,4,1035
4937,4,1040
4938,4,1043
4939,4,1043
4940,4,1043
4941,4,1043
4942,4,1043
4943,4,1046
4944,4,1047
4945,4,1047
4946,4,1053
4947,4,1055
4948,4,1055
4949,4,1055
4950,4,1056
4951,4,1062
4952,4,1063
4953,4,1064
4954,4,1064
4955,4,1066
4956,4,1066
4957,4,1068
4958,4,1068
4959,4,1070
4960,4,1070
4961,4,1070
4962,4,1070
4963,4,1072
4964,4,1072
4965,4,1072
4966,4,1073
4967,4,1073
4968,4,1074
4969,4,1074
4970,4,1076
4971,4,1076
4972,4,1077
4973,4,1079
4974,4,1079
4975,4,1081
4976,4,1083
4977,4,1083
4978,4,1083
4979,4,1093
4980,4,1093
4981,4,1097
4982,4,1102
4983,4,1105
4984,4,1106
4985,4,1106
4986,4,1109
4987,4,1109
4988,4,1109
4989,4,1109
4990,4,1112
4991,4,1115
4992,4,1116
4993,4,1117
4994,4,1155
4995,4,1168
4996,4,1168
4997,4,1168
4998,4,1168
4999,4,1168
1309,4,1211
