237,3,0
141,3,0
143,3,0
164,3,1
36,3,1
57,3,1
165,3,1
154,3,1
127,3,7
129,3,20
9,3,20
102,3,26
268,3,36
251,3,38
32,3,38
206,3,39
314,3,41
66,3,44
29,3,44
161,3,50
302,3,50
65,3,50
175,3,50
236,3,55
16,3,55
242,3,70
186,3,70
45,3,73
121,3,81
131,3,90
211,3,93
23,3,93
134,3,93
48,3,101
313,3,113
311,3,121
326,3,124
138,3,128
123,3,128
230,3,134
83,3,134
28,3,134
179,3,141
184,3,144
140,3,154
296,3,156
114,3,159
150,3,162
59,3,163
169,3,163
316,3,163
174,3,183
51,3,186
33,3,188
17,3,195
117,3,200
221,3,200
192,3,209
107,3,219
136,3,222
267,3,222
263,3,227
55,3,227
223,3,239
190,3,240
254,3,240
158,3,250
139,3,250
238,3,250
294,3,250
219,3,252
167,3,252
97,3,263
125,3,269
152,3,272
305,3,272
105,3,273
309,3,276
145,3,282
321,3,288
270,3,288
44,3,288
212,3,300
266,3,309
172,3,309
274,3,310
104,3,310
258,3,311
43,3,317
330,3,320
253,3,320
160,3,321
26,3,331
86,3,333
49,3,333
324,3,343
82,3,359
243,3,361
317,3,361
279,3,365
297,3,372
244,3,374
329,3,374
88,3,374
118,3,387
241,3,387
99,3,388
278,3,388
249,3,392
286,3,394
189,3,397
250,3,402
109,3,404
187,3,406
229,3,406
199,3,406
180,3,407
156,3,409
95,3,414
35,3,414
222,3,414
224,3,417
200,3,424
198,3,429
320,3,432
226,3,446
151,3,450
7,3,453
205,3,455
19,3,455
50,3,466
112,3,473
295,3,483
128,3,487
103,3,493
115,3,494
233,3,494
132,3,498
68,3,498
312,3,510
12,3,513
207,3,514
30,3,523
46,3,536
280,3,536
144,3,536
142,3,538
58,3,541
228,3,542
39,3,542
40,3,558
319,3,560
52,3,562
3,3,563
225,3,565
126,3,565
213,3,565
240,3,570
215,3,570
310,3,577
1,3,578
246,3,582
135,3,582
191,3,582
216,3,582
53,3,583
315,3,586
227,3,591
4,3,601
283,3,601
257,3,601
116,3,605
60,3,605
5,3,606
90,3,606
332,3,608
22,3,618
6,3,625
93,3,625
178,3,634
235,3,634
78,3,634
71,3,634
168,3,636
214,3,636
84,3,642
25,3,642
61,3,653
0,3,657
70,3,662
37,3,665
98,3,680
239,3,680
252,3,684
80,3,691
96,3,691
308,3,691
92,3,695
159,3,697
21,3,697
119,3,700
153,3,703
41,3,704
148,3,708
272,3,717
108,3,721
328,3,729
85,3,738
204,3,738
27,3,738
248,3,741
273,3,742
8,3,749
67,3,755
166,3,762
264,3,762
69,3,762
100,3,774
301,3,777
130,3,777
147,3,781
149,3,781
73,3,783
10,3,786
245,3,795
183,3,795
331,3,795
122,3,797
196,3,797
209,3,801
261,3,801
282,3,801
290,3,801
208,3,807
94,3,807
217,3,812
188,3,820
133,3,821
255,3,825
176,3,835
277,3,840
300,3,840
194,3,843
79,3,843
197,3,843
157,3,847
110,3,858
285,3,863
203,3,863
210,3,863
87,3,863
106,3,863
31,3,863
20,3,863
177,3,863
74,3,870
182,3,870
101,3,871
323,3,874
202,3,884
322,3,890
91,3,890
64,3,890
163,3,895
303,3,896
256,3,896
288,3,909
307,3,909
81,3,909
54,3,909
275,3,910
72,3,910
287,3,915
155,3,919
11,3,933
265,3,933
289,3,933
113,3,938
269,3,940
34,3,943
195,3,943
291,3,943
327,3,944
259,3,944
318,3,945
260,3,960
247,3,973
231,3,973
62,3,973
232,3,981
18,3,984
293,3,985
75,3,991
111,3,1000
13,3,1000
76,3,1004
63,3,1011
201,3,1019
24,3,1039
218,3,1048
146,3,1048
281,3,1048
171,3,1048
298,3,1050
38,3,1050
271,3,1051
124,3,1051
220,3,1051
2,3,1055
15,3,1055
185,3,1060
42,3,1067
162,3,1070
181,3,1075
14,3,1075
170,3,1075
262,3,1081
304,3,1085
137,3,1085
276,3,1088
89,3,1088
77,3,1094
299,3,1094
292,3,1094
56,3,1094
234,3,1098
333,3,1109
193,3,1116
173,3,1130
120,3,1130
47,3,1130
325,3,1136
306,3,1136
284,3,1137
419,5,0
497,5,0
391,5,0
630,5,0
518,5,0
345,5,0
526,5,0
379,5,0
343,5,1
612,5,1
352,5,1
415,5,1
390,5,8
632,5,17
656,5,29
483,5,29
665,5,32
412,5,35
511,5,35
554,5,40
433,5,44
598,5,46
559,5,46
421,5,54
411,5,58
409,5,58
604,5,61
507,5,61
651,5,61
642,5,66
634,5,71
464,5,73
618,5,80
521,5,87
553,5,87
492,5,95
631,5,106
369,5,109
561,5,109
351,5,119
653,5,119
525,5,119
455,5,126
499,5,126
448,5,126
443,5,127
572,5,128
606,5,128
462,5,133
513,5,137
461,5,147
668,5,147
357,5,147
549,5,149
353,5,156
579,5,156
581,5,156
340,5,164
646,5,183
482,5,184
613,5,187
565,5,190
610,5,196
588,5,199
355,5,212
465,5,213
645,5,213
568,5,213
664,5,220
470,5,224
377,5,233
544,5,243
593,5,243
358,5,244
503,5,244
574,5,244
385,5,244
344,5,246
426,5,246
523,5,248
575,5,252
582,5,252
595,5,259
620,5,263
615,5,265
626,5,273
361,5,276
425,5,291
563,5,293
623,5,299
454,5,300
517,5,300
600,5,301
446,5,312
628,5,319
571,5,326
348,5,326
431,5,326
660,5,334
638,5,337
635,5,337
560,5,337
416,5,337
376,5,344
395,5,344
447,5,347
540,5,350
659,5,351
545,5,360
480,5,360
543,5,365
640,5,366
621,5,366
538,5,375
516,5,389
367,5,389
479,5,389
504,5,389
402,5,389
339,5,390
408,5,392
616,5,404
542,5,404
614,5,415
546,5,415
378,5,426
654,5,428
463,5,436
667,5,439
589,5,439
368,5,440
437,5,441
432,5,443
506,5,446
460,5,450
508,5,464
439,5,473
491,5,475
387,5,480
398,5,498
531,5,498
562,5,498
380,5,498
629,5,510
537,5,510
362,5,512
459,5,516
639,5,516
573,5,534
596,5,540
458,5,544
529,5,557
644,5,557
657,5,557
338,5,572
643,5,572
471,5,585
576,5,587
490,5,587
346,5,593
502,5,593
349,5,593
533,5,600
658,5,600
587,5,604
556,5,604
466,5,611
485,5,611
456,5,613
539,5,621
607,5,629
389,5,636
347,5,638
406,5,654
603,5,656
414,5,656
481,5,657
473,5,659
592,5,659
453,5,660
440,5,660
405,5,679
399,5,692
365,5,695
569,5,700
382,5,700
564,5,700
372,5,707
551,5,707
404,5,708
500,5,708
594,5,715
341,5,731
401,5,735
519,5,735
512,5,735
530,5,735
535,5,740
444,5,752
427,5,757
641,5,757
647,5,757
625,5,766
550,5,769
619,5,769
484,5,771
364,5,771
429,5,771
451,5,780
435,5,783
430,5,789
403,5,790
661,5,790
422,5,790
475,5,793
570,5,804
359,5,804
666,5,804
413,5,804
342,5,808
514,5,815
354,5,818
393,5,828
577,5,828
457,5,828
663,5,832
495,5,838
468,5,840
509,5,840
478,5,846
336,5,853
450,5,859
493,5,864
648,5,865
337,5,875
652,5,875
662,5,875
407,5,883
441,5,889
522,5,889
515,5,889
410,5,892
374,5,909
445,5,914
486,5,916
424,5,920
669,5,928
655,5,928
601,5,928
356,5,934
334,5,934
438,5,946
585,5,946
649,5,954
472,5,958
552,5,959
505,5,980
636,5,980
371,5,980
501,5,988
547,5,988
350,5,996
633,5,996
591,5,997
489,5,999
370,5,999
417,5,999
375,5,1000
650,5,1002
496,5,1009
428,5,1009
510,5,1012
608,5,1012
527,5,1019
397,5,1021
605,5,1024
386,5,1024
423,5,1025
627,5,1025
578,5,1025
548,5,1026
567,5,1027
452,5,1030
494,5,1036
449,5,1036
602,5,1039
637,5,1039
597,5,1047
536,5,1053
477,5,1056
434,5,1058
394,5,1078
392,5,1080
396,5,1083
420,5,1083
617,5,1083
528,5,1083
388,5,1083
586,5,1104
609,5,1113
488,5,1120
524,5,1120
474,5,1120
418,5,1122
442,5,1122
476,5,1122
541,5,1129
366,5,1133
557,5,1133
467,5,1133
383,5,1157
599,5,1157
469,5,1157
498,5,1162
532,5,1173
363,5,1173
335,5,1179
622,5,1179
555,5,1181
381,5,1188
624,5,1188
558,5,1188
534,5,1188
584,5,1196
384,5,1196
400,5,1201
611,5,1206
566,5,1206
360,5,1206
373,5,1207
590,5,1216
436,5,1216
583,5,1221
520,5,1232
487,5,1236
580,5,1246
934,7,0
1041,7,0
946,7,0
800,7,0
1140,7,0
915,7,0
1058,7,0
1143,7,0
986,7,1
1126,7,1
858,7,1
1183,7,1
740,7,1
760,7,9
922,7,10
754,7,19
817,7,19
1023,7,20
1072,7,28
834,7,28
954,7,28
1135,7,32
768,7,32
989,7,32
903,7,41
882,7,42
884,7,43
901,7,55
806,7,57
717,7,59
728,7,71
797,7,71
732,7,71
902,7,71
1049,7,71
918,7,71
1043,7,73
869,7,74
963,7,74
1085,7,74
819,7,79
715,7,82
926,7,83
1101,7,84
1089,7,87
796,7,88
829,7,88
981,7,88
676,7,89
1122,7,91
1060,7,93
931,7,97
1096,7,102
1033,7,110
810,7,110
749,7,110
997,7,120
731,7,121
1164,7,126
1090,7,129
952,7,129
947,7,129
945,7,129
794,7,132
1109,7,132
1009,7,134
887,7,134
727,7,143
885,7,147
1068,7,148
1151,7,150
1107,7,155
825,7,155
872,7,160
1081,7,160
807,7,162
1182,7,162
909,7,162
1172,7,162
994,7,162
815,7,175
889,7,175
995,7,178
1018,7,179
854,7,179
826,7,181
1022,7,185
992,7,187
788,7,196
1061,7,198
1138,7,198
990,7,199
883,7,199
1037,7,199
873,7,205
816,7,209
891,7,209
1147,7,209
693,7,210
723,7,211
860,7,211
1046,7,214
1035,7,224
695,7,227
852,7,239
680,7,239
944,7,239
1011,7,242
1156,7,242
733,7,243
920,7,244
745,7,248
1104,7,249
694,7,254
718,7,255
991,7,255
758,7,255
984,7,255
814,7,256
1148,7,256
1145,7,256
976,7,257
783,7,257
937,7,263
862,7,282
764,7,285
737,7,285
703,7,285
678,7,285
1032,7,288
720,7,288
802,7,291
759,7,294
1154,7,295
970,7,295
1019,7,295
1124,7,296
697,7,296
964,7,303
765,7,304
1102,7,309
674,7,310
1095,7,311
1015,7,318
1093,7,320
998,7,326
1112,7,326
847,7,326
1114,7,328
779,7,328
1042,7,328
1149,7,329
868,7,329
1125,7,329
1055,7,331
675,7,333
851,7,333
1194,7,342
833,7,342
1174,7,343
932,7,343
865,7,343
1192,7,346
809,7,346
781,7,346
842,7,352
813,7,352
1010,7,358
698,7,358
763,7,358
957,7,360
830,7,360
1091,7,360
801,7,362
1051,7,370
892,7,371
861,7,372
706,7,375
767,7,376
1196,7,384
823,7,384
738,7,386
1180,7,386
707,7,386
982,7,386
1181,7,386
724,7,386
1111,7,386
1116,7,388
687,7,388
725,7,388
969,7,388
894,7,396
1153,7,404
818,7,410
1134,7,410
942,7,411
1118,7,411
953,7,413
1004,7,414
836,7,431
1080,7,431
910,7,431
1195,7,431
1155,7,431
735,7,433
691,7,435
928,7,436
1074,7,437
710,7,438
1078,7,447
905,7,448
1070,7,456
890,7,457
1146,7,461
700,7,463
726,7,463
722,7,463
943,7,464
708,7,464
1097,7,464
832,7,474
898,7,477
1026,7,477
840,7,480
681,7,490
1059,7,496
716,7,498
936,7,498
798,7,498
1017,7,499
895,7,499
786,7,499
1025,7,499
1117,7,502
742,7,502
1177,7,504
933,7,510
1076,7,518
914,7,519
1064,7,521
699,7,521
828,7,521
897,7,522
771,7,522
916,7,529
812,7,530
751,7,531
1048,7,532
959,7,536
1190,7,536
1106,7,540
1171,7,540
870,7,541
878,7,541
1127,7,544
808,7,549
880,7,561
1000,7,565
1132,7,569
1187,7,569
925,7,569
1179,7,571
672,7,576
1170,7,576
753,7,577
871,7,577
1040,7,580
1027,7,580
743,7,580
752,7,580
712,7,580
875,7,581
750,7,585
993,7,588
795,7,588
966,7,591
1077,7,591
1188,7,591
975,7,591
886,7,591
1137,7,596
1063,7,596
921,7,596
1123,7,601
1013,7,608
999,7,608
696,7,609
955,7,609
1176,7,611
1131,7,613
709,7,616
1056,7,618
705,7,618
1005,7,618
1014,7,618
1121,7,622
1175,7,622
958,7,624
762,7,630
822,7,635
1173,7,636
1003,7,643
782,7,651
1039,7,651
1094,7,651
1054,7,651
1038,7,653
1110,7,653
913,7,656
805,7,656
772,7,657
850,7,660
1062,7,664
1165,7,664
1001,7,664
1167,7,664
1002,7,664
983,7,665
1168,7,665
827,7,667
1083,7,671
866,7,672
778,7,675
1163,7,676
896,7,676
755,7,678
1075,7,678
1108,7,679
721,7,679
930,7,679
803,7,685
739,7,685
1161,7,686
1052,7,686
1105,7,695
1008,7,696
683,7,699
960,7,700
780,7,700
838,7,701
906,7,702
845,7,702
849,7,702
1086,7,702
719,7,707
1128,7,707
1057,7,714
785,7,714
973,7,725
736,7,728
686,7,730
927,7,731
689,7,731
704,7,731
1066,7,731
893,7,731
1050,7,738
1178,7,741
756,7,741
1130,7,750
965,7,750
919,7,751
1012,7,756
888,7,756
1071,7,760
848,7,760
988,7,763
879,7,764
673,7,764
978,7,764
972,7,764
784,7,765
907,7,775
1006,7,776
877,7,778
1139,7,780
857,7,780
1034,7,780
844,7,783
776,7,787
747,7,788
908,7,791
979,7,791
1185,7,791
744,7,793
714,7,795
701,7,798
968,7,804
1144,7,811
859,7,817
940,7,825
1031,7,828
1084,7,828
702,7,828
1073,7,828
835,7,828
1030,7,829
1133,7,836
864,7,836
1007,7,840
980,7,842
1129,7,842
839,7,842
962,7,842
1136,7,842
811,7,844
670,7,844
1045,7,855
977,7,855
748,7,855
677,7,856
1100,7,856
1087,7,858
824,7,865
912,7,866
950,7,872
1021,7,874
746,7,875
1142,7,884
1158,7,884
730,7,886
711,7,892
853,7,892
766,7,893
996,7,893
761,7,893
684,7,898
924,7,902
874,7,906
1079,7,906
831,7,906
949,7,906
1186,7,915
1047,7,916
956,7,918
855,7,918
837,7,922
1159,7,925
1150,7,925
961,7,925
876,7,927
1191,7,933
1028,7,933
682,7,938
1115,7,938
1184,7,938
1053,7,940
1067,7,944
929,7,944
769,7,945
688,7,954
867,7,958
1044,7,958
787,7,958
1193,7,959
911,7,959
1141,7,962
967,7,965
792,7,965
713,7,965
1166,7,965
1069,7,970
1036,7,979
881,7,981
843,7,981
1189,7,986
734,7,993
987,7,994
971,7,995
1082,7,998
770,7,998
757,7,999
938,7,1002
904,7,1002
773,7,1002
1098,7,1002
1029,7,1004
790,7,1005
804,7,1022
777,7,1023
941,7,1024
939,7,1024
1113,7,1025
856,7,1033
1020,7,1033
974,7,1037
1120,7,1037
692,7,1038
729,7,1038
1103,7,1042
1152,7,1046
900,7,1046
1092,7,1050
948,7,1055
774,7,1061
985,7,1065
1088,7,1068
799,7,1078
951,7,1081
863,7,1081
1016,7,1081
685,7,1081
741,7,1088
1160,7,1088
1157,7,1090
923,7,1093
841,7,1100
1119,7,1100
690,7,1100
821,7,1107
917,7,1107
1065,7,1108
1169,7,1108
793,7,1110
935,7,1111
1162,7,1112
1024,7,1119
775,7,1130
679,7,1130
846,7,1130
791,7,1130
820,7,1139
1099,7,1139
789,7,1139
671,7,1139
899,7,1147
1534,0,0
1641,0,0
1736,0,0
1270,0,0
1264,0,0
1393,0,0
1611,0,0
1752,0,0
1294,0,0
1243,0,1
1730,0,1
1857,0,1
1509,0,1
1445,0,1
1593,0,1
1202,0,1
1310,0,1
1578,0,1
1795,0,2
1461,0,5
1850,0,10
1625,0,17
1241,0,19
1544,0,23
1361,0,27
1295,0,28
1323,0,28
1517,0,34
1404,0,45
1749,0,45
1316,0,45
1806,0,45
1351,0,45
1662,0,46
1793,0,46
1791,0,46
1560,0,46
1765,0,46
1325,0,49
1784,0,50
1632,0,51
1257,0,59
1693,0,59
1601,0,59
1456,0,59
1233,0,59
1743,0,63
1553,0,64
1686,0,66
1541,0,66
1384,0,72
1357,0,72
1505,0,74
1198,0,79
1378,0,79
1341,0,83
1639,0,83
1835,0,88
1822,0,88
1812,0,98
1547,0,98
1494,0,98
1555,0,98
1847,0,99
1848,0,99
1588,0,100
1860,0,102
1440,0,104
1859,0,104
1432,0,105
1433,0,107
1514,0,110
1526,0,115
1204,0,115
1329,0,115
1449,0,117
1319,0,117
1412,0,119
1359,0,121
1290,0,121
1828,0,121
1687,0,123
1594,0,123
1657,0,124
1333,0,132
1865,0,132
1583,0,132
1420,0,132
1419,0,135
1569,0,135
1368,0,135
1802,0,138
1539,0,140
1823,0,140
1516,0,145
1645,0,146
1771,0,147
1836,0,147
1729,0,149
1250,0,150
1875,0,155
1682,0,155
1306,0,156
1762,0,158
1317,0,160
1401,0,163
1691,0,163
1742,0,165
1267,0,167
1488,0,175
1444,0,175
1350,0,179
1589,0,183
1269,0,183
1701,0,183
1636,0,183
1643,0,185
1279,0,186
1620,0,191
1434,0,193
1303,0,194
1446,0,194
1300,0,194
1213,0,195
1855,0,196
1846,0,196
1671,0,198
1575,0,205
1242,0,205
1585,0,207
1665,0,207
1841,0,211
1471,0,213
1716,0,217
1571,0,218
1199,0,223
1647,0,224
1217,0,230
1545,0,230
1754,0,231
1207,0,231
1327,0,231
1747,0,241
1499,0,241
1480,0,245
1833,0,246
1750,0,250
1876,0,252
1536,0,252
1741,0,253
1220,0,254
1690,0,256
1244,0,256
1455,0,261
1284,0,262
1817,0,268
1238,0,268
1720,0,268
1232,0,269
1568,0,269
1523,0,273
1786,0,273
1605,0,281
1321,0,281
1787,0,284
1782,0,284
1844,0,284
1873,0,286
1766,0,286
1768,0,286
1472,0,289
1677,0,291
1654,0,291
1652,0,295
1663,0,298
1502,0,299
1240,0,299
1428,0,303
1709,0,303
1757,0,303
1684,0,303
1779,0,304
1209,0,304
1500,0,304
1721,0,305
1464,0,307
1805,0,309
1258,0,316
1570,0,316
1506,0,316
1563,0,317
1838,0,318
1360,0,320
1452,0,323
1668,0,323
1313,0,325
1507,0,327
1521,0,328
1289,0,328
1773,0,329
1307,0,334
1592,0,334
1871,0,338
1308,0,342
1302,0,354
1285,0,355
1655,0,361
1312,0,361
1760,0,361
1572,0,361
1355,0,361
1354,0,362
1324,0,364
1796,0,367
1827,0,383
1811,0,383
1486,0,384
1236,0,385
1370,0,385
1429,0,385
1565,0,385
1722,0,385
1746,0,385
1559,0,385
1216,0,392
1459,0,392
1745,0,392
1623,0,395
1597,0,395
1781,0,402
1435,0,403
1489,0,406
1813,0,406
1259,0,409
1421,0,414
1710,0,416
1338,0,423
1790,0,423
1630,0,424
1226,0,424
1581,0,426
1734,0,427
1582,0,430
1396,0,430
1463,0,430
1613,0,433
1697,0,433
1617,0,438
1843,0,441
1299,0,444
1878,0,444
1807,0,444
1398,0,445
1484,0,448
1839,0,450
1837,0,451
1797,0,454
1342,0,455
1764,0,458
1492,0,467
1462,0,469
1712,0,469
1326,0,469
1427,0,469
1372,0,469
1550,0,472
1763,0,472
1248,0,473
1772,0,473
1276,0,476
1728,0,476
1580,0,477
1724,0,478
1618,0,481
1334,0,483
1675,0,483
1638,0,490
1524,0,497
1485,0,497
1487,0,497
1391,0,497
1637,0,497
1832,0,498
1681,0,499
1649,0,499
1211,0,501
1726,0,503
1252,0,504
1719,0,505
1228,0,508
1229,0,514
1215,0,515
1256,0,522
1531,0,522
1436,0,522
1598,0,522
1699,0,525
1406,0,525
1255,0,527
1640,0,527
1443,0,528
1352,0,529
1291,0,534
1247,0,535
1872,0,537
1518,0,537
1203,0,537
1530,0,538
1704,0,538
1590,0,540
1759,0,541
1474,0,543
1614,0,544
1753,0,547
1411,0,549
1356,0,549
1497,0,549
1513,0,549
1282,0,550
1678,0,550
1561,0,559
1696,0,559
1254,0,559
1512,0,563
1214,0,563
1501,0,563
1222,0,563
1535,0,563
1733,0,564
1602,0,564
1725,0,568
1371,0,575
1379,0,575
1648,0,576
1558,0,577
1642,0,577
1268,0,583
1717,0,584
1804,0,587
1695,0,588
1414,0,589
1566,0,593
1809,0,598
1245,0,598
1221,0,598
1447,0,598
1283,0,598
1868,0,600
1628,0,601
1260,0,602
1343,0,603
1604,0,604
1622,0,605
1219,0,606
1801,0,611
1418,0,612
1723,0,612
1877,0,612
1425,0,613
1385,0,613
1339,0,615
1831,0,615
1616,0,615
1457,0,617
1740,0,617
1328,0,619
1377,0,619
1863,0,620
1332,0,622
1405,0,630
1366,0,632
1266,0,632
1520,0,634
1475,0,635
1667,0,635
1320,0,635
1227,0,635
1767,0,636
1821,0,636
1273,0,636
1527,0,638
1705,0,639
1770,0,643
1564,0,647
1792,0,647
1660,0,647
1780,0,650
1756,0,650
1205,0,650
1438,0,656
1886,0,664
1732,0,664
1606,0,665
1880,0,670
1537,0,671
1727,0,671
1503,0,671
1281,0,671
1381,0,671
1702,0,672
1424,0,672
1883,0,675
1556,0,676
1554,0,677
1345,0,677
1851,0,681
1201,0,684
1468,0,688
1830,0,690
1584,0,692
1223,0,692
1376,0,692
1416,0,694
1426,0,694
1477,0,695
1820,0,695
1481,0,695
1200,0,701
1403,0,702
1272,0,702
1755,0,703
1621,0,709
1694,0,717
1862,0,718
1330,0,718
1794,0,718
1861,0,718
1235,0,718
1210,0,718
1799,0,720
1557,0,720
1852,0,720
1587,0,723
1346,0,725
1349,0,730
1430,0,730
1373,0,730
1331,0,731
1715,0,734
1301,0,735
1761,0,739
1579,0,739
1882,0,739
1676,0,739
1810,0,739
1591,0,741
1454,0,741
1633,0,744
1666,0,744
1382,0,750
1364,0,753
1778,0,753
1825,0,756
1362,0,757
1386,0,763
1495,0,764
1627,0,767
1275,0,774
1274,0,774
1673,0,775
1263,0,777
1353,0,777
1442,0,777
1387,0,780
1698,0,784
1744,0,785
1251,0,785
1685,0,786
1600,0,793
1271,0,795
1453,0,795
1380,0,795
1615,0,795
1814,0,795
1552,0,799
1231,0,801
1866,0,802
1246,0,802
1519,0,802
1829,0,802
1467,0,803
1476,0,805
1511,0,805
1225,0,822
1651,0,822
1708,0,822
1491,0,823
1595,0,824
1738,0,828
1399,0,829
1707,0,829
1473,0,829
1549,0,829
1363,0,829
1626,0,829
1224,0,829
1818,0,829
1700,0,829
1703,0,831
1624,0,831
1869,0,839
1546,0,839
1348,0,839
1679,0,842
1478,0,843
1422,0,843
1610,0,843
1609,0,843
1824,0,843
1287,0,844
1607,0,844
1318,0,845
1576,0,845
1887,0,850
1664,0,853
1661,0,855
1292,0,860
1774,0,861
1800,0,865
1314,0,872
1249,0,874
1305,0,878
1650,0,878
1586,0,878
1439,0,880
1397,0,880
1542,0,882
1458,0,882
1448,0,882
1522,0,885
1277,0,887
1748,0,887
1653,0,893
1383,0,893
1803,0,893
1845,0,893
1646,0,896
1483,0,896
1367,0,904
1407,0,904
1413,0,904
1879,0,911
1315,0,911
1644,0,911
1408,0,911
1631,0,911
1358,0,911
1197,0,913
1296,0,914
1311,0,914
1460,0,917
1735,0,918
1218,0,921
1298,0,924
1253,0,925
1347,0,926
1629,0,930
1261,0,933
1262,0,934
1658,0,934
1431,0,936
1713,0,938
1286,0,938
1540,0,941
1340,0,945
1365,0,946
1634,0,946
1415,0,964
1525,0,964
1237,0,964
1858,0,964
1619,0,964
1867,0,964
1635,0,965
1532,0,965
1751,0,965
1826,0,970
1369,0,974
1482,0,974
1335,0,976
1309,0,977
1789,0,985
1776,0,986
1819,0,986
1469,0,990
1409,0,990
1688,0,990
1441,0,990
1288,0,990
1423,0,990
1508,0,990
1612,0,990
1758,0,990
1451,0,990
1390,0,991
1775,0,991
1504,0,996
1417,0,998
1672,0,998
1490,0,998
1680,0,998
1344,0,998
1337,0,998
1496,0,998
1206,0,998
1815,0,1001
1515,0,1001
1402,0,1006
1842,0,1010
1870,0,1010
1465,0,1018
1683,0,1020
1706,0,1021
1808,0,1023
1864,0,1023
1692,0,1023
1659,0,1026
1608,0,1026
1567,0,1027
1783,0,1028
1816,0,1034
1297,0,1034
1656,0,1037
1212,0,1037
1389,0,1040
1375,0,1040
1336,0,1040
1562,0,1040
1731,0,1040
1265,0,1040
1853,0,1040
1881,0,1040
1322,0,1041
1577,0,1044
1410,0,1044
1293,0,1045
1834,0,1047
1208,0,1047
1239,0,1048
1854,0,1048
1574,0,1048
1670,0,1048
1510,0,1049
1548,0,1049
1849,0,1049
1777,0,1049
1603,0,1052
1230,0,1052
1395,0,1053
1304,0,1054
1714,0,1056
1493,0,1060
1543,0,1066
1234,0,1068
1466,0,1071
1529,0,1076
1538,0,1080
1737,0,1085
1400,0,1085
1599,0,1085
1533,0,1087
1470,0,1087
1769,0,1091
1840,0,1093
1785,0,1093
1718,0,1093
1596,0,1093
1479,0,1093
1394,0,1096
1392,0,1098
1278,0,1098
1884,0,1105
1739,0,1107
1798,0,1109
1674,0,1112
1498,0,1112
1874,0,1112
1551,0,1114
1689,0,1114
1669,0,1114
1788,0,1115
1885,0,1116
1280,0,1116
1528,0,1116
1437,0,1116
1711,0,1117
1573,0,1121
1388,0,1126
1856,0,1130
1450,0,1134
1374,0,1136
2272,1,0
2268,1,0
2140,1,0
1949,1,0
1945,1,0
2437,1,0
2538,1,0
1933,1,0
2345,1,0
1998,1,0
2445,1,0
2282,1,0
1985,1,0
2496,1,0
1912,1,1
2231,1,3
2111,1,3
2206,1,3
1900,1,6
2189,1,8
2085,1,8
2142,1,9
2486,1,12
1972,1,12
2005,1,21
2287,1,22
2183,1,29
2076,1,30
2094,1,38
2212,1,40
2239,1,40
2509,1,40
2290,1,40
2278,1,41
2553,1,41
2074,1,42
2065,1,46
2188,1,48
2468,1,48
2331,1,54
2255,1,55
2131,1,58
2388,1,58
2541,1,58
2008,1,58
2176,1,64
2487,1,64
2551,1,67
2202,1,67
2002,1,67
2060,1,71
2299,1,72
2267,1,73
2090,1,83
1982,1,83
2298,1,83
2387,1,85
2366,1,85
2578,1,85
1974,1,85
2474,1,86
2175,1,86
1999,1,90
2194,1,90
2048,1,97
1981,1,99
2476,1,100
2276,1,100
1929,1,102
2497,1,105
2174,1,105
2393,1,110
2265,1,111
1939,1,113
1950,1,117
2022,1,117
2159,1,117
2201,1,119
2129,1,119
2491,1,121
2458,1,123
2454,1,123
2197,1,123
2056,1,127
2230,1,130
2170,1,130
2490,1,132
2478,1,136
2330,1,137
2058,1,137
2481,1,137
2363,1,137
2126,1,137
2436,1,137
2038,1,141
1992,1,141
2035,1,146
2347,1,146
1965,1,147
1947,1,151
2355,1,153
2558,1,155
2029,1,164
2419,1,164
2024,1,164
2416,1,164
1990,1,164
2319,1,164
2303,1,164
2199,1,167
2051,1,167
2205,1,171
2251,1,172
2305,1,175
2511,1,179
2010,1,180
1934,1,181
2449,1,181
1914,1,181
2087,1,181
2137,1,181
2334,1,181
1969,1,186
2016,1,189
2033,1,190
2190,1,190
2524,1,198
2300,1,199
2154,1,202
2128,1,203
2348,1,206
1905,1,206
2135,1,208
2389,1,209
2525,1,212
2021,1,213
2354,1,213
2318,1,213
2281,1,213
2463,1,217
2164,1,217
2062,1,222
2039,1,223
2160,1,225
2535,1,225
2382,1,225
2484,1,226
2312,1,226
2519,1,235
2505,1,235
2117,1,240
2479,1,245
1895,1,247
2297,1,251
2459,1,251
2150,1,251
2144,1,251
1978,1,251
2520,1,253
2446,1,253
2070,1,253
2572,1,255
2392,1,255
2247,1,256
2091,1,259
2381,1,259
2377,1,262
2386,1,262
2245,1,265
2390,1,268
2353,1,270
2055,1,271
2523,1,275
2522,1,275
2313,1,275
2041,1,275
1966,1,275
2119,1,276
1951,1,279
2493,1,279
2214,1,281
2439,1,281
2037,1,284
2216,1,287
2325,1,288
2346,1,296
2457,1,298
2102,1,298
2009,1,298
2408,1,299
2283,1,299
1991,1,302
2104,1,302
2083,1,303
2136,1,306
1906,1,307
2566,1,307
2181,1,307
2257,1,307
2068,1,307
2093,1,307
2394,1,309
1973,1,310
2025,1,310
2310,1,310
2397,1,312
2260,1,312
2036,1,319
2096,1,320
2032,1,323
1983,1,323
2554,1,325
1913,1,325
2077,1,325
1920,1,328
2015,1,328
2343,1,330
2246,1,331
2105,1,333
2280,1,333
1909,1,333
2339,1,339
2013,1,347
2367,1,348
2211,1,348
2410,1,348
2450,1,348
2028,1,348
2185,1,348
1898,1,348
2236,1,348
2095,1,349
2321,1,350
2157,1,350
2423,1,351
2510,1,354
1931,1,354
2203,1,358
2000,1,358
2156,1,359
2444,1,359
2219,1,359
2225,1,359
2218,1,359
2494,1,360
2229,1,362
2304,1,362
2562,1,365
1916,1,365
2223,1,365
2417,1,368
2075,1,370
1892,1,378
2067,1,378
2204,1,378
2452,1,381
2326,1,385
2556,1,385
2358,1,385
2508,1,389
2489,1,390
1893,1,390
2256,1,392
2547,1,395
1937,1,400
2315,1,405
2108,1,407
2424,1,412
1964,1,412
2089,1,412
2145,1,412
2073,1,413
1910,1,413
2464,1,413
1903,1,414
2116,1,414
2518,1,415
2232,1,416
1989,1,419
2115,1,425
1918,1,427
2133,1,428
2530,1,428
2007,1,428
2426,1,429
2539,1,436
2465,1,436
2473,1,436
2224,1,442
1899,1,455
2120,1,456
2018,1,458
2501,1,458
2380,1,458
2555,1,459
1919,1,459
1960,1,463
2406,1,464
2391,1,468
2064,1,474
2273,1,478
2506,1,481
2277,1,481
1888,1,481
1917,1,481
2499,1,481
2430,1,481
2398,1,481
2543,1,484
2107,1,484
2351,1,486
2100,1,486
2482,1,486
2241,1,489
2337,1,489
2053,1,489
2151,1,491
2289,1,491
2153,1,495
2235,1,496
2228,1,497
2453,1,501
2069,1,501
2571,1,501
2395,1,501
2240,1,503
2569,1,503
2559,1,503
1923,1,505
2132,1,505
1936,1,506
2173,1,507
2552,1,508
2163,1,510
2086,1,519
2534,1,524
2003,1,527
2332,1,528
1904,1,532
1897,1,532
2438,1,532
1890,1,532
2467,1,533
2533,1,533
2006,1,535
2531,1,538
2427,1,541
2092,1,541
1984,1,544
2162,1,544
2014,1,546
2399,1,548
2580,1,553
2544,1,557
2191,1,560
2004,1,562
2455,1,562
2167,1,562
2054,1,563
2042,1,563
2341,1,565
1987,1,565
2045,1,570
2127,1,572
2532,1,575
2017,1,576
1975,1,576
2328,1,577
2302,1,584
1942,1,584
2266,1,584
2193,1,584
2011,1,585
2374,1,587
2402,1,591
2470,1,600
2435,1,600
2369,1,604
2047,1,604
2317,1,604
2138,1,604
2168,1,604
1958,1,614
2477,1,614
2139,1,615
2365,1,615
2134,1,617
2242,1,618
2210,1,621
2308,1,621
2316,1,626
2357,1,630
2400,1,630
1997,1,632
2078,1,634
2184,1,635
2342,1,639
1940,1,640
2378,1,648
2561,1,649
2099,1,653
1928,1,653
2335,1,653
2130,1,653
2019,1,653
2049,1,656
2483,1,656
2431,1,656
2243,1,666
1988,1,669
2275,1,670
2396,1,670
2480,1,672
2071,1,676
2238,1,679
1924,1,681
2536,1,681
2333,1,683
2125,1,683
2370,1,684
1908,1,685
1944,1,685
2072,1,686
1957,1,687
2360,1,691
2207,1,691
2110,1,696
2322,1,700
2443,1,706
2356,1,706
1986,1,708
2307,1,708
2537,1,708
2442,1,708
2548,1,711
2573,1,711
2447,1,714
1927,1,714
2306,1,714
2046,1,716
2503,1,716
2336,1,718
2415,1,719
2488,1,719
2565,1,719
2213,1,719
2567,1,720
2529,1,720
1952,1,724
2264,1,724
2498,1,726
2001,1,727
2466,1,729
2066,1,729
2475,1,731
2220,1,731
2528,1,731
2187,1,731
2409,1,732
2237,1,739
2030,1,739
2296,1,739
1932,1,740
2407,1,742
2293,1,742
2575,1,744
2244,1,747
2012,1,754
2425,1,761
2250,1,769
1968,1,769
2577,1,772
2517,1,772
2249,1,775
2106,1,775
2221,1,775
2026,1,775
2186,1,775
2182,1,775
2061,1,779
2271,1,780
2217,1,782
1962,1,783
2515,1,783
2368,1,787
2495,1,787
1956,1,788
1967,1,790
2462,1,793
2023,1,793
1963,1,793
2361,1,796
2080,1,796
2550,1,797
2545,1,797
2169,1,799
2549,1,799
2226,1,800
2338,1,803
2546,1,803
2020,1,804
2208,1,804
2261,1,817
2286,1,819
2262,1,821
2215,1,821
2327,1,821
2284,1,825
2027,1,825
2291,1,825
1941,1,826
1976,1,828
2526,1,832
2324,1,835
2440,1,837
2088,1,837
1894,1,837
2155,1,837
2504,1,838
1891,1,838
2254,1,838
1943,1,838
2362,1,840
1921,1,841
1994,1,841
2285,1,842
2248,1,849
2146,1,849
2057,1,849
2122,1,849
2196,1,852
2500,1,852
2401,1,858
2513,1,858
2124,1,860
2414,1,867
2418,1,867
2166,1,867
2294,1,868
2472,1,868
2375,1,868
2301,1,868
2288,1,868
2512,1,868
2200,1,871
1911,1,872
2171,1,873
2311,1,875
2269,1,878
2177,1,881
2031,1,884
2540,1,887
2579,1,887
2405,1,887
2233,1,887
2279,1,887
1915,1,889
2428,1,889
2165,1,890
2178,1,890
2485,1,891
2052,1,892
2557,1,899
2576,1,902
2295,1,905
2179,1,906
2376,1,906
2079,1,907
1953,1,907
1922,1,907
2309,1,907
2340,1,907
2141,1,909
2314,1,910
2034,1,910
1970,1,911
2383,1,913
2172,1,917
2263,1,918
2043,1,918
1959,1,918
2323,1,921
2161,1,921
2563,1,924
1896,1,927
2063,1,929
2451,1,935
2471,1,935
2044,1,935
2448,1,935
2152,1,935
1955,1,935
1907,1,935
2461,1,936
2274,1,938
2113,1,939
2121,1,939
2371,1,940
2198,1,942
2542,1,943
2084,1,945
2350,1,949
2570,1,953
2320,1,959
2514,1,959
2527,1,963
2384,1,963
1971,1,964
2349,1,970
2385,1,970
2192,1,970
1935,1,970
2158,1,975
2059,1,980
2574,1,980
1996,1,980
1930,1,980
1993,1,980
2352,1,982
1938,1,984
1980,1,984
2460,1,985
2082,1,985
2413,1,988
2258,1,989
2469,1,995
2379,1,997
2364,1,1002
2147,1,1005
2507,1,1005
2259,1,1005
2234,1,1005
1995,1,1005
2098,1,1005
2195,1,1007
2081,1,1007
2521,1,1007
2149,1,1011
2227,1,1012
2568,1,1017
1901,1,1018
2432,1,1023
2359,1,1023
1946,1,1023
2421,1,1023
1961,1,1023
2114,1,1023
1954,1,1024
2112,1,1024
2040,1,1025
2420,1,1025
2441,1,1025
1948,1,1027
2050,1,1028
2148,1,1030
2143,1,1035
2429,1,1036
2372,1,1038
2101,1,1038
2502,1,1038
2564,1,1038
2209,1,1038
1925,1,1038
2270,1,1039
1979,1,1039
2492,1,1041
2103,1,1048
2412,1,1050
2329,1,1052
2422,1,1055
2456,1,1056
2433,1,1057
1926,1,1057
2118,1,1059
1902,1,1066
2373,1,1066
2252,1,1067
2411,1,1067
2292,1,1070
2253,1,1070
2344,1,1075
2123,1,1075
2222,1,1075
2516,1,1075
2403,1,1075
2180,1,1075
2560,1,1075
2097,1,1079
2434,1,1082
2109,1,1083
1977,1,1084
2404,1,1084
1889,1,1084
2849,6,0
2581,6,0
3242,6,0
2761,6,0
3083,6,0
2924,6,0
2637,6,0
2802,6,0
3272,6,0
3178,6,0
3066,6,0
2735,6,0
2893,6,0
3227,6,0
2770,6,0
2642,6,0
2620,6,0
2726,6,0
3102,6,0
3267,6,0
2764,6,0
3047,6,0
3241,6,2
3260,6,5
2897,6,16
3274,6,16
2604,6,16
2621,6,16
2886,6,17
2669,6,26
3125,6,27
2940,6,27
2636,6,27
2749,6,28
3121,6,31
2717,6,31
3040,6,32
2755,6,32
3249,6,33
2800,6,42
3080,6,46
2823,6,53
2877,6,53
2871,6,53
3151,6,53
3070,6,53
2602,6,54
2693,6,54
3277,6,55
3243,6,56
2596,6,56
2687,6,58
2962,6,69
2822,6,72
2774,6,75
2664,6,76
2948,6,76
2843,6,76
2672,6,76
3035,6,77
3050,6,77
3221,6,81
2982,6,81
3254,6,84
3279,6,85
2750,6,85
2583,6,85
2679,6,86
3061,6,86
3204,6,88
2972,6,88
2790,6,91
3261,6,91
3287,6,91
3106,6,97
2746,6,97
2869,6,100
3213,6,100
2970,6,102
3216,6,103
3016,6,106
2941,6,115
2767,6,120
2645,6,126
3058,6,128
3140,6,128
2776,6,130
3200,6,130
3018,6,130
2828,6,132
2846,6,133
2775,6,133
2966,6,137
2929,6,139
3285,6,139
3175,6,143
3284,6,146
2919,6,147
3174,6,147
2748,6,151
2718,6,151
2873,6,156
2695,6,161
3112,6,164
2681,6,170
2634,6,170
2799,6,170
3045,6,170
3110,6,171
2623,6,173
3091,6,173
2657,6,173
2996,6,174
3192,6,174
2832,6,174
2864,6,175
2951,6,175
3115,6,175
2673,6,175
2625,6,175
2793,6,175
2915,6,175
3187,6,175
3089,6,175
3033,6,176
2651,6,179
2979,6,181
2665,6,181
2891,6,181
2668,6,183
3116,6,183
2639,6,183
3122,6,185
3262,6,187
2616,6,189
3108,6,189
3198,6,193
2964,6,193
3223,6,200
3005,6,203
3202,6,204
2936,6,212
3078,6,212
3208,6,212
2921,6,212
3150,6,212
2666,6,212
3094,6,216
3019,6,216
2938,6,217
3244,6,220
2603,6,221
2595,6,223
3124,6,226
3275,6,228
3189,6,235
2912,6,238
2721,6,239
3039,6,239
2779,6,239
3236,6,239
2713,6,239
2808,6,239
3266,6,249
3295,6,249
2738,6,250
3226,6,250
3180,6,251
2656,6,253
2704,6,259
2870,6,263
2899,6,265
2855,6,265
2980,6,265
2816,6,266
2889,6,266
3067,6,266
3043,6,266
3149,6,266
2997,6,266
3001,6,270
3237,6,274
2943,6,274
3193,6,275
3264,6,280
3142,6,282
2859,6,283
2613,6,284
2888,6,297
2804,6,297
2709,6,299
2690,6,300
2798,6,300
2615,6,300
2988,6,304
3158,6,305
2762,6,305
2880,6,307
3157,6,308
2957,6,308
2961,6,312
2722,6,317
2902,6,321
2965,6,329
2685,6,334
2797,6,335
3270,6,335
3011,6,339
3127,6,339
2773,6,342
2609,6,342
2896,6,343
2894,6,344
2786,6,344
3126,6,346
2661,6,348
3065,6,348
2785,6,349
2998,6,358
2662,6,361
2881,6,363
2854,6,367
2874,6,369
3032,6,369
3245,6,369
3144,6,374
2711,6,374
3289,6,374
3176,6,374
2697,6,375
2907,6,375
2963,6,375
2617,6,376
2900,6,376
3118,6,380
2683,6,384
2586,6,385
3046,6,389
2720,6,390
3278,6,391
3215,6,393
2633,6,394
3141,6,394
3038,6,396
3232,6,400
3220,6,403
2983,6,403
2805,6,403
2920,6,406
2682,6,406
2829,6,406
2787,6,406
2989,6,406
2824,6,408
2640,6,409
2976,6,409
2663,6,410
2590,6,418
3135,6,419
3195,6,421
2659,6,425
3082,6,431
3152,6,432
2654,6,436
3103,6,444
2952,6,451
3138,6,451
3025,6,451
2728,6,451
3246,6,451
2626,6,456
3201,6,457
3000,6,457
3230,6,457
2643,6,459
2619,6,459
3037,6,460
2806,6,462
3146,6,462
3231,6,463
2680,6,470
3217,6,473
3276,6,474
3209,6,474
2756,6,474
2812,6,474
2819,6,476
3027,6,476
3111,6,476
2698,6,477
2890,6,478
2644,6,479
3132,6,489
2839,6,490
3130,6,490
2701,6,490
2973,6,490
2777,6,491
3199,6,492
3063,6,492
3263,6,495
3179,6,495
2632,6,497
2607,6,497
2594,6,503
2676,6,503
2608,6,506
2688,6,510
3095,6,512
2803,6,514
3051,6,515
2730,6,520
2834,6,520
2993,6,522
3079,6,522
3036,6,522
3164,6,522
2692,6,522
3012,6,529
3186,6,529
3203,6,530
3171,6,531
2627,6,537
3291,6,543
2837,6,545
2858,6,545
3007,6,545
2670,6,546
2987,6,546
2885,6,548
2974,6,552
2813,6,552
2723,6,552
2945,6,556
2703,6,556
3090,6,556
3081,6,556
3131,6,556
3252,6,560
3113,6,560
2946,6,564
3238,6,566
3170,6,566
2867,6,566
2958,6,570
3129,6,571
3099,6,574
2610,6,577
2977,6,583
2913,6,583
2794,6,583
2641,6,583
2612,6,583
3100,6,583
3048,6,584
3137,6,584
2950,6,584
2932,6,588
2741,6,588
2986,6,588
2589,6,590
3283,6,593
2826,6,594
2884,6,599
3105,6,605
2845,6,611
2818,6,612
2587,6,619
3281,6,619
2601,6,619
3054,6,620
2630,6,620
3015,6,622
2801,6,624
2992,6,626
2736,6,631
2796,6,632
3021,6,632
3296,6,633
3282,6,633
3009,6,633
2766,6,634
3023,6,634
3109,6,634
2810,6,638
2600,6,638
2820,6,638
2658,6,642
2780,6,647
3229,6,655
3093,6,655
2611,6,655
2878,6,663
3057,6,663
2838,6,667
3059,6,670
2856,6,670
3031,6,672
2655,6,673
2660,6,673
3087,6,673
2960,6,673
3008,6,673
2840,6,673
3194,6,673
3075,6,674
2714,6,676
2702,6,676
2707,6,676
2928,6,678
3288,6,678
3172,6,678
3006,6,692
2994,6,697
2705,6,698
3214,6,698
3239,6,699
2591,6,703
3292,6,709
3042,6,709
3022,6,709
3182,6,711
3136,6,711
2769,6,711
2765,6,711
2708,6,711
2809,6,711
2975,6,716
3148,6,717
2757,6,717
3235,6,718
2947,6,718
3173,6,720
3190,6,721
3107,6,721
2934,6,730
2768,6,735
3225,6,735
3191,6,735
2628,6,735
2624,6,737
2931,6,737
2836,6,737
3128,6,740
3020,6,740
2969,6,740
2933,6,744
2905,6,744
2833,6,745
3162,6,748
2674,6,748
3117,6,748
2592,6,749
2906,6,749
2910,6,749
2852,6,749
2724,6,755
2967,6,755
3123,6,756
3068,6,756
3259,6,757
2712,6,760
2650,6,760
3017,6,761
3247,6,762
3265,6,766
2649,6,768
3240,6,768
3183,6,770
2901,6,770
2778,6,770
3218,6,770
2716,6,770
2739,6,783
2831,6,784
2599,6,784
3041,6,784
2629,6,786
2914,6,786
2694,6,792
3159,6,793
2582,6,796
3073,6,798
3258,6,803
2700,6,805
2745,6,805
3098,6,805
2847,6,806
3224,6,806
2895,6,807
2807,6,807
3060,6,810
2811,6,810
2827,6,813
2729,6,814
3222,6,816
3055,6,816
2866,6,817
2696,6,818
2841,6,822
2923,6,824
3181,6,824
2879,6,824
2872,6,828
3026,6,828
2648,6,828
2772,6,828
3155,6,828
3271,6,829
3029,6,832
3069,6,839
2926,6,840
3013,6,850
3034,6,853
3185,6,855
2821,6,855
2853,6,855
2752,6,855
2882,6,855
3052,6,858
3145,6,858
2631,6,859
2675,6,859
2937,6,863
3233,6,866
3273,6,866
2753,6,871
2835,6,874
2737,6,875
2909,6,877
3101,6,881
2734,6,886
2622,6,886
3114,6,886
3165,6,889
3205,6,889
2991,6,891
2795,6,891
3072,6,895
2791,6,895
2862,6,895
3168,6,898
3076,6,900
3253,6,900
2861,6,900
2671,6,900
3071,6,900
2784,6,903
2954,6,903
3156,6,906
2956,6,912
2968,6,916
2930,6,921
3154,6,928
2751,6,928
3004,6,928
2733,6,930
3280,6,930
2742,6,937
2788,6,937
3119,6,938
2935,6,938
2731,6,938
2584,6,941
2638,6,942
2760,6,942
2865,6,942
3250,6,943
2883,6,943
2710,6,943
2949,6,946
3166,6,947
3028,6,948
2715,6,948
2678,6,951
2916,6,955
2781,6,955
3010,6,957
3014,6,957
2585,6,961
2844,6,963
2978,6,967
2908,6,969
3104,6,972
3003,6,973
3143,6,982
2588,6,985
2614,6,987
3196,6,987
2618,6,987
3092,6,987
2727,6,987
2817,6,989
3002,6,989
3062,6,992
3044,6,995
2917,6,995
2706,6,999
2792,6,1005
3096,6,1005
3161,6,1008
3160,6,1010
2868,6,1014
3269,6,1014
3248,6,1018
2740,6,1021
3097,6,1021
2984,6,1021
2944,6,1026
3290,6,1028
2939,6,1028
2918,6,1030
3086,6,1030
3163,6,1030
2699,6,1032
2771,6,1032
3134,6,1038
3234,6,1040
3084,6,1043
2677,6,1046
3219,6,1047
2605,6,1053
3167,6,1053
3212,6,1053
3251,6,1053
3074,6,1054
2789,6,1054
2743,6,1054
3120,6,1054
2783,6,1057
3257,6,1058
2875,6,1059
2942,6,1061
3077,6,1061
2691,6,1061
2876,6,1061
3256,6,1061
3049,6,1061
2850,6,1061
2892,6,1063
2759,6,1063
3207,6,1063
2860,6,1072
2815,6,1072
3286,6,1072
3064,6,1072
2990,6,1072
3255,6,1074
2593,6,1074
2999,6,1075
3206,6,1075
2842,6,1075
2898,6,1077
2744,6,1081
2725,6,1085
2754,6,1085
2782,6,1088
3030,6,1090
2747,6,1093
3024,6,1093
2851,6,1093
3197,6,1093
3056,6,1096
2925,6,1096
2667,6,1098
3139,6,1100
2959,6,1100
2719,6,1100
2652,6,1104
2635,6,1106
3184,6,1106
2684,6,1106
2653,6,1112
2689,6,1116
2597,6,1120
2732,6,1120
3133,6,1120
3268,6,1121
3210,6,1121
2911,6,1121
2981,6,1121
2686,6,1124
2848,6,1124
2758,6,1125
2904,6,1125
2646,6,1126
2953,6,1132
3188,6,1136
2922,6,1139
3147,6,1139
2825,6,1141
3294,6,1144
2830,6,1147
2647,6,1147
3293,6,1147
2903,6,1147
2763,6,1147
3169,6,1147
2606,6,1148
2598,6,1153
3228,6,1153
2927,6,1154
3088,6,1156
2955,6,1156
2863,6,1159
3211,6,1159
2857,6,1161
3153,6,1162
2995,6,1171
3085,6,1171
3177,6,1171
2971,6,1172
2887,6,1174
2814,6,1174
3053,6,1182
2985,6,1183
4060,2,0
4041,2,0
3875,2,0
3388,2,0
3514,2,0
3503,2,0
3480,2,0
4054,2,0
3341,2,0
3969,2,0
3381,2,0
3315,2,0
4018,2,0
4012,2,0
3631,2,0
3326,2,0
3427,2,0
3997,2,0
3426,2,0
3607,2,4
3739,2,5
3354,2,16
3582,2,16
3676,2,16
3633,2,16
3767,2,16
3522,2,16
3698,2,16
3690,2,18
3543,2,19
3908,2,21
3626,2,23
4049,2,25
3589,2,31
3771,2,34
3535,2,37
4051,2,41
3834,2,41
3384,2,41
3612,2,41
3488,2,43
3577,2,43
3960,2,43
3437,2,43
3914,2,46
3576,2,46
3721,2,46
3393,2,49
3591,2,50
3730,2,51
3516,2,51
3528,2,56
3664,2,56
3579,2,61
4098,2,63
3704,2,63
3716,2,65
3813,2,65
3784,2,70
3392,2,71
3403,2,74
3595,2,74
4084,2,74
3335,2,74
3386,2,76
3905,2,79
3297,2,82
3710,2,83
3453,2,85
3964,2,88
3424,2,89
4099,2,89
4062,2,90
3773,2,91
3766,2,94
3336,2,94
3456,2,97
3333,2,97
3520,2,97
3811,2,102
3649,2,102
3639,2,102
3684,2,102
3754,2,103
3705,2,103
3920,2,103
4076,2,103
3317,2,103
3903,2,107
3998,2,108
3530,2,109
3657,2,112
3747,2,122
4015,2,122
3887,2,126
3713,2,127
3310,2,128
4090,2,128
3682,2,128
3940,2,128
3995,2,129
3741,2,129
3778,2,130
3414,2,130
3978,2,132
3803,2,136
3627,2,136
3302,2,136
3313,2,139
3434,2,139
3861,2,139
3412,2,139
3789,2,139
3722,2,139
3327,2,140
3585,2,142
3946,2,143
4079,2,143
3768,2,146
3328,2,146
4029,2,147
3307,2,148
3864,2,148
4005,2,149
3727,2,149
3507,2,150
3829,2,150
3666,2,153
4037,2,155
3820,2,155
3300,2,155
3470,2,156
3352,2,156
4087,2,156
3603,2,157
3628,2,157
3899,2,162
3807,2,162
3565,2,162
3557,2,164
3578,2,165
3761,2,167
3654,2,168
3785,2,176
3640,2,179
4061,2,179
3890,2,186
3719,2,189
3451,2,190
3391,2,190
3559,2,191
3305,2,191
3484,2,192
3823,2,193
3968,2,193
3926,2,194
3487,2,195
3675,2,201
3468,2,201
3436,2,205
3504,2,208
3885,2,208
3857,2,210
3809,2,212
3959,2,213
3825,2,213
3798,2,213
4028,2,213
3378,2,214
3509,2,214
3373,2,215
3653,2,216
3683,2,217
3344,2,222
3533,2,226
3915,2,226
3409,2,234
3764,2,237
3669,2,242
3678,2,247
3580,2,247
3749,2,248
3981,2,248
3961,2,249
4063,2,249
3638,2,249
3732,2,249
3466,2,249
3540,2,250
3298,2,251
3549,2,251
3630,2,256
3332,2,257
3594,2,260
3982,2,263
3387,2,264
3550,2,269
3469,2,271
3735,2,271
3923,2,271
3902,2,271
3689,2,272
3340,2,272
3667,2,272
3527,2,274
4056,2,274
3366,2,274
4080,2,274
4034,2,275
3642,2,278
3763,2,282
3472,2,284
3545,2,287
3306,2,289
4014,2,296
4074,2,296
3740,2,299
4032,2,299
3610,2,299
3815,2,299
3850,2,304
3877,2,305
4053,2,312
3980,2,317
4035,2,317
3599,2,317
3757,2,317
3567,2,318
3833,2,318
3984,2,319
3613,2,319
3432,2,321
3330,2,321
3459,2,323
3794,2,323
3364,2,326
3637,2,326
3624,2,328
3659,2,332
3575,2,332
3546,2,332
3706,2,332
3471,2,336
4026,2,336
3473,2,337
3973,2,342
3457,2,344
3852,2,344
4085,2,347
3849,2,350
3486,2,356
3524,2,356
3431,2,356
3400,2,362
4023,2,362
3755,2,362
3718,2,363
3888,2,363
3597,2,367
4092,2,368
3796,2,368
3691,2,368
3972,2,369
3464,2,369
4027,2,369
3526,2,369
3695,2,370
3337,2,370
3478,2,374
3606,2,376
3345,2,376
3338,2,376
3919,2,376
3450,2,377
3351,2,377
3483,2,377
3765,2,378
3600,2,380
3929,2,381
3819,2,386
3608,2,389
3481,2,392
3334,2,392
3510,2,395
3383,2,395
3804,2,395
3822,2,395
3842,2,398
3362,2,399
3901,2,401
3967,2,401
3501,2,402
3367,2,403
3685,2,406
3808,2,406
3544,2,408
3615,2,411
3420,2,415
3670,2,417
4067,2,420
3979,2,422
3743,2,422
3775,2,422
3859,2,425
3853,2,425
3786,2,425
3816,2,425
3956,2,429
3886,2,430
3985,2,430
3570,2,432
3824,2,435
3868,2,435
3724,2,441
3873,2,444
3438,2,446
3948,2,448
3836,2,449
3449,2,450
3529,2,450
3531,2,451
3668,2,451
3839,2,451
3717,2,451
3622,2,455
4002,2,455
3916,2,455
3421,2,460
4064,2,460
3976,2,461
3801,2,462
3502,2,467
3644,2,471
3518,2,471
3781,2,474
3445,2,476
3774,2,478
3708,2,480
3989,2,482
3452,2,483
3728,2,483
3889,2,483
3537,2,486
3349,2,488
3443,2,488
3687,2,488
3742,2,488
3855,2,490
3703,2,491
3489,2,491
3707,2,491
3561,2,492
3323,2,493
3945,2,494
3411,2,497
4042,2,497
4059,2,503
3620,2,505
4011,2,505
3871,2,505
3619,2,508
3408,2,509
3692,2,513
3433,2,513
3569,2,514
3656,2,515
3532,2,516
3744,2,519
3358,2,525
4040,2,528
3623,2,532
3882,2,536
3862,2,536
4057,2,536
3375,2,536
3618,2,536
3921,2,536
3812,2,537
3430,2,542
3641,2,547
3770,2,547
3709,2,548
3372,2,549
4025,2,555
3320,2,555
3810,2,555
3357,2,555
3629,2,556
3832,2,556
3893,2,556
3401,2,558
3566,2,566
3731,2,566
4006,2,567
3324,2,568
3671,2,571
3974,2,571
3878,2,571
3314,2,571
3797,2,571
3319,2,571
3482,2,571
3848,2,571
4044,2,578
3679,2,578
3490,2,580
3817,2,581
3863,2,583
3999,2,587
3987,2,588
3448,2,589
3312,2,591
3845,2,592
3931,2,596
3840,2,596
3429,2,597
4047,2,597
4069,2,605
4024,2,605
3936,2,613
3562,2,613
3701,2,613
4058,2,613
3900,2,614
3560,2,614
3584,2,619
3938,2,620
4043,2,624
3715,2,627
3758,2,627
3821,2,633
3554,2,633
3975,2,634
3906,2,636
3474,2,636
3918,2,636
3325,2,636
3780,2,636
3782,2,639
3953,2,639
4004,2,646
3505,2,646
3860,2,647
3475,2,652
3558,2,654
3769,2,657
3674,2,658
3602,2,659
3966,2,662
3538,2,663
3621,2,666
4089,2,666
3779,2,667
3990,2,667
3793,2,667
3553,2,667
3994,2,671
4050,2,671
4072,2,672
3515,2,674
3911,2,674
3917,2,680
3891,2,682
3799,2,683
3496,2,686
3694,2,687
4065,2,687
3723,2,687
3444,2,687
3869,2,687
3760,2,687
3655,2,689
3658,2,690
4021,2,692
3551,2,694
3992,2,694
4095,2,695
3814,2,707
3745,2,708
3870,2,708
3399,2,708
3402,2,708
3513,2,711
3511,2,712
3455,2,712
3596,2,712
3428,2,712
3632,2,719
3806,2,719
4031,2,719
3423,2,721
3951,2,722
3301,2,725
3500,2,727
3837,2,729
3913,2,731
3477,2,736
3382,2,736
4071,2,736
4030,2,736
3783,2,737
4001,2,737
3605,2,737
3350,2,737
3371,2,739
3791,2,739
3896,2,742
3467,2,742
3841,2,745
4039,2,745
3541,2,749
3609,2,751
3311,2,754
4073,2,754
3939,2,754
3826,2,757
3872,2,758
4055,2,758
3957,2,758
3884,2,758
3463,2,758
3696,2,758
4091,2,758
3897,2,758
3519,2,758
3499,2,759
3693,2,762
3331,2,762
3792,2,766
3802,2,767
3390,2,769
3847,2,773
3379,2,774
3772,2,777
3746,2,783
4046,2,783
3909,2,791
3497,2,792
4020,2,795
3491,2,795
3944,2,795
3947,2,795
3462,2,797
3881,2,797
3454,2,797
3977,2,797
3643,2,799
3648,2,801
3725,2,804
3356,2,805
3652,2,806
3396,2,812
3635,2,814
3389,2,816
3329,2,816
3458,2,816
4094,2,817
3425,2,817
3795,2,819
3581,2,823
3751,2,823
3756,2,827
3573,2,829
3342,2,837
3492,2,841
3662,2,842
3672,2,842
3645,2,842
3435,2,844
3360,2,845
3912,2,845
4017,2,845
3677,2,846
3963,2,848
3650,2,849
3866,2,851
3419,2,856
3697,2,856
3394,2,856
3465,2,856
3416,2,856
3993,2,858
3355,2,860
3415,2,860
3661,2,861
3790,2,861
3441,2,863
3395,2,868
4083,2,874
3788,2,874
3377,2,874
3646,2,877
3856,2,877
4013,2,877
3865,2,883
3752,2,889
4068,2,889
3737,2,892
3405,2,892
3442,2,896
3556,2,898
3407,2,898
3965,2,899
4003,2,900
4082,2,902
4093,2,904
3494,2,904
3874,2,904
3583,2,904
3930,2,904
3932,2,905
3636,2,907
3971,2,910
3359,2,912
3495,2,912
3660,2,921
4022,2,922
3592,2,922
3634,2,927
3346,2,927
3493,2,927
3898,2,927
3651,2,927
3950,2,928
3996,2,929
3413,2,929
3762,2,934
3688,2,935
3759,2,936
3410,2,937
3590,2,939
3854,2,940
3665,2,944
3508,2,946
4070,2,948
3955,2,951
3398,2,951
4036,2,951
3525,2,952
3568,2,952
3574,2,952
3572,2,954
3924,2,954
3714,2,954
3374,2,956
3485,2,956
3983,2,960
3440,2,960
3498,2,960
3952,2,965
3347,2,965
3593,2,968
3542,2,970
3363,2,970
3910,2,975
4081,2,979
3736,2,982
3548,2,982
3738,2,982
4033,2,986
3937,2,987
3534,2,987
3894,2,987
3418,2,987
4045,2,988
3925,2,988
3986,2,991
4010,2,992
3406,2,992
3942,2,996
3479,2,1002
3787,2,1006
3446,2,1007
3322,2,1007
3958,2,1007
3800,2,1007
4086,2,1008
3564,2,1008
3587,2,1008
3753,2,1008
4038,2,1010
3991,2,1013
3851,2,1014
3729,2,1018
3417,2,1026
3571,2,1026
3830,2,1027
3895,2,1028
3922,2,1031
3536,2,1031
3673,2,1031
3927,2,1034
3835,2,1034
3348,2,1034
3563,2,1034
3818,2,1036
3928,2,1036
3700,2,1038
3805,2,1038
3547,2,1039
3422,2,1050
3614,2,1051
3699,2,1051
3476,2,1051
3376,2,1057
3303,2,1058
3439,2,1059
4097,2,1068
3506,2,1069
4077,2,1069
3883,2,1069
3461,2,1069
3748,2,1070
3711,2,1070
3611,2,1070
3846,2,1071
3733,2,1075
3843,2,1075
3935,2,1080
4066,2,1080
3880,2,1081
3512,2,1083
3827,2,1088
3702,2,1089
3601,2,1089
4088,2,1094
3831,2,1098
3309,2,1100
3712,2,1100
3892,2,1100
3943,2,1100
3523,2,1100
3904,2,1100
3933,2,1100
3838,2,1100
3365,2,1100
3552,2,1100
3879,2,1107
4007,2,1107
3776,2,1107
3586,2,1107
3954,2,1108
4008,2,1108
3663,2,1109
3949,2,1113
3318,2,1113
4096,2,1113
3844,2,1113
3680,2,1116
3353,2,1119
3397,2,1119
3625,2,1120
3517,2,1120
3380,2,1120
3681,2,1124
3447,2,1125
3604,2,1130
3385,2,1130
3750,2,1131
3867,2,1132
3970,2,1137
3734,2,1137
3555,2,1137
3828,2,1138
3941,2,1138
3647,2,1139
3404,2,1140
4052,2,1140
4000,2,1144
3539,2,1149
3617,2,1151
3321,2,1151
3588,2,1153
4016,2,1155
3876,2,1155
3304,2,1155
4019,2,1155
4075,2,1157
3720,2,1157
3460,2,1158
3934,2,1158
3962,2,1159
3368,2,1162
3343,2,1164
4009,2,1167
3777,2,1172
3988,2,1172
3521,2,1172
3299,2,1172
3616,2,1174
3598,2,1176
4078,2,1176
3339,2,1177
3907,2,1177
3726,2,1182
3308,2,1182
3369,2,1186
3686,2,1186
3858,2,1187
4048,2,1188
3316,2,1191
3361,2,1192
3370,2,1195
4461,4,0
4844,4,0
4440,4,0
4971,4,0
4113,4,0
4769,4,0
4266,4,0
4391,4,0
4173,4,0
4215,4,1
4922,4,1
4477,4,1
4591,4,1
4263,4,1
4821,4,1
4316,4,1
4957,4,1
4154,4,1
4584,4,1
4569,4,1
4886,4,1
4336,4,1
4351,4,1
4488,4,1
4142,4,4
4208,4,4
4898,4,5
4321,4,5
4950,4,9
4635,4,9
4924,4,9
4949,4,11
4468,4,13
4901,4,16
4558,4,18
4897,4,19
4981,4,19
4285,4,22
4921,4,22
4860,4,26
4401,4,27
4963,4,30
4483,4,33
4267,4,33
4386,4,33
4929,4,33
4918,4,33
4969,4,33
4557,4,33
4419,4,34
4638,4,34
4740,4,36
4611,4,36
4985,4,39
4362,4,41
4618,4,42
4676,4,44
4564,4,46
4495,4,48
4975,4,52
4988,4,54
4839,4,54
4306,4,54
4337,4,54
4372,4,54
4791,4,56
4503,4,58
4327,4,61
4935,4,63
4784,4,63
4464,4,67
4264,4,67
4127,4,72
4887,4,73
4490,4,74
4389,4,75
4991,4,76
4230,4,78
4820,4,79
4123,4,80
4657,4,83
4413,4,83
4157,4,83
4694,4,83
4837,4,85
4933,4,85
4986,4,85
4718,4,85
4463,4,85
4641,4,88
4624,4,89
4354,4,90
4993,4,93
4148,4,95
4643,4,96
4710,4,97
4138,4,103
4205,4,104
4118,4,108
4701,4,109
4542,4,109
4605,4,109
4835,4,109
4904,4,109
4156,4,110
4636,4,110
4178,4,110
4923,4,110
4704,4,111
4572,4,111
4137,4,113
4651,4,115
4822,4,116
4920,4,118
4915,4,121
4445,4,121
4119,4,122
4987,4,123
4706,4,126
4287,4,126
4439,4,127
4599,4,127
4983,4,128
4752,4,128
4754,4,130
4425,4,137
4465,4,137
4328,4,140
4510,4,140
4781,4,141
4496,4,142
4713,4,142
4504,4,142
4978,4,147
4432,4,147
4788,4,147
4240,4,149
4407,4,150
4900,4,151
4595,4,152
4513,4,155
4995,4,155
4129,4,158
4475,4,160
4856,4,160
4938,4,160
4744,4,160
4911,4,164
4143,4,165
4334,4,170
4736,4,170
4282,4,172
4279,4,172
4221,4,173
4656,4,176
4999,4,178
4332,4,180
4859,4,180
4251,4,180
4625,4,180
4610,4,180
4847,4,180
4674,4,180
4466,4,180
4552,4,180
4177,4,181
4809,4,181
4451,4,182
4534,4,182
4785,4,182
4473,4,183
4395,4,184
4198,4,186
4524,4,187
4405,4,194
4374,4,198
4994,4,201
4164,4,202
4509,4,210
4171,4,214
4102,4,214
4925,4,214
4700,4,214
4449,4,216
4712,4,217
4410,4,219
4864,4,219
4100,4,220
4782,4,220
4626,4,222
4498,4,224
4485,4,224
4865,4,225
4804,4,227
4689,4,228
4698,4,229
4642,4,231
4234,4,231
4794,4,232
4110,4,233
4365,4,233
4555,4,234
4617,4,236
4616,4,237
4613,4,241
4597,4,241
4727,4,242
4592,4,245
4295,4,253
4649,4,254
4286,4,255
4577,4,255
4771,4,261
4176,4,264
4237,4,264
4259,4,264
4620,4,264
4494,4,266
4737,4,266
4568,4,266
4862,4,267
4136,4,267
4311,4,267
4404,4,267
4235,4,268
4908,4,274
4233,4,276
4396,4,278
4294,4,279
4758,4,280
4265,4,282
4960,4,283
4333,4,283
4462,4,283
4664,4,283
4650,4,286
4189,4,286
4476,4,286
4467,4,288
4692,4,288
4162,4,288
4639,4,288
4747,4,288
4745,4,288
4523,4,288
4125,4,294
4429,4,296
4377,4,296
4232,4,297
4779,4,297
4914,4,299
4735,4,300
4369,4,307
4146,4,311
4444,4,311
4350,4,311
4959,4,311
4997,4,311
4631,4,312
4895,4,312
4403,4,316
4697,4,317
4947,4,319
4152,4,320
4398,4,326
4199,4,326
4533,4,326
4531,4,326
4114,4,326
4799,4,326
4242,4,326
4968,4,329
4606,4,329
4133,4,329
4725,4,330
4460,4,330
4627,4,332
4930,4,334
4193,4,335
4271,4,337
4512,4,338
4346,4,340
4633,4,344
4103,4,344
4982,4,347
4167,4,352
4573,4,352
4793,4,352
4441,4,352
4453,4,352
4672,4,355
4881,4,356
4833,4,357
4719,4,358
4723,4,362
4749,4,362
4426,4,362
4147,4,365
4810,4,366
4996,4,366
4277,4,366
4497,4,366
4888,4,366
4499,4,373
4310,4,373
4764,4,373
4130,4,375
4679,4,376
4373,4,376
4587,4,377
4571,4,378
4371,4,379
4356,4,382
4619,4,383
4213,4,383
4942,4,383
4519,4,383
4247,4,383
4734,4,383
4528,4,383
4194,4,384
4585,4,384
4227,4,384
4186,4,384
4275,4,384
4778,4,384
4529,4,384
4200,4,386
4560,4,386
4668,4,386
4818,4,386
4545,4,387
4807,4,389
4438,4,389
4276,4,389
4514,4,390
4433,4,390
4297,4,393
4252,4,396
4363,4,397
4637,4,398
4548,4,400
4324,4,401
4556,4,402
4667,4,404
4660,4,404
4339,4,404
4669,4,404
4980,4,406
4708,4,406
4682,4,406
4180,4,408
4472,4,408
4417,4,412
4850,4,415
4522,4,415
4239,4,416
4632,4,416
4866,4,417
4709,4,417
4965,4,420
4990,4,426
4763,4,428
4561,4,428
4387,4,430
4521,4,431
4662,4,436
4383,4,439
4381,4,439
4481,4,442
4261,4,442
4144,4,442
4805,4,442
4705,4,442
4707,4,442
4140,4,442
4231,4,444
4124,4,444
4795,4,444
4762,4,444
4515,4,446
4415,4,446
4732,4,453
4811,4,456
4187,4,457
4298,4,457
4645,4,458
4741,4,459
4872,4,460
4720,4,460
4455,4,460
4132,4,462
4216,4,464
4932,4,464
4211,4,465
4158,4,466
4680,4,470
4536,4,472
4540,4,472
4566,4,472
4580,4,472
4757,4,473
4456,4,473
4469,4,478
4330,4,479
4797,4,479
4583,4,484
4608,4,485
4340,4,487
4823,4,487
4830,4,487
4458,4,488
4518,4,492
4586,4,495
4318,4,495
4581,4,495
4359,4,496
4380,4,496
4109,4,497
4349,4,497
4905,4,497
4575,4,499
4168,4,503
4155,4,504
4746,4,506
4614,4,513
4934,4,515
4890,4,518
4492,4,518
4802,4,522
4699,4,528
4867,4,528
4260,4,528
4165,4,528
4691,4,528
4612,4,528
4508,4,528
4128,4,528
4629,4,528
4303,4,528
4159,4,529
4273,4,529
4338,4,530
4948,4,531
4849,4,532
4554,4,532
4958,4,533
4169,4,533
4604,4,534
4733,4,534
4296,4,534
4506,4,534
4248,4,536
4992,4,538
4730,4,538
4913,4,540
4331,4,542
4342,4,548
4892,4,553
4615,4,556
4170,4,556
4848,4,556
4190,4,556
4661,4,557
4884,4,557
4829,4,557
4589,4,558
4998,4,558
4420,4,560
4722,4,560
4293,4,562
4195,4,565
4834,4,567
4760,4,567
4792,4,568
4783,4,571
4647,4,576
4688,4,576
4655,4,576
4695,4,577
4375,4,577
4244,4,580
4491,4,581
4893,4,582
4345,4,582
4628,4,583
4482,4,586
4268,4,586
4269,4,593
4204,4,596
4728,4,598
4179,4,598
4223,4,601
4115,4,601
4214,4,601
4814,4,601
4206,4,603
4770,4,603
4220,4,604
4896,4,604
4875,4,613
4394,4,614
4370,4,616
4406,4,617
4891,4,619
4826,4,620
4150,4,621
4774,4,622
4209,4,623
4955,4,625
4601,4,629
4185,4,629
4412,4,629
4841,4,629
4879,4,629
4274,4,629
4511,4,631
4715,4,632
4567,4,632
4343,4,634
4780,4,634
4175,4,634
4852,4,634
4953,4,635
4255,4,635
4912,4,637
4541,4,637
4210,4,641
4598,4,641
4937,4,642
4817,4,646
4390,4,650
4824,4,652
4116,4,653
4989,4,653
4111,4,655
4773,4,655
4414,4,656
4873,4,656
4450,4,660
4831,4,661
4474,4,662
4302,4,662
4693,4,662
4815,4,664
4355,4,664
4270,4,665
4600,4,668
4217,4,671
4894,4,672
4532,4,672
4245,4,672
4739,4,672
4126,4,672
4939,4,673
4967,4,673
4543,4,673
4588,4,678
4880,4,679
4478,4,683
4751,4,683
4226,4,688
4225,4,689
4743,4,692
4909,4,692
4547,4,694
4470,4,694
4742,4,694
4151,4,694
4238,4,694
4941,4,696
4653,4,696
4280,4,697
4563,4,697
4459,4,700
4686,4,701
4703,4,702
4836,4,709
4131,4,709
4646,4,715
4846,4,716
4603,4,719
4711,4,720
4191,4,720
4416,4,722
4312,4,722
4570,4,722
4448,4,722
4236,4,723
4623,4,723
4731,4,725
4648,4,725
4452,4,726
4716,4,728
4527,4,731
4108,4,734
4776,4,735
4319,4,736
4916,4,737
4184,4,739
4480,4,742
4348,4,742
4385,4,742
4917,4,742
4471,4,742
4424,4,742
4284,4,742
4812,4,742
4257,4,743
4845,4,743
4224,4,746
4301,4,747
4952,4,748
4871,4,758
4882,4,763
4428,4,767
4304,4,771
4789,4,773
4951,4,777
4973,4,778
4759,4,778
4677,4,778
4654,4,778
4954,4,782
4427,4,782
4590,4,782
4535,4,782
4172,4,782
4309,4,782
4437,4,782
4505,4,782
4984,4,783
4400,4,783
4945,4,786
4329,4,787
4344,4,787
4376,4,787
4135,4,788
4652,4,788
4878,4,790
4870,4,794
4576,4,795
4956,4,797
4861,4,797
4976,4,800
4105,4,802
4729,4,803
4246,4,806
4409,4,812
4411,4,813
4181,4,813
4644,4,813
4291,4,813
4366,4,813
4539,4,813
4299,4,813
4874,4,813
4832,4,813
4738,4,813
4219,4,814
4283,4,814
4907,4,814
4315,4,814
4145,4,814
4256,4,816
4104,4,816
4229,4,819
4961,4,819
4855,4,819
4761,4,820
4640,4,821
4889,4,823
4801,4,825
4117,4,828
4384,4,828
4457,4,829
4314,4,831
4582,4,832
4596,4,835
4869,4,835
4854,4,835
4670,4,835
4278,4,836
4885,4,836
4183,4,836
4825,4,836
4926,4,842
4943,4,842
4516,4,844
4290,4,844
4341,4,846
4858,4,846
4228,4,846
4684,4,846
4853,4,846
4962,4,847
4502,4,847
4803,4,847
4902,4,847
4806,4,850
4431,4,850
4188,4,850
4910,4,851
4876,4,852
4796,4,854
4347,4,855
4673,4,857
4936,4,863
4121,4,863
4250,4,867
4335,4,868
4442,4,868
4305,4,868
4574,4,868
4202,4,868
4207,4,868
4562,4,868
4358,4,869
4903,4,869
4501,4,870
4402,4,872
4578,4,874
4192,4,877
4772,4,878
4101,4,881
4767,4,881
4681,4,886
4434,4,888
4931,4,888
4800,4,888
4382,4,888
4289,4,889
4840,4,890
4816,4,890
4658,4,892
4630,4,894
4489,4,895
4243,4,897
4258,4,900
4378,4,901
4353,4,905
4292,4,908
4166,4,908
4919,4,908
4690,4,908
4203,4,908
4593,4,908
4379,4,911
4790,4,911
4430,4,911
4553,4,911
4525,4,912
4530,4,913
4977,4,913
4408,4,913
4724,4,919
4768,4,919
4272,4,919
4500,4,919
4899,4,920
4361,4,923
4550,4,924
4141,4,926
4526,4,928
4634,4,928
4241,4,929
4775,4,929
4663,4,929
4964,4,930
4357,4,930
4798,4,931
4367,4,938
4622,4,944
4537,4,946
4134,4,947
4201,4,949
4863,4,950
4218,4,951
4320,4,954
4161,4,954
4827,4,954
4317,4,954
4857,4,955
4393,4,955
4454,4,955
4254,4,957
4974,4,958
4120,4,960
4944,4,962
4517,4,963
4281,4,963
4828,4,965
4819,4,967
4399,4,967
4906,4,968
4927,4,969
4702,4,970
4300,4,972
4683,4,972
4163,4,973
4479,4,973
4112,4,974
4609,4,974
4360,4,974
4507,4,974
4422,4,974
4307,4,974
4685,4,974
4777,4,975
4940,4,975
4765,4,975
4423,4,976
4877,4,976
4843,4,976
4392,4,978
4249,4,984
4579,4,984
4559,4,987
4755,4,990
4364,4,993
4868,4,993
4970,4,993
4851,4,995
4687,4,995
4443,4,999
4196,4,1000
4326,4,1002
4435,4,1003
4323,4,1005
4262,4,1009
4665,4,1010
4678,4,1012
4748,4,1013
4313,4,1013
4160,4,1013
4842,4,1016
4520,4,1016
4544,4,1016
4418,4,1016
4538,4,1017
4484,4,1017
4197,4,1019
4717,4,1019
4750,4,1020
4946,4,1022
4726,4,1030
4322,4,1032
4153,4,1035
4174,4,1035
4446,4,1035
4253,4,1035
4436,4,1036
4966,4,1036
4222,4,1036
4368,4,1040
4883,4,1040
4602,4,1041
4972,4,1041
4756,4,1044
4352,4,1044
4621,4,1047
4813,4,1048
4397,4,1055
4607,4,1057
4766,4,1057
4546,4,1057
4696,4,1060
4486,4,1061
4787,4,1061
4493,4,1062
4106,4,1063
4979,4,1069
4388,4,1069
4421,4,1069
4149,4,1069
4487,4,1071
4551,4,1072
4122,4,1072
4671,4,1072
4308,4,1073
4666,4,1073
4325,4,1073
4594,4,1076
4786,4,1077
4447,4,1079
4721,4,1080
4182,4,1080
4714,4,1080
4565,4,1080
4928,4,1080
4139,4,1081
4838,4,1082
4107,4,1084
4659,4,1085
4753,4,1085
4288,4,1086
4549,4,1090
4212,4,1094
4808,4,1101
4675,4,1103
