没什么用拿来占位的第一行，这是第9个文件
0,572,18,16
1,747,56,32
2,52,67,29
3,207,50,4
4,109,41,29
5,877,52,27
6,142,57,18
7,621,59,10
8,329,76,13
9,800,63,3
10,981,66,49
11,30,44,28
12,782,56,11
13,599,62,45
14,531,50,42
15,331,38,19
16,12,19,9
17,527,71,32
18,91,39,26
19,270,71,15
20,673,51,50
21,758,72,6
22,67,13,26
23,396,51,63
24,496,62,39
25,668,32,41
26,941,35,3
27,175,34,4
28,757,4,41
29,487,73,16
30,592,17,29
31,644,14,36
32,93,73,1
33,637,68,13
34,836,35,15
35,797,63,32
36,396,75,27
37,479,50,20
38,962,78,16
39,876,44,26
40,21,75,54
41,377,31,16
42,326,3,6
43,1,31,32
44,647,18,7
45,147,14,41
46,479,42,22
47,710,72,18
48,664,33,63
49,486,28,52
50,741,48,1
51,454,65,17
52,734,22,46
53,998,14,45
54,291,12,16
55,460,78,58
56,171,68,21
57,70,18,33
58,979,73,36
59,358,78,1
60,341,58,10
61,872,64,23
62,593,29,14
63,950,26,42
64,578,77,58
65,664,56,11
66,357,58,58
67,756,48,34
68,636,58,23
69,661,8,36
70,354,68,40
71,736,59,20
72,535,44,55
73,429,73,24
74,417,50,18
75,849,25,47
76,520,62,22
77,612,9,24
78,481,4,7
79,144,64,34
80,788,58,28
81,99,65,53
82,586,72,58
83,982,20,29
84,285,68,6
85,784,36,7
86,940,68,23
87,626,39,11
88,560,79,5
89,776,54,34
90,929,42,39
91,62,52,27
92,46,38,21
93,475,59,31
94,648,15,37
95,792,79,29
96,921,50,20
97,744,35,63
98,368,66,7
99,77,41,56
100,531,49,62
101,786,62,60
102,227,28,3
103,740,54,8
104,105,21,35
105,90,44,37
106,544,4,59
107,633,59,57
108,674,27,56
109,146,23,58
110,192,65,39
111,953,51,18
112,174,77,51
113,497,9,6
114,199,25,34
115,917,35,15
116,786,58,18
117,745,2,2
118,419,67,40
119,71,44,6
120,125,36,60
121,860,68,49
122,337,33,1
123,955,1,61
124,538,79,5
125,383,28,57
126,633,53,56
127,559,78,20
128,256,8,12
129,741,39,34
130,89,3,20
131,534,62,26
132,511,70,48
133,597,24,25
134,884,42,25
135,476,64,22
136,464,8,48
137,93,38,34
138,645,54,36
139,497,34,43
140,793,34,51
141,77,39,35
142,301,69,9
143,638,57,22
144,288,60,20
145,449,56,32
146,39,31,8
147,842,43,30
148,307,0,37
149,500,16,63
150,493,40,50
151,760,28,57
152,162,48,6
153,682,37,23
154,330,76,42
155,589,4,62
156,896,42,16
157,883,35,20
158,109,61,27
159,181,1,50
160,839,53,57
161,171,44,4
162,415,5,40
163,728,38,19
164,58,8,30
165,641,36,33
166,600,43,44
167,750,37,51
168,536,26,20
169,601,46,47
170,147,37,52
171,612,47,17
172,426,53,42
173,239,60,7
174,690,30,58
175,416,70,24
176,219,30,60
177,785,51,47
178,658,18,15
179,792,11,59
180,688,77,51
181,188,48,38
182,53,65,13
183,796,64,46
184,745,33,29
185,582,0,7
186,599,19,36
187,339,35,5
188,36,4,61
189,152,35,38
190,866,34,49
191,17,22,22
192,127,26,25
193,611,21,35
194,548,77,4
195,994,10,26
196,591,48,4
197,642,58,46
198,545,46,7
199,538,37,37
200,870,14,49
201,391,62,35
202,712,68,11
203,259,71,13
204,270,18,51
205,786,51,50
206,575,34,39
207,502,27,6
208,57,3,3
209,895,60,40
210,161,49,49
211,542,79,13
212,576,71,31
213,669,9,53
214,616,71,58
215,808,48,15
216,234,22,51
217,437,44,14
218,811,52,31
219,390,18,38
220,31,59,5
221,893,32,45
222,50,39,52
223,627,28,46
224,883,3,1
225,69,42,42
226,178,75,8
227,154,24,26
228,285,26,15
229,171,47,41
230,998,77,17
231,635,2,49
232,823,11,49
233,274,29,24
234,246,63,51
235,10,3,48
236,702,60,6
237,896,13,19
238,799,49,34
239,761,12,51
240,86,41,46
241,878,27,5
242,86,1,63
243,582,34,61
244,737,72,49
245,168,41,21
246,680,54,52
247,860,21,5
248,496,19,15
249,46,52,51
250,956,57,18
251,903,47,49
252,132,52,62
253,44,65,41
254,617,2,31
255,381,41,34
256,108,32,22
257,327,4,7
258,544,59,11
259,691,65,48
260,641,52,30
261,393,34,37
262,933,77,52
263,786,0,60
264,225,56,20
265,497,68,44
266,961,55,55
267,320,13,53
268,820,69,60
269,611,79,41
270,455,39,47
271,436,72,58
272,784,76,17
273,936,21,49
274,474,5,21
275,134,21,46
276,787,14,16
277,465,53,45
278,26,64,12
279,319,66,55
280,37,0,38
281,839,67,38
282,275,42,39
283,828,58,37
284,893,51,9
285,734,57,50
286,435,35,1
287,103,51,10
288,417,77,16
289,919,27,31
290,301,64,37
291,202,62,63
292,367,9,17
293,728,76,16
294,70,9,50
295,969,54,15
296,922,9,15
297,241,23,38
298,893,79,12
299,49,38,57
300,24,58,27
301,919,51,25
302,873,57,48
303,670,24,47
304,597,53,8
305,776,53,10
306,43,47,34
307,834,47,32
308,669,60,43
309,572,20,17
310,863,43,8
311,930,33,53
312,612,26,61
313,182,47,5
314,469,44,45
315,365,19,1
316,308,61,49
317,731,47,59
318,738,27,41
319,745,30,10
320,373,53,54
321,220,14,24
322,837,25,42
323,592,79,59
324,562,27,28
325,818,24,59
326,327,11,41
327,715,13,50
328,870,71,55
329,390,7,6
330,970,19,23
331,633,38,63
332,650,35,25
333,893,18,19
334,736,11,28
335,422,68,56
336,728,34,48
337,47,20,35
338,565,42,51
339,950,31,6
340,125,40,47
341,306,32,52
342,773,42,10
343,785,46,46
344,877,13,35
345,868,35,18
346,123,34,1
347,301,72,22
348,132,68,19
349,707,17,30
350,768,13,60
351,689,30,41
352,41,2,54
353,659,19,14
354,784,47,44
355,32,34,40
356,220,68,61
357,971,48,23
358,407,51,32
359,692,37,20
360,921,77,55
361,709,77,29
362,690,77,4
363,217,16,6
364,831,71,51
365,970,14,38
366,56,73,22
367,816,76,46
368,648,42,21
369,172,13,55
370,633,53,31
371,507,74,56
372,156,43,52
373,648,52,30
374,470,34,35
375,148,3,32
376,603,10,43
377,255,25,61
378,458,24,47
379,641,75,19
380,214,67,8
381,295,45,3
382,574,41,48
383,91,8,6
384,855,77,14
385,3,56,50
386,916,11,27
387,463,57,3
388,966,34,2
389,183,75,53
390,806,40,49
391,754,6,41
392,736,20,60
393,793,62,43
394,495,36,58
395,670,30,29
396,641,26,55
397,109,0,30
398,947,46,62
399,96,60,44
400,81,57,30
401,884,42,51
402,13,57,33
403,975,2,26
404,65,8,59
405,457,77,40
406,945,37,62
407,836,58,39
408,32,4,30
409,694,59,20
410,464,11,22
411,553,7,47
412,609,11,32
413,557,66,22
414,487,2,24
415,606,10,48
416,267,34,18
417,34,21,21
418,73,44,57
419,999,58,6
420,697,41,39
421,972,65,19
422,930,26,47
423,658,22,53
424,299,21,16
425,349,58,58
426,476,4,14
427,320,29,3
428,695,21,50
429,193,59,27
430,263,27,42
431,337,79,56
432,945,0,59
433,157,9,16
434,947,28,16
435,380,16,48
436,263,51,29
437,892,42,16
438,103,16,48
439,631,41,25
440,816,63,31
441,475,79,21
442,159,16,41
443,829,44,61
444,393,71,34
445,691,50,49
446,326,24,23
447,566,75,36
448,146,50,49
449,788,40,48
450,842,7,42
451,3,41,2
452,595,79,8
453,547,67,43
454,869,60,30
455,211,30,49
456,921,67,31
457,474,64,51
458,190,50,47
459,114,29,8
460,439,30,17
461,779,64,58
462,471,18,56
463,459,5,8
464,604,65,52
465,851,68,15
466,229,60,7
467,702,14,56
468,163,35,48
469,714,60,28
470,337,18,22
471,848,68,56
472,720,19,24
473,111,29,28
474,202,64,61
475,385,35,35
476,350,55,57
477,71,36,20
478,168,39,23
479,787,64,51
480,715,41,23
481,146,8,43
482,82,39,46
483,468,21,41
484,499,23,2
485,395,39,23
486,72,69,24
487,97,51,34
488,1000,18,39
489,618,36,22
490,768,70,52
491,536,8,17
492,404,41,39
493,492,28,46
494,609,6,42
495,710,72,15
496,999,23,39
497,702,31,59
498,874,30,63
499,325,39,35
500,473,38,3
501,301,13,46
502,658,17,35
503,965,68,54
504,982,68,63
505,966,49,59
506,950,79,17
507,282,21,48
508,386,6,49
509,779,43,40
510,601,35,6
511,213,55,30
512,113,64,30
513,86,69,53
514,895,42,7
515,94,8,24
516,725,37,58
517,212,38,6
518,651,15,27
519,392,66,30
520,404,18,35
521,455,70,30
522,80,22,33
523,33,27,16
524,807,33,22
525,8,78,28
526,51,74,50
527,934,78,60
528,357,40,52
529,899,71,27
530,884,66,19
531,784,1,28
532,252,32,34
533,296,16,8
534,529,54,1
535,284,54,10
536,528,64,33
537,560,37,18
538,663,26,13
539,222,4,3
540,70,48,25
541,105,31,22
542,241,74,23
543,592,49,54
544,889,9,42
545,84,13,56
546,916,20,54
547,463,51,31
548,640,34,53
549,97,47,18
550,225,76,19
551,484,12,23
552,623,5,61
553,427,76,37
554,927,76,29
555,633,39,55
556,202,75,17
557,387,49,21
558,121,41,5
559,762,57,14
560,207,74,16
561,692,77,22
562,648,19,63
563,31,77,42
564,136,43,32
565,490,36,28
566,729,29,45
567,28,7,46
568,298,39,49
569,203,72,1
570,666,78,27
571,758,41,29
572,935,9,25
573,436,71,36
574,854,38,52
575,780,79,52
576,945,47,23
577,266,74,22
578,260,52,10
579,863,46,43
580,875,23,8
581,522,13,51
582,637,27,2
583,492,54,47
584,865,27,37
585,385,6,59
586,629,31,41
587,206,48,62
588,150,59,14
589,933,41,27
590,21,67,52
591,268,20,40
592,68,57,9
593,717,68,21
594,949,4,54
595,252,68,11
596,115,8,49
597,265,45,17
598,81,74,25
599,862,39,56
600,808,59,46
601,642,38,22
602,417,65,12
603,123,21,38
604,844,42,8
605,432,5,38
606,18,39,49
607,548,15,2
608,637,56,38
609,546,69,44
610,135,68,58
611,336,30,25
612,966,78,58
613,364,1,28
614,23,44,46
615,807,27,22
616,451,4,11
617,287,23,53
618,817,20,17
619,894,5,43
620,801,51,29
621,208,67,25
622,86,24,9
623,797,59,49
624,113,2,36
625,632,48,25
626,956,10,24
627,551,8,18
628,682,25,24
629,429,70,61
630,357,22,58
631,274,70,61
632,820,27,28
633,765,23,30
634,583,15,40
635,765,78,1
636,446,73,13
637,292,24,61
638,905,57,19
639,218,6,50
640,776,34,9
641,417,67,13
642,478,39,24
643,274,43,34
644,170,66,9
645,836,22,53
646,134,68,2
647,514,31,51
648,263,15,63
649,196,72,51
650,264,79,55
651,562,7,42
652,2,36,35
653,21,30,40
654,63,79,43
655,592,27,16
656,240,32,41
657,314,26,18
658,11,48,23
659,718,75,18
660,863,18,57
661,803,11,12
662,162,12,6
663,112,64,2
664,65,46,25
665,957,70,54
666,903,69,22
667,997,54,1
668,234,17,52
669,166,14,4
670,362,69,30
671,597,71,12
672,991,24,25
673,670,15,27
674,611,71,51
675,632,19,39
676,271,73,45
677,311,29,7
678,321,14,35
679,859,11,63
680,825,44,16
681,129,32,9
682,36,63,22
683,548,12,22
684,685,55,49
685,860,46,20
686,665,76,11
687,691,19,60
688,252,11,58
689,62,70,27
690,487,46,45
691,92,6,40
692,329,41,23
693,61,69,3
694,401,25,35
695,412,4,24
696,754,28,17
697,330,38,36
698,136,42,18
699,460,55,11
700,763,13,19
701,463,65,6
702,156,73,46
703,831,45,34
704,511,45,59
705,806,16,43
706,699,10,22
707,461,19,43
708,401,26,48
709,545,45,2
710,399,40,36
711,139,22,36
712,245,9,9
713,105,0,39
714,913,22,21
715,59,20,1
716,48,38,59
717,546,58,16
718,594,51,56
719,796,75,45
720,213,74,10
721,684,12,54
722,300,9,29
723,741,73,17
724,68,65,18
725,32,75,6
726,692,43,2
727,803,28,17
728,45,53,25
729,905,48,45
730,843,20,19
731,269,16,30
732,702,67,21
733,944,8,35
734,178,27,41
735,914,10,33
736,311,21,51
737,418,23,55
738,695,19,24
739,544,36,3
740,860,38,55
741,690,19,27
742,876,0,15
743,960,55,28
744,748,72,41
745,154,25,11
746,236,47,63
747,40,64,63
748,465,71,28
749,102,54,12
750,100,25,55
751,318,26,43
752,144,21,25
753,877,52,29
754,259,0,4
755,59,25,35
756,662,60,59
757,54,20,14
758,93,44,41
759,472,57,37
760,799,76,46
761,917,25,21
762,93,48,52
763,30,37,37
764,373,15,5
765,949,25,59
766,22,78,42
767,902,51,1
768,359,16,58
769,735,39,41
770,629,30,19
771,196,26,44
772,181,78,14
773,108,59,5
774,639,24,43
775,522,12,42
776,558,65,14
777,687,6,17
778,596,77,52
779,101,11,16
780,304,72,47
781,7,27,9
782,823,0,3
783,952,59,57
784,918,49,5
785,331,50,40
786,250,7,5
787,687,46,21
788,47,41,37
789,776,54,28
790,344,77,29
791,902,75,20
792,718,9,22
793,532,41,19
794,726,30,49
795,376,41,51
796,430,2,19
797,909,8,56
798,67,46,34
799,261,53,11
800,579,36,25
801,649,9,31
802,19,46,8
803,220,50,29
804,361,47,35
805,782,63,2
806,302,12,36
807,533,73,22
808,458,59,42
809,376,31,14
810,389,50,24
811,150,10,47
812,19,20,32
813,465,0,43
814,144,72,8
815,325,13,56
816,988,66,37
817,84,78,17
818,949,47,17
819,332,63,6
820,8,3,18
821,673,24,12
822,228,42,10
823,741,66,31
824,744,41,32
825,666,46,58
826,532,25,32
827,474,28,39
828,697,16,63
829,971,19,19
830,556,27,37
831,384,59,18
832,102,78,56
833,80,18,30
834,891,73,31
835,245,51,28
836,573,14,24
837,880,7,51
838,697,23,7
839,481,25,53
840,961,60,18
841,875,35,45
842,374,56,58
843,828,48,21
844,348,10,41
845,781,14,61
846,101,59,7
847,997,50,45
848,202,66,61
849,16,58,8
850,769,10,15
851,821,5,38
852,492,50,21
853,714,77,40
854,227,24,60
855,773,77,50
856,722,9,62
857,605,5,6
858,247,79,44
859,992,54,45
860,162,14,31
861,16,34,35
862,234,45,9
863,621,31,8
864,607,57,63
865,732,21,9
866,943,22,3
867,813,58,4
868,925,24,57
869,271,55,47
870,739,48,20
871,586,63,60
872,390,57,18
873,525,69,15
874,817,35,4
875,613,78,27
876,399,52,16
877,625,16,38
878,937,20,11
879,888,2,56
880,845,21,56
881,576,6,24
882,901,28,59
883,664,72,52
884,929,8,44
885,572,52,33
886,715,42,60
887,433,67,3
888,976,3,50
889,296,11,59
890,30,47,6
891,693,63,49
892,651,43,32
893,434,18,24
894,70,19,30
895,461,70,52
896,43,16,30
897,758,8,35
898,121,24,1
899,704,71,48
900,130,60,31
901,489,24,33
902,367,74,48
903,504,59,29
904,722,48,55
905,891,61,1
906,273,63,22
907,618,12,4
908,901,52,47
909,708,76,35
910,630,37,22
911,808,38,62
912,520,36,56
913,316,59,54
914,563,52,48
915,540,23,17
916,468,55,52
917,412,32,27
918,156,53,3
919,325,72,29
920,916,22,39
921,608,29,35
922,797,28,3
923,132,16,37
924,46,10,34
925,313,29,20
926,41,48,48
927,273,19,19
928,469,47,31
929,45,11,15
930,762,46,23
931,44,6,18
932,436,42,33
933,952,5,49
934,799,2,34
935,699,35,38
936,542,35,2
937,601,67,6
938,844,47,53
939,172,12,4
940,644,5,14
941,539,48,42
942,14,3,24
943,238,66,11
944,582,24,56
945,256,43,16
946,800,64,35
947,384,16,33
948,419,11,38
949,62,54,49
950,987,58,32
951,759,28,23
952,337,41,58
953,517,31,9
954,134,12,36
955,234,28,49
956,480,59,63
957,210,74,61
958,752,12,2
959,221,65,34
960,662,52,49
961,540,50,4
962,546,67,41
963,467,15,61
964,254,61,53
965,705,46,45
966,872,5,13
967,295,55,17
968,574,38,61
969,257,18,7
970,867,71,51
971,694,10,13
972,982,27,61
973,39,13,29
974,511,18,48
975,923,34,49
976,588,25,46
977,599,71,7
978,397,77,26
979,399,5,16
980,666,71,19
981,538,77,7
982,420,18,59
983,1,48,47
984,149,38,34
985,351,32,59
986,486,59,42
987,739,18,43
988,319,46,57
989,977,44,24
990,285,61,37
991,904,38,16
992,725,57,31
993,293,9,55
994,426,70,20
995,377,60,44
996,555,25,42
997,478,36,26
998,144,66,12
999,128,75,56
1000,37,79,39
1001,89,55,12
1002,979,11,48
1003,38,24,16
1004,306,41,9
1005,291,18,9
1006,269,4,63
1007,827,41,24
1008,266,24,24
1009,280,63,24
1010,321,19,37
1011,704,60,17
1012,966,70,33
1013,229,67,16
1014,141,52,12
1015,556,15,51
1016,118,3,3
1017,370,61,33
1018,698,47,57
1019,125,38,7
1020,626,30,28
1021,839,54,32
1022,667,51,32
1023,539,79,57
1024,394,51,34
1025,363,6,47
1026,470,36,11
1027,973,5,29
1028,997,15,2
1029,38,51,4
1030,222,76,24
1031,937,75,36
1032,625,53,54
1033,262,71,58
1034,239,57,63
1035,509,51,16
1036,65,73,50
1037,177,45,34
1038,671,42,55
1039,515,71,10
1040,638,4,47
1041,711,20,8
1042,438,36,35
1043,488,58,38
1044,89,8,25
1045,381,36,9
1046,272,13,37
1047,231,69,52
1048,628,11,18
1049,159,46,57
1050,654,3,47
1051,385,25,15
1052,191,22,55
1053,442,29,8
1054,677,29,54
1055,641,9,37
1056,697,73,2
1057,665,15,18
1058,519,2,52
1059,959,33,41
1060,318,46,50
1061,873,70,37
1062,561,52,37
1063,5,13,36
1064,171,42,28
1065,593,2,10
1066,484,10,63
1067,260,75,41
1068,98,65,43
1069,667,24,58
1070,834,21,32
1071,236,46,7
1072,935,38,55
1073,664,2,22
1074,966,44,1
1075,577,76,20
1076,877,72,18
1077,843,11,36
1078,704,28,58
1079,439,54,39
1080,208,39,33
1081,662,66,20
1082,187,0,15
1083,323,55,7
1084,865,52,3
1085,489,68,54
1086,188,17,10
1087,657,51,59
1088,913,26,26
1089,122,24,25
1090,948,31,31
1091,707,13,34
1092,272,71,1
1093,555,33,35
1094,264,10,39
1095,217,58,40
1096,6,37,48
1097,468,5,59
1098,861,37,48
1099,634,39,61
1100,454,18,25
1101,154,44,33
1102,672,35,29
1103,590,61,2
1104,924,76,37
1105,343,12,6
1106,70,57,53
1107,686,44,6
1108,33,16,24
1109,166,2,38
1110,875,55,23
1111,16,40,7
1112,954,71,13
1113,171,21,49
1114,46,56,60
1115,738,70,46
1116,441,51,59
1117,342,48,48
1118,800,0,4
1119,375,77,16
1120,190,32,41
1121,894,39,50
1122,843,33,9
1123,658,35,44
1124,895,0,63
1125,167,50,40
1126,44,50,12
1127,178,23,26
1128,388,22,14
1129,535,37,17
1130,956,58,38
1131,753,23,32
1132,430,25,34
1133,10,35,3
1134,84,49,7
1135,926,47,18
1136,878,42,41
1137,362,59,2
1138,415,79,28
1139,420,5,20
1140,542,1,9
1141,9,25,20
1142,835,6,56
1143,974,47,5
1144,652,42,41
1145,211,47,31
1146,740,5,21
1147,32,78,6
1148,427,12,32
1149,724,63,35
1150,299,37,33
1151,395,45,3
1152,203,79,53
1153,269,44,5
1154,249,55,23
1155,391,18,43
1156,860,29,42
1157,51,60,25
1158,494,6,25
1159,928,50,45
1160,888,20,44
1161,32,54,57
1162,410,17,50
1163,505,77,58
1164,680,45,17
1165,18,67,60
1166,443,46,13
1167,185,9,42
1168,605,14,20
1169,470,62,41
1170,199,61,55
1171,36,12,12
1172,287,53,52
1173,488,30,42
1174,966,21,51
1175,19,38,56
1176,562,0,22
1177,334,24,30
1178,367,29,26
1179,439,58,38
1180,272,48,34
1181,166,4,48
1182,866,50,19
1183,575,9,63
1184,561,6,54
1185,776,64,14
1186,907,25,50
1187,517,79,12
1188,655,77,47
1189,168,75,53
1190,335,59,13
1191,395,64,30
1192,28,1,33
1193,698,15,8
1194,206,7,14
1195,287,22,2
1196,607,49,29
1197,960,37,43
1198,177,11,22
1199,863,51,48
1200,839,25,34
1201,304,60,33
1202,645,39,56
1203,796,16,24
1204,949,53,41
1205,420,11,33
1206,523,10,52
1207,876,49,56
1208,108,25,10
1209,290,47,3
1210,859,77,5
1211,735,53,50
1212,139,57,59
1213,584,45,46
1214,996,73,10
1215,935,52,5
1216,176,46,39
1217,331,34,40
1218,210,13,13
1219,173,62,6
1220,739,0,8
1221,891,46,30
1222,374,56,36
1223,217,79,59
1224,819,66,42
1225,35,40,61
1226,854,8,54
1227,883,18,44
1228,81,59,14
1229,328,32,45
1230,782,2,56
1231,633,12,15
1232,890,26,19
1233,844,34,54
1234,995,4,19
1235,939,38,15
1236,447,51,9
1237,393,5,56
1238,654,77,19
1239,688,4,32
1240,136,25,34
1241,857,10,29
1242,585,11,6
1243,809,6,18
1244,816,40,49
1245,898,58,45
1246,693,16,8
1247,375,8,41
1248,628,53,53
1249,660,52,58
1250,644,68,57
1251,22,36,59
1252,333,20,30
1253,302,60,1
1254,497,76,34
1255,737,53,40
1256,55,17,18
1257,656,24,18
1258,775,11,21
1259,492,22,40
1260,133,25,53
1261,479,38,50
1262,868,43,51
1263,539,16,5
1264,337,25,30
1265,606,41,16
1266,934,55,37
1267,469,22,42
1268,253,29,19
1269,643,40,49
1270,325,12,35
1271,787,50,11
1272,885,69,63
1273,204,0,7
1274,256,8,50
1275,503,53,49
1276,196,18,46
1277,27,47,49
1278,721,51,34
1279,611,5,52
1280,650,9,32
1281,187,67,28
1282,594,72,37
1283,556,27,24
1284,374,74,51
1285,898,17,23
1286,214,52,46
1287,378,70,6
1288,44,63,48
1289,691,73,62
1290,106,42,24
1291,125,28,49
1292,226,53,57
1293,277,48,37
1294,520,62,54
1295,291,71,8
1296,196,36,40
1297,871,13,62
1298,433,8,47
1299,838,18,18
1300,729,3,21
1301,782,39,27
1302,134,65,44
1303,318,53,8
1304,241,5,48
1305,159,55,25
1306,926,2,50
1307,386,72,40
1308,268,24,43
1309,293,22,29
1310,71,22,45
1311,603,35,61
1312,76,48,36
1313,731,37,6
1314,826,78,58
1315,735,36,51
1316,355,74,4
1317,603,19,25
1318,505,38,58
1319,456,50,20
1320,145,32,37
1321,381,26,3
1322,585,62,31
1323,38,32,47
1324,665,49,24
1325,336,63,15
1326,695,49,24
1327,937,11,26
1328,931,28,19
1329,109,43,47
1330,14,59,3
1331,669,79,27
1332,559,16,24
1333,170,13,33
1334,819,77,61
1335,745,5,25
1336,812,59,12
1337,241,35,11
1338,121,37,54
1339,71,58,1
1340,31,71,63
1341,775,19,36
1342,906,49,40
1343,498,19,45
1344,635,29,59
1345,492,45,11
1346,805,57,12
1347,926,9,1
1348,811,50,4
1349,964,40,12
1350,192,63,45
1351,639,37,11
1352,686,22,40
1353,620,32,33
1354,128,18,34
1355,226,29,6
1356,248,33,23
1357,890,31,43
1358,792,1,29
1359,179,5,62
1360,216,68,61
1361,564,27,24
1362,891,24,46
1363,459,43,17
1364,439,3,37
1365,647,28,36
1366,181,27,40
1367,204,29,59
1368,957,20,36
1369,911,70,27
1370,786,45,30
1371,316,48,43
1372,924,50,37
1373,866,68,49
1374,640,58,63
1375,584,65,7
1376,837,37,18
1377,556,33,39
1378,18,29,12
1379,682,59,62
1380,862,37,9
1381,103,72,23
1382,339,27,49
1383,311,52,2
1384,287,3,34
1385,745,26,57
1386,616,23,7
1387,794,10,35
1388,521,68,53
1389,588,21,27
1390,877,34,17
1391,603,17,16
1392,977,75,49
1393,593,58,35
1394,909,24,49
1395,716,40,3
1396,956,55,56
1397,218,48,60
1398,1000,48,5
1399,316,27,55
1400,371,55,45
1401,655,17,3
1402,483,25,36
1403,779,49,51
1404,408,30,34
1405,712,25,43
1406,274,53,27
1407,580,70,58
1408,536,61,52
1409,864,56,16
1410,893,18,13
1411,484,32,45
1412,797,75,10
1413,465,13,19
1414,151,12,6
1415,493,75,8
1416,235,69,13
1417,993,48,26
1418,264,55,20
1419,863,30,45
1420,433,42,1
1421,147,45,30
1422,663,73,16
1423,604,57,9
1424,266,7,45
1425,559,59,42
1426,549,14,4
1427,840,38,47
1428,705,21,41
1429,791,75,53
1430,414,68,9
1431,648,6,15
1432,794,68,9
1433,335,23,28
1434,401,49,57
1435,752,47,1
1436,747,75,31
1437,362,26,41
1438,826,2,29
1439,728,32,42
1440,229,78,36
1441,923,45,17
1442,943,78,30
1443,789,44,23
1444,220,4,11
1445,90,36,61
1446,540,54,56
1447,156,15,2
1448,283,32,52
1449,831,0,32
1450,366,60,52
1451,322,62,47
1452,196,37,44
1453,298,25,56
1454,584,4,29
1455,671,45,6
1456,765,17,29
1457,766,12,34
1458,513,6,8
1459,414,36,49
1460,908,34,21
1461,759,67,60
1462,616,62,49
1463,622,71,63
1464,113,55,1
1465,840,45,40
1466,203,42,57
1467,652,7,15
1468,196,32,19
1469,365,5,32
1470,886,24,30
1471,987,23,50
1472,943,30,41
1473,695,43,35
1474,33,27,51
1475,526,66,36
1476,265,20,51
1477,141,71,21
1478,662,59,11
1479,461,63,5
1480,16,21,38
1481,46,7,32
1482,574,21,34
1483,797,68,24
1484,11,12,53
1485,800,17,25
1486,538,34,4
1487,287,46,20
1488,867,19,39
1489,87,39,9
1490,416,15,32
1491,58,12,8
1492,827,17,53
1493,986,13,29
1494,861,23,60
1495,563,54,18
1496,283,72,6
1497,224,70,19
1498,389,56,3
1499,972,14,43
1500,691,29,41
1501,431,79,27
1502,179,57,44
1503,932,43,12
1504,681,63,20
1505,514,17,57
1506,604,19,33
1507,921,75,56
1508,956,63,24
1509,370,74,4
1510,976,45,2
1511,789,75,56
1512,206,45,2
1513,801,56,4
1514,721,48,17
1515,976,1,30
1516,366,77,6
1517,428,69,8
1518,152,24,53
1519,404,73,58
1520,270,1,24
1521,870,61,49
1522,556,27,12
1523,564,59,24
1524,823,59,54
1525,249,34,29
1526,52,40,31
1527,867,19,4
1528,916,43,27
1529,589,6,38
1530,856,68,17
1531,112,17,63
1532,731,44,18
1533,948,48,47
1534,342,22,33
1535,296,31,61
1536,323,42,56
1537,28,60,52
1538,681,16,40
1539,239,4,41
1540,774,51,59
1541,910,42,29
1542,787,4,8
1543,612,32,59
1544,887,5,57
1545,334,52,15
1546,575,46,27
1547,976,33,35
1548,668,66,41
1549,804,56,39
1550,138,29,17
1551,588,18,63
1552,79,36,34
1553,462,47,7
1554,6,46,62
1555,532,59,63
1556,289,73,39
1557,32,0,17
1558,924,19,4
1559,584,62,22
1560,600,39,49
1561,179,18,32
1562,432,16,36
1563,90,30,12
1564,99,75,6
1565,858,78,50
1566,308,38,13
1567,477,29,13
1568,40,65,35
1569,380,48,52
1570,737,0,43
1571,234,18,62
1572,782,50,13
1573,814,19,28
1574,997,69,36
1575,867,78,30
1576,107,18,20
1577,293,14,36
1578,750,5,46
1579,147,25,27
1580,639,33,16
1581,362,26,25
1582,903,39,54
1583,45,12,10
1584,897,41,24
1585,816,59,30
1586,981,77,27
1587,88,9,51
1588,113,31,56
1589,682,49,45
1590,732,47,35
1591,214,48,16
1592,307,23,10
1593,89,19,58
1594,355,36,42
1595,202,51,29
1596,135,64,5
1597,519,31,47
1598,477,15,38
1599,752,17,12
1600,373,20,18
1601,426,26,33
1602,498,52,55
1603,370,52,33
1604,206,78,52
1605,3,39,21
1606,331,46,31
1607,296,36,38
1608,543,72,13
1609,821,15,1
1610,981,67,28
1611,308,53,45
1612,515,62,10
1613,858,71,39
1614,732,28,15
1615,682,22,24
1616,227,32,28
1617,997,40,55
1618,430,22,27
1619,638,75,63
1620,8,55,15
1621,918,42,43
1622,286,68,34
1623,418,77,63
1624,402,8,59
1625,649,41,59
1626,304,68,34
1627,556,24,42
1628,277,53,7
1629,589,42,24
1630,597,9,45
1631,25,38,20
1632,297,43,45
1633,912,60,49
1634,591,14,1
1635,538,62,9
1636,107,37,36
1637,981,65,45
1638,455,21,12
1639,424,9,13
1640,707,78,43
1641,286,22,5
1642,170,38,6
1643,523,62,51
1644,554,52,53
1645,345,69,22
1646,577,7,48
1647,830,28,27
1648,746,74,18
1649,108,57,45
1650,904,4,43
1651,789,1,24
1652,385,42,31
1653,977,5,33
1654,629,78,26
1655,447,14,5
1656,79,62,28
1657,829,51,62
1658,604,37,24
1659,680,24,41
1660,998,7,16
1661,153,27,50
1662,171,44,39
1663,51,52,24
1664,1,0,56
1665,667,78,7
1666,882,76,9
1667,456,17,36
1668,371,60,3
1669,728,20,50
1670,6,49,61
1671,209,1,15
1672,972,43,39
1673,170,53,14
1674,973,45,51
1675,286,71,11
1676,805,24,42
1677,755,72,62
1678,668,2,34
1679,290,1,37
1680,376,46,52
1681,181,14,57
1682,845,66,7
1683,754,67,1
1684,586,40,2
1685,619,77,35
1686,1,2,41
1687,164,68,43
1688,232,55,43
1689,161,64,60
1690,981,71,9
1691,43,51,28
1692,146,15,40
1693,812,40,20
1694,92,66,51
1695,690,76,1
1696,271,68,62
1697,716,72,55
1698,834,23,11
1699,993,63,58
1700,626,36,56
1701,33,70,2
1702,126,55,33
1703,878,66,62
1704,457,30,37
1705,836,39,10
1706,4,69,53
1707,767,16,17
1708,525,49,24
1709,651,42,48
1710,432,59,59
1711,245,51,46
1712,620,48,63
1713,403,37,53
1714,347,53,13
1715,36,40,9
1716,794,44,10
1717,620,50,55
1718,678,46,59
1719,199,56,1
1720,696,0,3
1721,501,76,8
1722,656,47,42
1723,658,10,17
1724,967,36,15
1725,25,63,19
1726,875,56,29
1727,785,35,43
1728,824,24,51
1729,121,63,1
1730,371,70,15
1731,553,51,18
1732,697,58,14
1733,930,36,32
1734,481,34,4
1735,805,18,31
1736,441,44,57
1737,394,21,6
1738,428,44,20
1739,69,4,58
1740,319,7,39
1741,960,79,22
1742,238,15,52
1743,123,57,1
1744,370,17,46
1745,973,13,8
1746,319,5,25
1747,906,38,40
1748,649,18,44
1749,576,6,34
1750,238,44,5
1751,330,4,25
1752,706,73,36
1753,20,75,17
1754,282,36,45
1755,810,8,10
1756,276,38,51
1757,259,24,8
1758,191,32,49
1759,600,39,35
1760,253,76,26
1761,873,37,38
1762,364,22,25
1763,774,41,61
1764,682,34,51
1765,566,35,61
1766,936,31,55
1767,231,1,29
1768,196,32,48
1769,260,71,5
1770,842,43,20
1771,908,67,3
1772,771,62,38
1773,666,75,48
1774,421,36,31
1775,699,74,32
1776,826,9,58
1777,175,39,7
1778,948,26,41
1779,145,5,17
1780,341,46,25
1781,125,66,6
1782,178,36,49
1783,502,13,59
1784,820,73,56
1785,412,12,16
1786,791,29,10
1787,882,3,29
1788,646,70,13
1789,922,54,12
1790,661,26,58
1791,115,62,52
1792,156,39,29
1793,499,61,16
1794,269,72,5
1795,148,75,52
1796,701,25,22
1797,863,18,34
1798,216,23,53
1799,956,56,57
1800,341,76,50
1801,564,30,53
1802,886,17,2
1803,723,35,61
1804,446,16,24
1805,123,43,45
1806,451,16,29
1807,961,38,31
1808,177,54,59
1809,344,9,23
1810,956,21,4
1811,355,56,22
1812,367,21,19
1813,819,16,43
1814,564,21,25
1815,421,63,22
1816,505,26,42
1817,903,18,37
1818,551,74,28
1819,94,57,30
1820,454,53,48
1821,643,7,17
1822,774,45,49
1823,2,64,47
1824,826,59,22
1825,570,40,47
1826,678,16,42
1827,201,78,29
1828,3,20,41
1829,651,26,4
1830,100,71,34
1831,690,25,53
1832,689,78,50
1833,981,40,27
1834,937,57,40
1835,706,67,54
1836,411,64,44
1837,150,64,40
1838,939,59,7
1839,251,69,3
1840,132,41,52
1841,834,42,26
1842,767,2,9
1843,593,22,20
1844,836,38,32
1845,58,56,11
1846,32,58,35
1847,262,8,24
1848,3,66,9
1849,157,68,17
1850,816,39,13
1851,139,64,46
1852,768,70,1
1853,475,23,54
1854,614,50,58
1855,10,19,36
1856,234,50,34
1857,313,63,27
1858,449,26,43
1859,292,22,61
1860,549,29,17
1861,966,40,5
1862,938,47,16
1863,153,1,34
1864,590,6,22
1865,537,55,17
1866,701,8,7
1867,195,73,36
1868,169,41,12
1869,209,5,5
1870,270,65,17
1871,131,70,33
1872,976,0,13
1873,571,32,30
1874,862,61,38
1875,34,77,6
1876,794,9,4
1877,227,43,7
1878,892,43,34
1879,495,12,29
1880,544,33,9
1881,503,3,47
1882,861,50,63
1883,387,21,55
1884,905,34,11
1885,382,27,48
1886,122,52,13
1887,414,79,2
1888,868,42,33
1889,987,49,30
1890,711,72,45
1891,292,14,34
1892,343,75,60
1893,507,13,17
1894,230,69,59
1895,807,10,22
1896,421,51,44
1897,124,25,8
1898,463,4,6
1899,606,62,54
1900,112,44,28
1901,252,15,2
1902,508,29,12
1903,854,55,1
1904,213,77,3
1905,446,43,52
1906,938,63,27
1907,483,18,56
1908,659,1,20
1909,358,6,9
1910,425,29,55
1911,757,41,36
1912,504,60,61
1913,877,73,7
1914,264,5,49
1915,920,2,7
1916,578,59,58
1917,8,54,19
1918,975,32,22
1919,698,21,32
1920,163,38,16
1921,784,26,15
1922,852,49,63
1923,710,38,30
1924,215,53,54
1925,245,4,6
1926,662,61,29
1927,182,69,43
1928,280,3,51
1929,772,13,57
1930,909,15,55
1931,508,71,5
1932,468,2,33
1933,648,31,24
1934,253,5,43
1935,495,1,27
1936,819,62,26
1937,163,75,6
1938,712,75,18
1939,774,46,19
1940,762,74,15
1941,395,14,59
1942,487,1,56
1943,541,1,9
1944,432,5,42
1945,777,20,16
1946,197,78,61
1947,919,32,45
1948,302,64,48
1949,321,29,27
1950,672,30,11
1951,871,57,16
1952,349,55,54
1953,662,75,60
1954,518,27,63
1955,779,75,52
1956,746,63,28
1957,376,54,18
1958,201,67,3
1959,501,27,31
1960,399,11,31
1961,803,1,57
1962,222,70,50
1963,122,43,39
1964,855,32,47
1965,25,42,53
1966,776,28,21
1967,925,3,36
1968,690,43,38
1969,432,15,44
1970,923,45,8
1971,276,47,5
1972,591,20,29
1973,649,61,9
1974,694,27,16
1975,807,52,27
1976,466,27,54
1977,221,63,36
1978,638,64,13
1979,75,15,32
1980,499,57,54
1981,934,45,28
1982,602,35,26
1983,501,35,42
1984,994,8,5
1985,952,46,41
1986,152,32,11
1987,340,12,3
1988,243,42,34
1989,61,76,41
1990,646,46,54
1991,396,11,42
1992,465,52,57
1993,75,64,24
1994,699,10,41
1995,542,1,29
1996,277,64,40
1997,383,3,31
1998,432,77,36
1999,465,9,26
2000,618,54,46
2001,109,1,38
2002,564,57,4
2003,279,52,39
2004,548,62,22
2005,418,3,32
2006,343,71,26
2007,491,53,61
2008,84,44,44
2009,111,60,44
2010,294,38,31
2011,835,66,58
2012,667,61,22
2013,392,11,12
2014,861,31,4
2015,420,48,2
2016,372,30,46
2017,868,73,18
2018,599,28,44
2019,159,19,32
2020,608,24,21
2021,943,59,2
2022,911,5,16
2023,976,76,52
2024,566,16,8
2025,377,27,48
2026,304,30,11
2027,621,9,63
2028,64,47,41
2029,62,77,48
2030,81,76,42
2031,442,18,4
2032,549,0,30
2033,670,16,3
2034,82,53,18
2035,37,29,35
2036,248,44,20
2037,114,25,61
2038,773,40,27
2039,661,53,26
2040,887,46,32
2041,450,7,20
2042,480,36,37
2043,348,65,45
2044,444,58,53
2045,628,14,2
2046,320,13,16
2047,243,7,16
2048,967,19,17
2049,738,79,61
2050,419,78,54
2051,617,7,12
2052,625,39,2
2053,353,18,37
2054,482,21,42
2055,871,48,22
2056,602,48,21
2057,978,2,52
2058,970,48,45
2059,643,57,46
2060,113,76,32
2061,757,4,48
2062,72,20,31
2063,904,12,10
2064,272,45,48
2065,259,76,37
2066,251,69,10
2067,497,6,50
2068,462,56,24
2069,567,50,21
2070,823,42,4
2071,117,30,4
2072,898,21,36
2073,351,4,11
2074,821,76,33
2075,105,6,32
2076,477,16,7
2077,961,25,33
2078,447,6,60
2079,901,12,43
2080,116,26,38
2081,808,62,37
2082,295,32,48
2083,203,54,12
2084,235,34,26
2085,872,10,7
2086,338,46,36
2087,233,78,8
2088,886,44,33
2089,916,56,33
2090,667,12,49
2091,253,19,51
2092,428,65,18
2093,265,27,46
2094,667,61,14
2095,608,53,34
2096,644,62,12
2097,80,14,22
2098,709,11,46
2099,696,46,44
2100,960,25,33
2101,619,69,21
2102,492,16,3
2103,477,1,20
2104,628,59,11
2105,765,26,12
2106,641,21,54
2107,788,60,15
2108,813,40,54
2109,810,48,38
2110,736,47,11
2111,354,65,4
2112,823,68,58
2113,438,56,26
2114,752,3,46
2115,999,8,17
2116,700,0,10
2117,894,59,54
2118,463,71,34
2119,643,33,42
2120,701,48,45
2121,657,34,32
2122,761,8,49
2123,794,5,50
2124,668,68,13
2125,105,67,16
2126,9,38,29
2127,374,11,56
2128,983,33,61
2129,841,67,21
2130,699,48,42
2131,517,64,27
2132,560,56,61
2133,671,10,17
2134,31,69,42
2135,915,54,15
2136,790,54,11
2137,946,27,20
2138,522,1,58
2139,329,34,50
2140,529,44,35
2141,209,0,19
2142,76,79,6
2143,599,62,52
2144,919,4,56
2145,140,70,60
2146,260,60,19
2147,330,5,3
2148,892,46,3
2149,759,46,49
2150,573,6,54
2151,388,55,62
2152,506,50,43
2153,745,0,41
2154,194,38,44
2155,873,10,61
2156,589,29,46
2157,1000,39,25
2158,477,2,50
2159,708,0,59
2160,533,4,5
2161,651,31,55
2162,281,49,46
2163,982,33,38
2164,426,27,46
2165,994,51,47
2166,304,31,51
2167,443,70,6
2168,59,19,57
2169,673,6,7
2170,262,19,34
2171,410,21,41
2172,324,13,50
2173,729,74,62
2174,573,11,3
2175,128,36,53
2176,885,60,19
2177,752,14,43
2178,409,32,2
2179,101,16,22
2180,232,78,22
2181,80,79,57
2182,680,42,58
2183,240,50,7
2184,506,55,6
2185,671,14,33
2186,607,19,23
2187,255,2,22
2188,317,2,50
2189,566,22,28
2190,61,46,19
2191,40,45,19
2192,447,36,24
2193,972,68,11
2194,891,45,21
2195,333,76,32
2196,644,2,30
2197,775,48,60
2198,872,44,5
2199,993,41,47
2200,811,62,63
2201,938,13,21
2202,785,11,26
2203,26,22,61
2204,37,72,61
2205,96,77,25
2206,681,40,7
2207,325,55,22
2208,131,38,51
2209,859,71,30
2210,610,73,43
2211,319,10,48
2212,66,26,37
2213,881,51,3
2214,4,40,15
2215,644,47,14
2216,121,7,28
2217,744,51,19
2218,415,21,6
2219,803,31,33
2220,473,41,4
2221,836,31,59
2222,933,48,31
2223,913,48,63
2224,395,51,43
2225,270,7,48
2226,574,7,50
2227,951,70,9
2228,822,36,49
2229,412,79,49
2230,417,31,52
2231,943,18,57
2232,632,22,17
2233,619,54,22
2234,577,41,6
2235,248,70,22
2236,725,76,38
2237,42,66,54
2238,521,79,30
2239,942,11,15
2240,514,27,40
2241,551,42,20
2242,19,65,3
2243,336,43,23
2244,382,11,18
2245,511,10,63
2246,367,55,44
2247,422,8,51
2248,67,48,40
2249,420,69,13
2250,285,54,2
2251,780,44,11
2252,798,23,31
2253,567,70,31
2254,54,11,11
2255,950,41,8
2256,228,7,8
2257,167,60,58
2258,11,78,43
2259,935,50,6
2260,702,54,60
2261,729,25,2
2262,309,63,14
2263,75,61,49
2264,995,74,1
2265,999,63,62
2266,334,2,3
2267,723,48,44
2268,913,59,51
2269,423,33,51
2270,194,47,58
2271,740,47,45
2272,963,75,34
2273,880,21,22
2274,828,56,35
2275,188,46,23
2276,821,19,50
2277,93,62,31
2278,426,6,19
2279,590,60,49
2280,651,53,8
2281,247,73,25
2282,212,35,44
2283,640,26,33
2284,449,54,22
2285,692,33,21
2286,670,5,34
2287,962,9,7
2288,383,27,56
2289,295,56,36
2290,633,18,14
2291,97,64,46
2292,121,27,10
2293,660,66,45
2294,140,34,9
2295,909,37,28
2296,964,26,37
2297,990,20,39
2298,7,2,9
2299,333,49,63
2300,688,1,62
2301,968,49,63
2302,561,49,45
2303,781,60,39
2304,859,72,5
2305,272,12,38
2306,261,7,32
2307,296,76,38
2308,172,74,21
2309,667,7,61
2310,18,46,16
2311,227,5,15
2312,245,37,25
2313,931,17,18
2314,923,67,32
2315,669,50,23
2316,565,31,9
2317,928,46,28
2318,422,9,18
2319,79,75,34
2320,545,44,48
2321,452,30,10
2322,601,67,26
2323,111,37,42
2324,993,39,38
2325,36,59,23
2326,202,24,22
2327,456,23,12
2328,138,44,23
2329,254,43,4
2330,490,67,13
2331,531,71,49
2332,50,23,45
2333,605,5,48
2334,978,77,29
2335,82,24,57
2336,484,18,40
2337,150,65,11
2338,373,2,4
2339,326,47,40
2340,25,16,53
2341,489,19,59
2342,295,60,5
2343,688,64,41
2344,950,33,59
2345,3,34,26
2346,163,38,23
2347,52,59,62
2348,243,31,40
2349,159,28,38
2350,230,45,21
2351,1,13,38
2352,274,27,35
2353,3,26,36
2354,648,47,16
2355,851,49,14
2356,351,43,49
2357,348,54,19
2358,3,57,59
2359,99,47,63
2360,595,69,35
2361,628,61,49
2362,783,46,23
2363,407,0,1
2364,807,8,30
2365,960,50,10
2366,596,40,58
2367,254,60,24
2368,379,62,43
2369,48,32,55
2370,585,67,33
2371,719,6,33
2372,234,28,45
2373,480,66,11
2374,792,72,34
2375,823,32,44
2376,223,59,63
2377,154,65,52
2378,724,43,11
2379,471,42,37
2380,258,58,44
2381,313,56,49
2382,342,1,24
2383,969,0,7
2384,844,63,27
2385,320,77,38
2386,894,59,51
2387,972,5,50
2388,551,48,51
2389,983,71,49
2390,368,8,43
2391,652,72,2
2392,462,5,37
2393,581,13,42
2394,118,17,15
2395,879,56,50
2396,825,21,26
2397,550,64,63
2398,12,54,56
2399,237,69,48
2400,329,28,27
2401,168,0,27
2402,527,21,13
2403,935,73,31
2404,928,62,26
2405,945,61,31
2406,511,5,26
2407,144,66,5
2408,55,37,24
2409,966,25,24
2410,348,74,45
2411,458,33,62
2412,312,39,60
2413,252,45,1
2414,246,5,9
2415,840,29,51
2416,651,19,36
2417,274,34,14
2418,682,0,30
2419,777,45,11
2420,892,32,63
2421,44,1,42
2422,588,73,8
2423,986,44,60
2424,169,41,51
2425,606,1,58
2426,825,11,63
2427,352,76,29
2428,34,70,17
2429,936,46,17
2430,944,57,11
2431,386,53,27
2432,781,32,25
2433,359,49,17
2434,703,49,33
2435,91,15,34
2436,821,71,49
2437,49,62,38
2438,624,7,8
2439,952,23,41
2440,645,6,35
2441,402,32,33
2442,681,4,31
2443,793,43,25
2444,342,17,15
2445,220,27,9
2446,971,39,55
2447,245,8,63
2448,315,63,43
2449,568,46,26
2450,426,50,18
2451,486,44,21
2452,87,76,7
2453,873,61,49
2454,180,42,17
2455,824,13,23
2456,764,55,60
2457,526,51,1
2458,759,77,63
2459,552,44,9
2460,487,62,44
2461,509,27,51
2462,355,26,58
2463,806,10,23
2464,923,29,27
2465,706,52,37
2466,300,15,23
2467,173,53,29
2468,375,51,30
2469,584,34,30
2470,47,41,10
2471,113,61,2
2472,887,16,33
2473,346,53,10
2474,689,55,18
2475,555,72,8
2476,865,3,51
2477,591,16,11
2478,679,70,11
2479,445,53,30
2480,456,11,31
2481,488,76,25
2482,380,2,35
2483,218,59,4
2484,578,68,40
2485,935,22,34
2486,817,46,6
2487,634,68,12
2488,616,59,55
2489,521,63,6
2490,901,78,62
2491,594,38,11
2492,461,49,33
2493,503,59,52
2494,879,76,33
2495,214,51,61
2496,509,67,51
2497,120,12,18
2498,867,19,57
2499,476,11,4
2500,530,24,17
2501,428,49,38
2502,281,69,7
2503,329,52,16
2504,917,2,11
2505,732,55,8
2506,682,75,14
2507,630,35,14
2508,518,13,16
2509,674,1,31
2510,597,50,22
2511,38,29,17
2512,838,30,40
2513,79,38,2
2514,627,34,29
2515,763,38,32
2516,423,39,46
2517,421,20,10
2518,392,17,63
2519,653,42,4
2520,78,78,27
2521,567,76,6
2522,66,25,11
2523,34,23,11
2524,326,1,59
2525,820,35,60
2526,729,49,10
2527,913,30,22
2528,845,21,46
2529,742,25,14
2530,728,55,55
2531,388,21,55
2532,798,6,51
2533,590,79,51
2534,741,4,1
2535,518,55,38
2536,5,63,42
2537,531,8,26
2538,429,52,1
2539,864,65,48
2540,214,64,3
2541,75,51,11
2542,483,41,29
2543,277,30,27
2544,885,42,8
2545,287,31,59
2546,244,35,24
2547,530,45,6
2548,567,33,21
2549,96,49,60
2550,123,22,4
2551,725,48,3
2552,469,43,57
2553,771,79,52
2554,312,35,60
2555,122,73,13
2556,316,36,31
2557,325,6,60
2558,62,44,58
2559,723,11,5
2560,49,46,40
2561,119,42,25
2562,672,70,16
2563,859,72,61
2564,916,16,22
2565,287,17,18
2566,138,4,31
2567,177,8,34
2568,581,21,53
2569,130,15,25
2570,337,23,61
2571,470,13,33
2572,251,37,13
2573,516,55,29
2574,243,2,45
2575,614,48,3
2576,323,66,24
2577,556,74,1
2578,899,54,6
2579,566,23,51
2580,356,31,14
2581,745,52,16
2582,456,23,63
2583,309,50,18
2584,75,52,58
2585,417,18,56
2586,809,20,19
2587,565,47,41
2588,361,25,55
2589,259,62,51
2590,333,9,35
2591,630,73,44
2592,324,40,39
2593,736,29,37
2594,74,15,32
2595,255,64,46
2596,564,32,30
2597,491,68,16
2598,212,68,33
2599,659,7,7
2600,961,59,27
2601,455,40,25
2602,962,43,31
2603,83,10,55
2604,687,44,1
2605,663,18,36
2606,329,13,35
2607,7,63,21
2608,252,66,53
2609,962,76,13
2610,406,36,10
2611,291,43,59
2612,362,36,46
2613,74,38,32
2614,734,36,34
2615,122,18,44
2616,654,18,56
2617,138,24,23
2618,842,35,48
2619,775,28,59
2620,546,65,40
2621,137,76,24
2622,527,37,57
2623,745,22,49
2624,822,76,38
2625,534,69,51
2626,785,3,9
2627,840,52,61
2628,839,46,37
2629,695,52,24
2630,420,77,34
2631,621,5,25
2632,457,4,21
2633,241,68,52
2634,703,1,43
2635,882,55,57
2636,792,71,63
2637,112,30,32
2638,496,60,46
2639,548,35,28
2640,229,46,55
2641,647,18,12
2642,741,74,17
2643,224,26,50
2644,522,8,20
2645,16,10,18
2646,532,33,27
2647,722,64,35
2648,725,31,3
2649,86,19,42
2650,579,39,20
2651,454,45,37
2652,142,17,53
2653,226,72,61
2654,450,74,46
2655,636,1,44
2656,317,52,42
2657,981,54,50
2658,468,10,60
2659,615,16,46
2660,469,26,30
2661,801,39,47
2662,879,12,52
2663,863,29,6
2664,993,79,20
2665,323,34,12
2666,736,63,33
2667,21,43,21
2668,643,22,7
2669,96,76,33
2670,280,16,59
2671,127,16,19
2672,579,46,42
2673,728,68,22
2674,501,12,3
2675,69,47,4
2676,150,22,43
2677,923,2,16
2678,463,4,19
2679,493,11,54
2680,451,42,34
2681,915,8,43
2682,691,66,52
2683,920,73,50
2684,530,54,34
2685,619,34,45
2686,174,63,4
2687,865,17,12
2688,319,31,56
2689,707,3,4
2690,644,45,25
2691,598,40,24
2692,720,42,41
2693,240,1,7
2694,669,42,46
2695,703,20,52
2696,663,66,36
2697,286,50,30
2698,295,0,54
2699,276,66,49
2700,381,22,49
2701,889,59,46
2702,925,50,58
2703,67,9,63
2704,395,38,17
2705,409,52,48
2706,529,34,32
2707,552,71,12
2708,105,5,3
2709,649,33,19
2710,676,53,51
2711,341,13,4
2712,558,17,46
2713,18,36,40
2714,991,30,34
2715,6,71,60
2716,682,79,36
2717,248,71,28
2718,864,47,43
2719,552,55,14
2720,19,2,3
2721,907,15,33
2722,167,52,62
2723,516,29,5
2724,547,59,53
2725,928,57,61
2726,361,58,19
2727,861,18,20
2728,712,1,31
2729,208,25,38
2730,978,43,28
2731,105,29,46
2732,773,75,9
2733,963,23,36
2734,389,9,63
2735,446,9,40
2736,245,41,14
2737,316,61,11
2738,858,12,46
2739,679,60,55
2740,75,29,53
2741,426,53,27
2742,719,17,45
2743,569,20,19
2744,289,48,55
2745,220,5,61
2746,368,42,31
2747,766,77,62
2748,663,7,53
2749,273,5,47
2750,500,32,58
2751,10,57,21
2752,61,47,33
2753,820,56,26
2754,802,64,4
2755,906,3,16
2756,58,42,63
2757,324,47,33
2758,212,69,9
2759,432,13,17
2760,544,32,34
2761,877,41,20
2762,183,54,23
2763,938,33,46
2764,106,35,3
2765,74,52,15
2766,287,61,60
2767,343,25,23
2768,908,68,40
2769,192,59,28
2770,521,74,45
2771,675,62,11
2772,725,76,19
2773,95,53,46
2774,1,30,48
2775,731,23,17
2776,208,22,9
2777,95,4,59
2778,862,63,33
2779,170,46,46
2780,291,6,18
2781,725,40,6
2782,185,77,28
2783,378,51,52
2784,125,4,37
2785,579,46,53
2786,997,54,45
2787,437,20,19
2788,573,41,1
2789,618,10,1
2790,353,21,33
2791,323,57,6
2792,754,33,1
2793,534,51,36
2794,599,47,33
2795,54,26,55
2796,325,54,52
2797,698,50,18
2798,867,23,38
2799,739,72,25
2800,209,64,4
2801,446,26,19
2802,475,52,16
2803,373,57,11
2804,882,15,51
2805,708,68,54
2806,228,33,36
2807,354,10,5
2808,180,69,18
2809,568,47,43
2810,39,8,60
2811,882,5,23
2812,823,31,1
2813,750,35,18
2814,687,36,60
2815,112,23,41
2816,955,42,8
2817,565,35,7
2818,25,7,53
2819,260,14,18
2820,887,4,29
2821,610,46,51
2822,400,20,30
2823,714,9,25
2824,733,48,9
2825,759,39,13
2826,846,26,28
2827,965,62,40
2828,167,6,3
2829,670,57,15
2830,861,15,36
2831,299,24,4
2832,135,64,2
2833,193,57,40
2834,847,62,6
2835,977,12,11
2836,994,9,44
2837,774,54,15
2838,22,12,52
2839,916,2,48
2840,377,22,43
2841,795,32,31
2842,50,38,39
2843,966,23,61
2844,292,69,50
2845,417,37,4
2846,102,30,24
2847,5,76,53
2848,42,17,34
2849,885,4,20
2850,497,21,28
2851,764,7,24
2852,296,56,53
2853,843,62,20
2854,768,65,14
2855,507,1,37
2856,171,23,41
2857,252,59,52
2858,771,13,47
2859,542,49,26
2860,940,66,4
2861,119,61,14
2862,83,76,62
2863,318,79,16
2864,15,46,44
2865,374,25,23
2866,369,75,25
2867,347,78,30
2868,81,40,49
2869,944,53,9
2870,852,72,17
2871,180,71,52
2872,780,65,17
2873,644,62,11
2874,794,37,33
2875,817,10,5
2876,833,50,53
2877,945,77,13
2878,508,69,57
2879,564,45,33
2880,349,56,23
2881,65,27,51
2882,770,46,14
2883,463,41,25
2884,988,74,41
2885,759,2,13
2886,987,35,34
2887,490,51,25
2888,223,78,31
2889,956,33,36
2890,582,13,1
2891,393,37,53
2892,155,38,16
2893,655,13,14
2894,857,40,62
2895,480,38,10
2896,193,16,6
2897,716,65,9
2898,749,39,48
2899,371,74,45
2900,878,47,7
2901,473,0,12
2902,335,66,46
2903,244,72,63
2904,195,0,9
2905,332,79,40
2906,471,31,34
2907,798,67,41
2908,255,55,10
2909,703,65,58
2910,703,14,30
2911,957,38,8
2912,881,52,42
2913,595,8,18
2914,210,74,23
2915,417,37,32
2916,974,27,57
2917,867,64,2
2918,585,71,20
2919,54,13,11
2920,229,67,10
2921,691,56,17
2922,186,16,17
2923,867,50,26
2924,740,11,59
2925,366,19,47
2926,872,32,61
2927,97,18,44
2928,813,74,2
2929,712,79,45
2930,220,27,31
2931,862,29,26
2932,814,54,40
2933,58,40,55
2934,895,12,7
2935,813,49,24
2936,201,40,23
2937,176,48,31
2938,887,60,25
2939,590,3,14
2940,985,22,51
2941,480,3,39
2942,31,48,48
2943,518,18,52
2944,239,32,7
2945,51,4,61
2946,722,36,53
2947,225,43,39
2948,778,10,18
2949,669,71,9
2950,247,47,18
2951,796,7,60
2952,655,37,15
2953,8,27,31
2954,721,25,5
2955,239,76,57
2956,278,37,43
2957,5,54,23
2958,221,63,37
2959,90,12,24
2960,322,10,26
2961,136,6,9
2962,746,60,63
2963,965,19,31
2964,201,51,34
2965,702,9,10
2966,927,38,47
2967,780,3,40
2968,85,15,17
2969,784,56,3
2970,762,17,7
2971,60,65,19
2972,804,42,9
2973,378,46,22
2974,299,79,48
2975,158,60,30
2976,4,58,26
2977,208,77,27
2978,346,34,4
2979,900,17,38
2980,185,51,9
2981,801,70,59
2982,895,65,58
2983,769,43,20
2984,134,13,39
2985,711,2,53
2986,89,6,55
2987,897,45,26
2988,437,31,48
2989,336,42,31
2990,979,26,58
2991,744,27,27
2992,414,1,11
2993,87,42,8
2994,78,7,44
2995,940,29,25
2996,374,69,27
2997,306,6,27
2998,515,34,6
2999,791,9,36
3000,564,19,60
3001,596,3,18
3002,2,56,54
3003,881,62,47
3004,316,51,20
3005,956,70,18
3006,958,35,7
3007,679,20,16
3008,325,7,2
3009,594,77,35
3010,385,40,23
3011,234,27,34
3012,591,28,4
3013,701,60,51
3014,685,7,5
3015,28,42,28
3016,793,40,44
3017,68,38,44
3018,100,2,54
3019,327,27,55
3020,434,11,14
3021,401,44,49
3022,971,26,60
3023,558,6,57
3024,599,42,45
3025,523,62,63
3026,918,14,15
3027,861,33,47
3028,304,13,61
3029,466,19,60
3030,137,12,14
3031,528,13,48
3032,938,55,48
3033,368,52,6
3034,50,50,29
3035,300,5,10
3036,73,2,29
3037,677,62,28
3038,440,77,20
3039,36,54,10
3040,412,70,27
3041,598,69,29
3042,181,78,49
3043,751,77,27
3044,359,47,13
3045,689,58,11
3046,826,10,48
3047,209,7,36
3048,553,6,20
3049,15,73,49
3050,215,76,53
3051,588,26,43
3052,238,46,2
3053,784,36,54
3054,782,34,1
3055,534,35,13
3056,860,52,25
3057,380,20,49
3058,954,4,7
3059,886,18,23
3060,697,33,23
3061,818,12,26
3062,128,2,12
3063,621,57,29
3064,960,70,15
3065,897,43,60
3066,85,62,48
3067,892,33,3
3068,49,67,17
3069,293,64,44
3070,362,0,29
3071,667,9,59
3072,511,17,37
3073,721,37,5
3074,47,68,56
3075,552,77,12
3076,924,41,6
3077,636,4,22
3078,952,53,33
3079,73,65,52
3080,12,66,5
3081,688,4,5
3082,336,34,31
3083,899,74,21
3084,158,33,25
3085,248,24,47
3086,53,68,34
3087,80,55,5
3088,765,7,14
3089,5,71,63
3090,94,42,50
3091,375,1,55
3092,665,56,43
3093,93,66,25
3094,982,56,26
3095,939,15,58
3096,214,67,55
3097,242,18,1
3098,914,63,19
3099,632,59,63
3100,334,24,48
3101,735,38,2
3102,500,15,44
3103,139,67,21
3104,373,40,1
3105,952,18,38
3106,76,63,15
3107,19,56,2
3108,770,50,17
3109,928,33,29
3110,269,6,25
3111,452,20,7
3112,868,79,41
3113,853,10,30
3114,304,14,57
3115,731,46,18
3116,85,33,24
3117,66,43,43
3118,457,53,16
3119,24,52,19
3120,770,33,52
3121,492,36,33
3122,213,64,22
3123,301,76,54
3124,496,59,31
3125,483,21,40
3126,201,25,8
3127,862,42,57
3128,411,58,56
3129,411,41,23
3130,195,2,21
3131,746,14,32
3132,798,18,54
3133,201,79,7
3134,94,6,33
3135,201,49,8
3136,827,1,28
3137,45,54,46
3138,227,24,59
3139,846,26,22
3140,478,61,24
3141,94,38,24
3142,147,75,30
3143,504,75,16
3144,369,0,9
3145,693,41,1
3146,910,67,9
3147,752,63,54
3148,988,10,51
3149,723,7,16
3150,683,44,28
3151,285,10,12
3152,22,36,60
3153,809,60,6
3154,595,28,27
3155,227,33,27
3156,189,62,47
3157,383,46,28
3158,320,73,25
3159,465,27,28
3160,524,61,63
3161,749,66,21
3162,532,39,57
3163,670,47,34
3164,716,73,21
3165,763,59,47
3166,362,7,58
3167,341,30,13
3168,743,21,24
3169,147,5,16
3170,398,40,14
3171,326,60,36
3172,376,71,43
3173,343,21,3
3174,729,48,51
3175,608,42,4
3176,672,76,57
3177,127,56,22
3178,131,30,16
3179,969,8,26
3180,715,45,2
3181,754,43,36
3182,371,58,7
3183,587,0,41
3184,562,41,17
3185,538,0,19
3186,445,72,16
3187,472,30,50
3188,1,0,20
3189,351,9,13
3190,690,35,55
3191,190,28,20
3192,302,38,50
3193,557,56,14
3194,274,17,7
3195,871,26,43
3196,110,62,47
3197,706,54,7
3198,701,46,3
3199,487,29,53
3200,560,38,43
3201,671,19,53
3202,497,32,49
3203,62,69,12
3204,411,22,3
3205,569,4,11
3206,199,73,37
3207,974,50,10
3208,18,71,14
3209,815,37,61
3210,981,36,50
3211,582,19,43
3212,723,27,12
3213,774,40,24
3214,321,10,60
3215,925,10,4
3216,475,41,1
3217,768,14,4
3218,626,23,62
3219,403,38,3
3220,97,18,31
3221,102,0,8
3222,606,42,16
3223,614,56,41
3224,332,16,29
3225,383,21,53
3226,639,47,26
3227,208,46,58
3228,499,72,27
3229,862,74,60
3230,781,3,22
3231,521,24,15
3232,400,61,24
3233,267,66,37
3234,886,29,59
3235,315,52,30
3236,475,10,23
3237,916,9,11
3238,963,67,2
3239,634,48,9
3240,742,21,30
3241,269,21,47
3242,148,21,39
3243,750,79,16
3244,199,44,2
3245,465,70,56
3246,176,25,51
3247,103,12,50
3248,68,15,59
3249,345,8,6
3250,40,61,23
3251,899,50,12
3252,21,69,40
3253,69,18,62
3254,303,49,51
3255,406,65,37
3256,114,41,10
3257,711,55,54
3258,462,42,40
3259,808,58,52
3260,666,17,25
3261,114,67,42
3262,375,8,52
3263,497,28,18
3264,450,50,35
3265,767,7,35
3266,114,0,44
3267,319,23,24
3268,296,4,44
3269,360,43,44
3270,144,28,28
3271,389,13,27
3272,365,67,21
3273,922,35,47
3274,809,44,61
3275,226,42,60
3276,988,68,36
3277,271,66,40
3278,881,33,55
3279,533,32,15
3280,923,55,49
3281,794,35,53
3282,693,39,34
3283,992,72,33
3284,759,73,46
3285,648,10,62
3286,713,77,49
3287,122,59,21
3288,882,59,25
3289,158,71,39
3290,109,25,49
3291,48,50,14
3292,441,23,38
3293,662,14,44
3294,910,5,51
3295,986,12,26
3296,953,76,1
3297,980,37,21
3298,385,30,44
3299,815,59,48
3300,277,7,13
3301,618,15,30
3302,523,47,59
3303,411,28,53
3304,851,9,59
3305,5,35,13
3306,800,19,32
3307,873,31,25
3308,844,7,31
3309,947,62,41
3310,360,50,2
3311,711,60,27
3312,144,62,40
3313,1000,32,10
3314,622,74,30
3315,770,38,20
3316,90,30,39
3317,998,62,10
3318,616,17,16
3319,473,3,13
3320,781,75,39
3321,296,17,17
3322,419,40,21
3323,589,39,27
3324,819,60,10
3325,371,61,25
3326,230,22,30
3327,349,20,25
3328,410,27,33
3329,151,59,31
3330,34,31,1
3331,392,47,22
3332,137,57,56
3333,497,77,35
3334,880,55,12
3335,138,18,40
3336,627,47,7
3337,145,67,4
3338,566,29,55
3339,84,19,1
3340,997,5,6
3341,18,36,8
3342,503,44,35
3343,653,60,61
3344,761,52,31
3345,802,29,36
3346,545,47,28
3347,430,72,49
3348,807,37,40
3349,291,72,20
3350,355,20,59
3351,483,37,8
3352,617,12,10
3353,881,16,19
3354,861,56,63
3355,377,50,23
3356,503,74,48
3357,469,23,41
3358,270,29,24
3359,724,39,29
3360,925,66,22
3361,316,28,2
3362,934,36,53
3363,565,68,41
3364,761,41,62
3365,696,9,63
3366,565,72,19
3367,290,52,58
3368,718,33,59
3369,416,76,7
3370,465,72,29
3371,567,27,4
3372,91,41,3
3373,186,77,53
3374,858,69,29
3375,218,37,20
3376,68,41,62
3377,304,2,55
3378,3,40,45
3379,323,15,8
3380,202,31,24
3381,700,78,25
3382,297,48,17
3383,963,65,7
3384,930,2,15
3385,57,11,37
3386,74,30,32
3387,835,53,47
3388,808,7,56
3389,614,49,22
3390,328,43,32
3391,875,54,45
3392,569,62,62
3393,696,57,10
3394,172,26,52
3395,110,74,1
3396,853,68,41
3397,670,14,1
3398,849,14,1
3399,108,19,34
3400,214,27,44
3401,279,61,58
3402,927,21,14
3403,542,76,43
3404,15,79,4
3405,851,21,52
3406,970,33,14
3407,439,14,14
3408,562,62,46
3409,45,9,26
3410,857,62,21
3411,552,13,57
3412,533,51,26
3413,96,64,13
3414,909,39,18
3415,547,41,58
3416,420,50,41
3417,305,48,60
3418,685,42,33
3419,718,6,17
3420,723,54,29
3421,675,37,36
3422,800,9,20
3423,666,16,38
3424,320,4,41
3425,286,31,11
3426,320,42,15
3427,332,27,25
3428,639,31,40
3429,88,68,61
3430,138,31,58
3431,3,57,9
3432,961,17,32
3433,642,42,16
3434,588,34,1
3435,164,39,56
3436,222,78,39
3437,81,42,25
3438,181,40,31
3439,435,39,36
3440,535,16,1
3441,41,19,9
3442,504,11,50
3443,456,45,25
3444,697,24,6
3445,782,67,9
3446,610,40,26
3447,248,73,35
3448,58,53,28
3449,666,40,39
3450,847,6,18
3451,619,7,57
3452,361,30,59
3453,519,38,46
3454,464,14,53
3455,811,27,56
3456,197,76,3
3457,646,75,30
3458,784,52,37
3459,307,38,60
3460,948,4,31
3461,846,15,6
3462,355,47,56
3463,436,37,22
3464,433,61,42
3465,935,71,55
3466,104,60,51
3467,865,25,3
3468,300,40,63
3469,292,18,6
3470,572,46,56
3471,730,11,25
3472,456,78,43
3473,604,65,34
3474,630,17,19
3475,934,23,7
3476,593,38,1
3477,920,55,30
3478,810,66,60
3479,25,77,56
3480,878,48,56
3481,920,17,12
3482,64,24,40
3483,728,67,12
3484,429,8,32
3485,631,21,28
3486,496,5,49
3487,222,4,38
3488,804,46,22
3489,27,22,37
3490,549,52,14
3491,668,11,47
3492,879,26,12
3493,240,65,33
3494,538,53,60
3495,854,35,12
3496,825,3,4
3497,554,64,21
3498,259,19,1
3499,941,6,6
3500,541,26,38
3501,980,13,30
3502,637,44,1
3503,23,35,57
3504,684,53,40
3505,657,18,29
3506,172,2,32
3507,525,27,47
3508,282,37,41
3509,309,18,9
3510,278,30,5
3511,420,9,19
3512,4,38,2
3513,95,60,54
3514,124,63,57
3515,166,39,45
3516,555,43,41
3517,140,47,32
3518,788,8,55
3519,8,68,4
3520,474,25,38
3521,734,44,42
3522,512,8,2
3523,333,54,53
3524,790,57,36
3525,420,22,11
3526,780,49,51
3527,342,60,32
3528,12,7,35
3529,751,7,60
3530,148,0,47
3531,743,46,33
3532,571,77,48
3533,566,9,25
3534,452,39,20
3535,562,10,11
3536,255,70,22
3537,999,11,23
3538,22,54,59
3539,605,44,43
3540,56,31,44
3541,652,45,63
3542,813,16,59
3543,894,13,28
3544,990,64,24
3545,223,25,36
3546,110,79,44
3547,207,29,27
3548,355,2,15
3549,991,38,60
3550,474,13,37
3551,630,65,46
3552,191,77,1
3553,22,43,30
3554,102,32,57
3555,573,54,54
3556,502,3,29
3557,726,41,32
3558,881,36,29
3559,682,26,52
3560,528,52,32
3561,270,33,13
3562,297,15,29
3563,532,76,61
3564,892,17,6
3565,124,21,7
3566,846,3,11
3567,608,0,39
3568,111,40,51
3569,728,1,38
3570,712,41,43
3571,822,30,44
3572,708,78,43
3573,832,41,30
3574,439,12,36
3575,870,7,17
3576,347,53,8
3577,980,20,52
3578,974,50,49
3579,36,17,10
3580,156,41,58
3581,809,54,37
3582,678,41,57
3583,251,33,51
3584,253,23,52
3585,784,45,49
3586,416,23,31
3587,4,42,30
3588,623,47,10
3589,451,74,63
3590,224,70,48
3591,766,70,60
3592,402,27,46
3593,76,70,33
3594,671,2,20
3595,430,17,5
3596,124,24,59
3597,304,27,1
3598,575,42,58
3599,49,12,26
3600,100,35,2
3601,144,72,31
3602,354,73,26
3603,85,68,32
3604,170,50,13
3605,750,79,6
3606,695,34,26
3607,55,49,16
3608,458,64,29
3609,581,32,48
3610,458,3,19
3611,245,18,60
3612,454,51,18
3613,762,15,10
3614,421,56,23
3615,681,5,43
3616,31,51,54
3617,885,26,22
3618,246,3,39
3619,442,15,51
3620,921,72,57
3621,908,68,37
3622,518,73,52
3623,802,35,22
3624,185,55,35
3625,691,55,53
3626,43,37,11
3627,422,41,30
3628,131,79,49
3629,743,32,59
3630,660,72,22
3631,331,11,61
3632,901,49,17
3633,73,2,38
3634,933,66,32
3635,650,68,7
3636,324,23,33
3637,649,44,5
3638,681,6,1
3639,228,21,47
3640,870,72,63
3641,417,2,3
3642,761,54,50
3643,410,39,34
3644,774,51,26
3645,625,52,47
3646,291,15,11
3647,507,56,36
3648,453,56,14
3649,429,35,46
3650,526,56,56
3651,719,33,36
3652,211,65,23
3653,577,34,5
3654,264,39,3
3655,458,55,46
3656,553,25,1
3657,942,52,1
3658,696,16,11
3659,297,44,16
3660,838,41,13
3661,684,79,22
3662,812,42,36
3663,474,58,10
3664,96,33,44
3665,961,51,39
3666,70,35,2
3667,395,56,27
3668,288,32,56
3669,429,0,22
3670,45,29,38
3671,358,32,36
3672,135,43,16
3673,138,69,31
3674,126,36,46
3675,226,76,22
3676,60,17,4
3677,272,4,2
3678,16,11,52
3679,448,0,41
3680,997,36,13
3681,835,65,22
3682,384,40,40
3683,856,9,27
3684,177,6,49
3685,612,23,43
3686,970,3,54
3687,155,34,18
3688,109,42,59
3689,174,41,60
3690,352,77,34
3691,127,31,60
3692,886,47,28
3693,441,54,39
3694,913,62,35
3695,453,26,63
3696,669,27,32
3697,335,22,2
3698,844,50,63
3699,837,15,18
3700,390,46,11
3701,604,44,16
3702,131,42,2
3703,810,2,50
3704,130,27,60
3705,568,39,11
3706,998,20,52
3707,183,66,57
3708,395,21,24
3709,648,58,4
3710,743,79,41
3711,676,42,13
3712,984,44,8
3713,699,13,61
3714,28,54,8
3715,851,62,25
3716,133,11,23
3717,490,34,55
3718,781,68,13
3719,114,75,13
3720,662,18,53
3721,129,5,38
3722,641,20,27
3723,786,78,47
3724,6,57,8
3725,213,19,5
3726,212,71,39
3727,670,0,12
3728,627,20,48
3729,277,5,24
3730,105,67,17
3731,204,75,37
3732,826,27,36
3733,453,45,13
3734,597,50,19
3735,683,23,47
3736,336,34,43
3737,848,55,58
3738,106,73,20
3739,504,29,15
3740,337,13,45
3741,701,57,20
3742,269,74,19
3743,730,78,42
3744,780,34,27
3745,96,29,41
3746,583,44,47
3747,21,43,62
3748,900,60,17
3749,352,3,50
3750,489,59,43
3751,325,71,50
3752,636,60,45
3753,767,61,51
3754,503,40,51
3755,202,7,53
3756,723,29,58
3757,279,50,43
3758,242,21,15
3759,238,12,19
3760,896,12,15
3761,320,8,19
3762,360,44,1
3763,547,2,58
3764,333,57,13
3765,313,18,12
3766,522,20,32
3767,647,18,54
3768,887,51,9
3769,347,1,39
3770,530,8,34
3771,476,7,36
3772,182,39,1
3773,972,65,8
3774,223,69,36
3775,67,21,47
3776,950,14,18
3777,102,12,58
3778,249,10,39
3779,937,36,38
3780,869,77,43
3781,534,65,28
3782,960,6,46
3783,429,10,11
3784,765,72,35
3785,766,10,42
3786,985,39,19
3787,497,13,25
3788,227,61,37
3789,120,77,4
3790,767,57,5
3791,62,31,56
3792,324,22,47
3793,618,42,40
3794,137,47,29
3795,917,12,24
3796,271,69,38
3797,720,45,37
3798,613,23,9
3799,188,22,25
3800,440,60,59
3801,954,1,17
3802,500,45,55
3803,965,22,51
3804,672,30,11
3805,492,26,31
3806,842,49,32
3807,671,48,30
3808,786,52,15
3809,81,71,29
3810,846,63,42
3811,948,56,31
3812,273,35,23
3813,132,72,63
3814,601,63,35
3815,798,34,33
3816,839,75,34
3817,61,18,55
3818,256,3,59
3819,706,75,13
3820,530,40,51
3821,495,19,49
3822,662,43,61
3823,705,54,8
3824,891,47,51
3825,706,36,33
3826,420,34,34
3827,655,46,32
3828,778,53,59
3829,105,30,63
3830,824,79,2
3831,725,6,62
3832,115,19,3
3833,492,3,7
3834,469,13,60
3835,773,79,45
3836,192,50,55
3837,567,57,58
3838,271,34,18
3839,91,51,12
3840,106,34,3
3841,161,30,31
3842,260,16,63
3843,323,27,57
3844,184,7,11
3845,740,20,22
3846,844,51,61
3847,982,49,28
3848,918,32,46
3849,907,2,40
3850,654,67,28
3851,744,59,55
3852,321,79,44
3853,396,73,55
3854,675,16,26
3855,48,67,13
3856,923,70,42
3857,369,43,19
3858,392,0,40
3859,122,26,33
3860,662,71,60
3861,837,6,58
3862,426,46,24
3863,839,2,24
3864,272,68,60
3865,545,67,4
3866,725,30,22
3867,61,38,44
3868,119,70,60
3869,168,31,24
3870,300,4,10
3871,322,40,16
3872,44,57,11
3873,429,8,58
3874,95,31,22
3875,281,55,43
3876,22,52,11
3877,865,72,49
3878,791,70,59
3879,421,78,23
3880,957,49,40
3881,756,2,10
3882,562,78,50
3883,694,66,15
3884,252,73,18
3885,558,33,23
3886,12,47,39
3887,240,71,42
3888,907,54,52
3889,755,74,44
3890,907,63,45
3891,23,58,53
3892,291,19,59
3893,137,24,27
3894,751,75,36
3895,757,33,23
3896,50,76,51
3897,355,76,15
3898,732,22,20
3899,652,48,62
3900,282,74,39
3901,921,56,21
3902,595,67,18
3903,698,35,44
3904,308,66,24
3905,871,14,46
3906,20,15,26
3907,775,9,32
3908,2,20,52
3909,547,72,18
3910,127,65,13
3911,49,18,11
3912,422,44,23
3913,455,61,29
3914,544,9,48
3915,588,71,29
3916,850,10,59
3917,636,65,48
3918,242,18,37
3919,870,5,13
3920,978,51,17
3921,121,11,31
3922,25,73,41
3923,275,79,40
3924,361,22,55
3925,33,41,58
3926,103,10,3
3927,916,37,7
3928,178,38,15
3929,973,19,47
3930,951,29,39
3931,747,61,29
3932,929,45,34
3933,147,0,10
3934,747,40,59
3935,387,25,18
3936,939,47,53
3937,126,75,2
3938,665,52,22
3939,967,16,34
3940,874,39,56
3941,216,25,33
3942,690,26,44
3943,716,52,43
3944,102,70,58
3945,741,57,7
3946,574,67,48
3947,450,32,45
3948,3,49,45
3949,826,7,21
3950,789,73,45
3951,573,8,7
3952,299,17,1
3953,342,13,63
3954,273,26,44
3955,156,78,61
3956,25,4,47
3957,333,53,62
3958,996,55,51
3959,191,0,28
3960,947,21,36
3961,862,65,48
3962,35,35,31
3963,745,56,17
3964,788,48,16
3965,614,36,19
3966,256,12,44
3967,358,56,19
3968,45,51,4
3969,980,33,21
3970,835,20,39
3971,483,33,46
3972,140,67,13
3973,846,4,42
3974,317,71,53
3975,6,36,37
3976,5,52,60
3977,889,9,45
3978,457,53,34
3979,361,25,6
3980,777,59,43
3981,846,22,2
3982,140,33,12
3983,310,30,12
3984,697,26,62
3985,924,63,15
3986,499,59,59
3987,446,67,47
3988,801,44,39
3989,207,76,24
3990,206,4,27
3991,746,9,15
3992,391,60,38
3993,823,50,61
3994,140,66,37
3995,832,61,42
3996,808,39,31
3997,29,76,47
3998,499,68,44
3999,966,34,26
4000,707,71,11
4001,259,8,35
4002,753,38,17
4003,32,21,31
4004,941,72,53
4005,148,23,9
4006,10,70,61
4007,179,10,14
4008,600,60,38
4009,25,66,36
4010,166,52,14
4011,503,62,11
4012,529,6,30
4013,736,77,16
4014,784,49,46
4015,371,28,53
4016,418,77,49
4017,777,47,29
4018,243,7,39
4019,970,31,54
4020,810,37,32
4021,674,11,62
4022,307,60,30
4023,98,67,34
4024,870,2,6
4025,114,12,45
4026,13,62,1
4027,374,30,27
4028,226,24,46
4029,771,33,36
4030,269,75,21
4031,484,28,11
4032,968,14,39
4033,531,71,55
4034,202,12,28
4035,923,37,8
4036,191,9,2
4037,369,15,10
4038,634,32,43
4039,586,42,14
4040,601,63,18
4041,494,66,3
4042,118,65,44
4043,354,35,42
4044,289,37,8
4045,706,71,52
4046,328,21,35
4047,572,61,4
4048,566,46,48
4049,257,31,16
4050,909,64,25
4051,388,37,40
4052,367,26,61
4053,801,11,52
4054,139,59,45
4055,249,76,46
4056,596,44,34
4057,545,55,9
4058,821,13,60
4059,650,69,43
4060,801,17,55
4061,247,76,54
4062,119,2,46
4063,88,3,8
4064,685,53,53
4065,111,21,17
4066,288,56,36
4067,759,73,46
4068,891,5,51
4069,669,14,35
4070,383,46,7
4071,929,4,47
4072,504,2,27
4073,225,42,56
4074,149,78,47
4075,564,69,5
4076,176,36,47
4077,311,34,17
4078,894,76,38
4079,490,17,37
4080,355,79,21
4081,749,8,18
4082,411,63,63
4083,708,48,27
4084,439,68,24
4085,744,72,32
4086,869,7,29
4087,763,77,50
4088,322,3,38
4089,367,4,50
4090,546,39,6
4091,715,59,18
4092,417,62,13
4093,826,1,35
4094,676,39,28
4095,5,22,41
4096,275,3,28
4097,422,5,22
4098,907,7,6
4099,916,13,28
4100,527,70,58
4101,65,64,39
4102,515,33,16
4103,676,58,15
4104,478,5,25
4105,420,50,30
4106,362,36,32
4107,183,49,14
4108,841,75,56
4109,935,63,3
4110,953,29,19
4111,602,53,57
4112,982,47,9
4113,505,74,63
4114,228,23,57
4115,943,42,11
4116,393,75,19
4117,445,17,46
4118,863,10,13
4119,320,56,18
4120,830,0,51
4121,642,41,52
4122,119,62,34
4123,380,78,10
4124,604,26,13
4125,761,40,11
4126,560,64,36
4127,627,69,56
4128,32,43,28
4129,385,43,17
4130,600,64,46
4131,205,66,50
4132,614,64,61
4133,343,75,35
4134,418,78,46
4135,316,30,55
4136,809,61,30
4137,258,48,60
4138,196,71,32
4139,816,15,2
4140,52,7,35
4141,208,43,20
4142,237,16,12
4143,120,70,19
4144,10,7,42
4145,190,43,9
4146,603,43,56
4147,640,20,9
4148,98,7,41
4149,839,62,36
4150,536,65,12
4151,17,32,18
4152,276,68,40
4153,431,60,50
4154,861,21,51
4155,874,11,59
4156,878,5,19
4157,431,4,26
4158,216,61,13
4159,560,59,1
4160,552,26,8
4161,791,74,12
4162,185,61,1
4163,996,51,32
4164,269,24,11
4165,421,57,45
4166,417,54,62
4167,768,76,26
4168,379,11,55
4169,150,11,57
4170,896,74,32
4171,315,17,12
4172,670,41,16
4173,494,68,55
4174,258,56,16
4175,676,29,7
4176,584,77,34
4177,938,4,20
4178,727,54,42
4179,698,44,9
4180,40,51,21
4181,640,77,23
4182,515,26,36
4183,292,0,31
4184,752,9,57
4185,756,44,35
4186,177,20,26
4187,245,37,46
4188,390,3,53
4189,178,12,62
4190,169,11,8
4191,562,11,22
4192,557,37,53
4193,281,8,35
4194,785,71,62
4195,338,26,22
4196,360,75,17
4197,971,31,46
4198,586,52,8
4199,936,69,22
4200,521,29,14
4201,238,23,17
4202,103,19,42
4203,83,59,38
4204,727,35,61
4205,941,5,61
4206,751,76,42
4207,741,7,39
4208,848,72,3
4209,502,39,42
4210,697,0,34
4211,528,69,62
4212,929,51,22
4213,768,6,10
4214,688,12,55
4215,791,64,23
4216,128,46,9
4217,285,26,37
4218,153,25,26
4219,473,47,27
4220,775,55,40
4221,227,62,5
4222,741,63,11
4223,227,62,40
4224,611,69,4
4225,383,11,23
4226,232,59,55
4227,518,15,53
4228,210,7,58
4229,247,39,14
4230,916,6,7
4231,384,64,45
4232,242,76,22
4233,591,62,40
4234,218,65,9
4235,849,7,54
4236,777,71,43
4237,400,28,18
4238,161,77,13
4239,907,36,32
4240,141,71,54
4241,262,54,47
4242,445,7,8
4243,972,77,24
4244,313,46,39
4245,803,7,44
4246,585,23,60
4247,138,14,31
4248,98,6,54
4249,265,73,29
4250,464,5,45
4251,820,18,16
4252,561,62,2
4253,778,25,21
4254,49,17,41
4255,986,60,6
4256,322,36,60
4257,289,6,6
4258,404,63,20
4259,876,40,30
4260,657,55,50
4261,660,34,23
4262,270,26,54
4263,728,43,42
4264,975,4,20
4265,580,69,63
4266,41,70,35
4267,837,78,38
4268,719,41,24
4269,848,68,6
4270,130,36,17
4271,761,48,44
4272,298,29,4
4273,890,36,34
4274,859,2,28
4275,517,22,23
4276,316,54,58
4277,191,42,3
4278,984,0,12
4279,792,0,12
4280,233,1,29
4281,416,42,47
4282,218,59,14
4283,847,20,59
4284,431,30,11
4285,371,27,34
4286,300,54,9
4287,539,36,54
4288,80,59,51
4289,622,42,16
4290,744,74,39
4291,103,2,44
4292,62,51,51
4293,539,9,49
4294,316,79,18
4295,15,41,35
4296,217,60,39
4297,664,78,62
4298,194,77,13
4299,228,50,39
4300,910,34,23
4301,425,48,37
4302,831,30,63
4303,480,40,41
4304,909,35,2
4305,681,49,38
4306,960,57,39
4307,765,33,5
4308,286,18,56
4309,506,45,16
4310,921,34,21
4311,762,50,36
4312,797,40,41
4313,243,79,51
4314,947,60,57
4315,395,60,7
4316,604,12,59
4317,873,16,30
4318,93,62,34
4319,343,79,62
4320,243,31,62
4321,889,24,10
4322,383,60,9
4323,140,63,48
4324,48,41,48
4325,72,27,22
4326,577,30,7
4327,131,63,37
4328,399,27,46
4329,924,49,44
4330,287,51,8
4331,43,19,21
4332,970,34,54
4333,602,45,42
4334,713,44,25
4335,916,67,2
4336,539,35,6
4337,247,6,16
4338,803,76,34
4339,141,39,49
4340,822,5,13
4341,415,40,11
4342,385,1,11
4343,175,42,55
4344,380,66,5
4345,298,21,38
4346,972,0,40
4347,61,78,1
4348,732,0,14
4349,431,52,47
4350,500,73,37
4351,532,0,44
4352,415,64,10
4353,885,38,12
4354,431,49,28
4355,750,26,42
4356,969,30,15
4357,15,10,11
4358,667,61,3
4359,675,4,32
4360,314,15,19
4361,223,66,31
4362,740,32,25
4363,891,28,52
4364,276,19,29
4365,607,0,42
4366,800,40,24
4367,745,14,48
4368,688,72,62
4369,431,66,39
4370,466,52,25
4371,615,34,32
4372,995,6,6
4373,288,48,17
4374,370,43,60
4375,974,41,7
4376,44,33,24
4377,904,17,22
4378,966,25,1
4379,609,55,37
4380,969,1,51
4381,543,47,12
4382,864,1,29
4383,401,40,46
4384,686,42,9
4385,503,55,9
4386,600,58,19
4387,649,33,57
4388,665,38,2
4389,962,6,45
4390,269,6,27
4391,196,69,30
4392,669,4,17
4393,429,4,16
4394,68,1,12
4395,511,63,32
4396,67,14,56
4397,536,23,40
4398,14,39,29
4399,190,40,25
4400,141,60,60
4401,685,55,35
4402,788,76,41
4403,92,16,18
4404,589,3,45
4405,296,65,59
4406,890,51,58
4407,414,58,6
4408,771,24,48
4409,926,53,55
4410,840,25,2
4411,480,21,61
4412,741,8,58
4413,134,51,19
4414,115,0,51
4415,17,7,37
4416,695,49,46
4417,100,22,33
4418,527,25,52
4419,346,30,39
4420,166,61,40
4421,958,60,16
4422,565,0,57
4423,361,45,56
4424,772,71,23
4425,867,0,32
4426,860,54,54
4427,464,25,14
4428,918,32,13
4429,885,17,14
4430,608,54,41
4431,525,43,29
4432,22,40,8
4433,592,40,16
4434,973,43,9
4435,754,70,28
4436,286,41,3
4437,756,24,56
4438,280,61,63
4439,981,17,8
4440,784,25,8
4441,529,29,62
4442,47,2,41
4443,725,33,63
4444,752,77,21
4445,891,22,25
4446,510,68,49
4447,656,23,10
4448,75,54,5
4449,350,26,20
4450,122,49,27
4451,613,58,7
4452,76,64,32
4453,130,20,36
4454,137,3,7
4455,515,54,30
4456,187,75,9
4457,660,10,59
4458,397,76,4
4459,315,65,45
4460,3,59,4
4461,716,31,46
4462,330,58,10
4463,219,68,27
4464,621,4,50
4465,212,70,19
4466,746,48,24
4467,156,27,2
4468,253,63,8
4469,964,9,39
4470,621,12,38
4471,360,79,14
4472,356,1,26
4473,361,51,48
4474,745,23,17
4475,965,74,14
4476,559,20,63
4477,741,7,21
4478,813,12,21
4479,553,55,6
4480,959,68,55
4481,856,67,5
4482,857,14,48
4483,36,54,27
4484,875,31,38
4485,158,75,24
4486,455,34,11
4487,248,46,9
4488,900,58,6
4489,455,2,11
4490,931,41,63
4491,980,8,41
4492,20,16,54
4493,733,11,43
4494,689,45,36
4495,156,74,21
4496,49,8,11
4497,763,7,30
4498,156,18,14
4499,481,24,33
4500,53,35,61
4501,494,14,11
4502,513,25,17
4503,819,69,41
4504,772,37,2
4505,115,64,44
4506,814,32,48
4507,779,26,15
4508,102,21,26
4509,243,13,38
4510,107,58,55
4511,3,31,4
4512,140,15,15
4513,22,26,11
4514,739,37,14
4515,461,31,63
4516,50,37,51
4517,608,7,55
4518,85,69,14
4519,732,71,63
4520,4,49,18
4521,831,12,5
4522,192,31,1
4523,162,44,60
4524,769,14,31
4525,757,35,15
4526,577,4,31
4527,982,43,22
4528,85,47,22
4529,689,51,40
4530,979,14,46
4531,7,5,37
4532,266,68,25
4533,325,70,19
4534,649,30,63
4535,11,19,29
4536,876,67,25
4537,410,0,33
4538,391,4,2
4539,274,53,20
4540,948,31,63
4541,871,78,52
4542,399,15,53
4543,670,19,18
4544,57,68,20
4545,299,70,2
4546,856,25,30
4547,130,66,28
4548,727,56,48
4549,83,49,42
4550,931,68,5
4551,625,19,16
4552,644,9,16
4553,235,70,3
4554,857,6,35
4555,981,25,17
4556,364,32,24
4557,934,1,21
4558,25,39,33
4559,73,2,14
4560,61,52,3
4561,25,76,45
4562,267,31,50
4563,757,65,42
4564,466,41,36
4565,747,21,32
4566,258,24,52
4567,226,70,61
4568,60,14,24
4569,502,38,5
4570,474,19,23
4571,627,35,10
4572,830,54,19
4573,483,10,38
4574,605,67,20
4575,606,5,45
4576,784,22,51
4577,995,79,6
4578,71,18,61
4579,34,39,10
4580,320,65,20
4581,209,3,30
4582,975,32,56
4583,611,34,47
4584,705,31,7
4585,761,28,29
4586,110,52,1
4587,763,38,9
4588,359,68,8
4589,921,53,30
4590,521,44,26
4591,573,13,55
4592,100,19,40
4593,73,61,25
4594,896,78,53
4595,738,78,35
4596,345,67,62
4597,974,21,56
4598,554,59,16
4599,792,19,28
4600,541,20,33
4601,628,64,50
4602,677,43,26
4603,871,75,44
4604,692,10,12
4605,743,27,10
4606,983,3,21
4607,547,56,29
4608,781,41,36
4609,403,24,41
4610,151,44,50
4611,343,23,18
4612,188,12,37
4613,716,74,32
4614,185,5,53
4615,653,60,37
4616,878,42,12
4617,323,21,39
4618,749,1,61
4619,514,4,24
4620,891,34,18
4621,400,56,7
4622,613,35,40
4623,981,70,32
4624,224,46,5
4625,589,58,12
4626,813,56,22
4627,240,10,34
4628,843,38,36
4629,879,71,44
4630,491,34,23
4631,868,25,62
4632,988,78,21
4633,584,58,51
4634,822,42,4
4635,450,22,17
4636,506,75,33
4637,29,74,10
4638,212,77,37
4639,837,27,21
4640,658,30,3
4641,825,17,34
4642,680,76,4
4643,410,59,8
4644,434,72,17
4645,585,42,18
4646,514,27,44
4647,99,7,39
4648,366,19,44
4649,711,15,56
4650,999,65,28
4651,122,9,47
4652,830,49,52
4653,88,10,19
4654,876,76,38
4655,419,20,55
4656,952,13,14
4657,992,31,61
4658,426,68,40
4659,450,18,47
4660,293,16,63
4661,446,17,45
4662,128,78,51
4663,974,37,40
4664,271,33,55
4665,840,11,41
4666,484,74,10
4667,355,57,55
4668,185,34,59
4669,483,3,54
4670,140,7,60
4671,110,44,18
4672,921,51,22
4673,902,56,10
4674,165,38,49
4675,144,70,32
4676,775,33,33
4677,867,19,34
4678,574,3,8
4679,909,37,63
4680,582,56,61
4681,943,77,33
4682,114,78,19
4683,276,11,9
4684,515,15,17
4685,707,70,21
4686,622,4,8
4687,211,22,54
4688,169,75,31
4689,569,23,40
4690,565,76,62
4691,153,58,31
4692,425,4,58
4693,508,71,61
4694,432,57,20
4695,115,43,46
4696,99,56,55
4697,869,58,56
4698,777,26,38
4699,713,74,55
4700,455,31,36
4701,197,63,39
4702,696,7,17
4703,226,26,53
4704,686,50,30
4705,594,36,59
4706,91,6,39
4707,657,74,6
4708,452,3,54
4709,755,35,62
4710,472,1,30
4711,834,69,18
4712,838,45,58
4713,598,22,37
4714,389,27,25
4715,77,60,41
4716,720,63,36
4717,939,39,23
4718,648,42,48
4719,663,68,17
4720,552,60,34
4721,585,45,28
4722,912,2,31
4723,959,31,37
4724,584,59,42
4725,571,47,3
4726,34,6,24
4727,423,56,35
4728,959,15,27
4729,418,37,36
4730,217,68,53
4731,105,44,48
4732,334,28,57
4733,249,58,33
4734,425,33,26
4735,901,35,4
4736,270,68,21
4737,973,10,52
4738,668,1,39
4739,805,10,33
4740,490,26,31
4741,548,50,61
4742,810,56,16
4743,115,24,14
4744,762,40,28
4745,789,53,15
4746,974,74,13
4747,38,6,60
4748,917,65,49
4749,612,69,23
4750,135,71,4
4751,687,18,19
4752,908,67,34
4753,356,13,14
4754,695,15,61
4755,858,35,22
4756,417,8,28
4757,403,37,35
4758,592,34,16
4759,294,45,58
4760,927,11,7
4761,58,50,39
4762,439,77,15
4763,109,24,49
4764,962,30,47
4765,128,0,36
4766,507,16,16
4767,720,50,6
4768,92,34,59
4769,289,47,22
4770,467,5,52
4771,117,62,54
4772,784,61,22
4773,631,41,36
4774,772,42,44
4775,967,10,11
4776,358,76,13
4777,621,28,58
4778,89,79,21
4779,384,39,11
4780,115,57,47
4781,418,13,6
4782,683,69,33
4783,465,19,34
4784,472,70,20
4785,101,29,54
4786,562,26,27
4787,919,38,30
4788,926,38,33
4789,528,13,51
4790,369,8,15
4791,23,17,55
4792,604,60,21
4793,846,4,49
4794,209,67,63
4795,7,39,45
4796,366,0,29
4797,442,78,30
4798,658,36,51
4799,105,3,24
4800,71,11,30
4801,375,65,57
4802,836,69,35
4803,534,34,44
4804,803,35,55
4805,767,1,52
4806,688,38,39
4807,627,32,30
4808,556,9,18
4809,212,66,22
4810,33,16,54
4811,134,62,28
4812,932,57,17
4813,463,22,49
4814,838,57,32
4815,232,23,47
4816,98,31,21
4817,997,9,42
4818,846,45,11
4819,571,48,22
4820,699,0,60
4821,950,5,17
4822,346,48,4
4823,844,30,45
4824,936,19,57
4825,535,3,43
4826,295,20,44
4827,933,8,27
4828,596,13,18
4829,588,23,1
4830,718,73,1
4831,704,62,45
4832,273,40,61
4833,964,43,22
4834,605,10,30
4835,55,24,15
4836,80,38,26
4837,17,42,35
4838,195,37,12
4839,818,16,29
4840,449,13,48
4841,472,29,55
4842,20,13,14
4843,728,56,2
4844,355,52,6
4845,794,58,55
4846,275,18,4
4847,249,26,2
4848,712,60,22
4849,860,37,13
4850,911,5,59
4851,916,76,26
4852,176,47,60
4853,35,14,35
4854,338,41,58
4855,370,34,57
4856,19,60,13
4857,225,29,28
4858,626,12,6
4859,465,71,23
4860,32,53,14
4861,44,1,46
4862,206,56,33
4863,141,2,34
4864,164,59,8
4865,528,61,44
4866,343,31,30
4867,335,55,51
4868,874,33,17
4869,152,49,61
4870,340,72,25
4871,532,35,14
4872,553,32,22
4873,420,44,60
4874,862,48,3
4875,585,47,44
4876,734,69,49
4877,936,36,19
4878,86,69,19
4879,601,52,3
4880,338,71,50
4881,209,35,28
4882,481,67,20
4883,681,6,28
4884,196,60,18
4885,10,76,47
4886,549,10,49
4887,127,17,29
4888,24,62,15
4889,515,14,14
4890,414,24,46
4891,106,32,62
4892,985,25,41
4893,256,57,17
4894,764,52,18
4895,672,53,55
4896,508,41,42
4897,965,47,9
4898,378,63,4
4899,620,57,45
4900,546,62,59
4901,144,7,11
4902,297,23,35
4903,261,31,30
4904,400,26,50
4905,982,58,38
4906,889,77,33
4907,558,41,20
4908,924,50,16
4909,425,29,36
4910,12,46,21
4911,375,30,20
4912,370,78,58
4913,831,19,26
4914,141,50,16
4915,143,71,40
4916,199,32,21
4917,209,69,3
4918,946,25,14
4919,138,41,3
4920,947,4,46
4921,490,18,63
4922,873,67,48
4923,728,49,44
4924,717,69,62
4925,901,52,58
4926,655,2,24
4927,838,10,1
4928,62,27,55
4929,56,4,5
4930,791,62,17
4931,165,24,21
4932,616,56,29
4933,850,55,10
4934,423,52,52
4935,86,24,21
4936,173,79,11
4937,923,68,55
4938,543,50,48
4939,308,57,62
4940,346,40,8
4941,316,44,31
4942,648,51,22
4943,656,61,38
4944,225,43,40
4945,143,1,41
4946,906,5,18
4947,711,7,54
4948,118,30,22
4949,425,17,63
4950,417,43,50
4951,743,30,32
4952,893,30,5
4953,91,45,13
4954,713,61,38
4955,179,35,10
4956,390,20,53
4957,351,2,63
4958,901,72,37
4959,101,16,27
4960,711,64,38
4961,872,38,21
4962,46,42,58
4963,903,53,50
4964,941,77,6
4965,934,8,38
4966,969,29,40
4967,568,59,20
4968,7,72,36
4969,476,52,5
4970,283,74,50
4971,124,66,54
4972,20,23,47
4973,914,77,48
4974,165,17,31
4975,349,62,32
4976,257,70,29
4977,849,30,35
4978,483,28,41
4979,982,64,3
4980,769,26,45
4981,260,21,25
4982,254,33,37
4983,939,26,22
4984,460,31,55
4985,531,59,42
4986,330,67,60
4987,950,27,31
4988,390,22,19
4989,901,43,55
4990,937,43,42
4991,560,54,15
4992,640,68,58
4993,224,78,39
4994,564,9,4
4995,954,20,21
4996,326,69,3
4997,1000,59,44
4998,897,0,43
4999,22,60,31
5000,851,69,12
5001,18,68,34
5002,998,27,21
5003,164,2,22
5004,724,6,17
5005,547,71,37
5006,981,68,48
5007,635,19,14
5008,357,35,33
5009,980,48,17
5010,191,58,34
5011,52,27,63
5012,880,57,62
5013,576,20,5
5014,782,55,39
5015,606,33,29
5016,281,45,12
5017,138,0,50
5018,774,68,42
5019,282,79,8
5020,211,29,61
5021,848,73,55
5022,106,72,3
5023,623,0,28
5024,270,61,36
5025,668,58,34
5026,416,59,40
5027,193,36,55
5028,701,2,59
5029,484,3,34
5030,916,5,5
5031,551,45,50
5032,53,62,9
5033,476,4,29
5034,927,65,1
5035,537,12,8
5036,148,28,20
5037,796,20,17
5038,117,40,15
5039,465,75,42
5040,173,63,50
5041,135,13,13
5042,697,17,52
5043,444,52,37
5044,303,10,38
5045,56,26,27
5046,955,5,32
5047,985,72,62
5048,283,68,40
5049,624,45,8
5050,288,49,33
5051,189,63,50
5052,528,0,46
5053,408,75,25
5054,453,50,14
5055,283,65,44
5056,565,51,22
5057,68,67,50
5058,630,69,54
5059,305,12,30
5060,575,11,9
5061,708,72,60
5062,606,79,40
5063,673,78,22
5064,32,10,29
5065,313,52,63
5066,700,9,5
5067,44,36,59
5068,492,57,53
5069,809,1,59
5070,163,7,59
5071,375,26,36
5072,282,23,1
5073,229,15,5
5074,363,38,21
5075,340,70,23
5076,861,9,39
5077,234,4,33
5078,145,48,6
5079,526,16,57
5080,1000,51,8
5081,557,57,11
5082,34,18,56
5083,14,78,56
5084,552,72,39
5085,453,51,14
5086,647,32,24
5087,401,17,25
5088,432,41,5
5089,72,47,15
5090,273,46,20
5091,314,2,27
5092,254,67,32
5093,345,32,7
5094,315,55,38
5095,492,68,27
5096,892,74,33
5097,213,66,63
5098,498,17,47
5099,944,48,36
5100,6,33,23
5101,199,58,3
5102,601,71,9
5103,141,47,41
5104,399,34,37
5105,441,37,14
5106,903,48,60
5107,701,60,22
5108,364,30,58
5109,389,53,45
5110,652,18,41
5111,154,8,47
5112,449,48,11
5113,572,60,53
5114,886,58,32
5115,648,18,53
5116,310,73,3
5117,166,13,25
5118,969,17,19
5119,501,77,52
5120,185,0,14
5121,591,25,44
5122,439,74,44
5123,278,5,43
5124,157,42,45
5125,390,2,25
5126,821,31,8
5127,692,29,22
5128,863,29,8
5129,889,1,6
5130,7,25,52
5131,576,55,39
5132,792,5,36
5133,961,43,47
5134,517,39,50
5135,916,29,17
5136,893,1,20
5137,703,52,58
5138,398,66,24
5139,343,74,38
5140,276,1,19
5141,202,56,4
5142,274,39,41
5143,291,79,11
5144,474,28,31
5145,411,23,3
5146,102,67,44
5147,856,9,26
5148,488,38,39
5149,20,12,35
5150,954,40,4
5151,473,41,18
5152,519,74,60
5153,179,5,42
5154,786,30,10
5155,441,32,4
5156,588,13,48
5157,697,20,25
5158,457,67,20
5159,84,39,33
5160,818,32,10
5161,312,56,63
5162,143,54,38
5163,805,65,35
5164,906,50,37
5165,668,2,28
5166,4,62,22
5167,808,38,39
5168,132,46,7
5169,727,42,14
5170,935,19,30
5171,734,10,8
5172,975,24,17
5173,931,68,29
5174,595,14,52
5175,738,33,57
5176,824,36,41
5177,956,43,46
5178,636,47,36
5179,407,53,48
5180,938,59,51
5181,532,73,49
5182,663,7,58
5183,848,49,11
5184,970,76,11
5185,462,53,62
5186,469,28,45
5187,578,63,5
5188,485,50,30
5189,351,57,9
5190,258,74,41
5191,25,5,4
5192,314,67,23
5193,267,26,9
5194,689,27,58
5195,837,9,16
5196,378,69,36
5197,668,47,11
5198,161,11,42
5199,693,41,7
5200,638,51,47
5201,635,75,60
5202,65,60,54
5203,255,46,47
5204,486,7,61
5205,353,35,23
5206,297,5,50
5207,437,32,57
5208,785,64,22
5209,272,68,45
5210,7,17,44
5211,929,52,7
5212,216,68,43
5213,882,42,20
5214,127,39,12
5215,568,23,29
5216,721,79,3
5217,704,76,40
5218,446,60,18
5219,80,3,29
5220,307,42,16
5221,385,10,18
5222,690,57,40
5223,535,58,38
5224,538,25,24
5225,389,64,51
5226,627,56,10
5227,278,40,59
5228,65,45,19
5229,796,36,57
5230,867,22,54
5231,563,38,55
5232,576,47,54
5233,617,13,41
5234,940,31,63
5235,735,11,54
5236,354,37,33
5237,92,66,48
5238,738,50,29
5239,724,37,62
5240,26,63,61
5241,2,17,10
5242,876,32,35
5243,919,0,52
5244,661,12,18
5245,579,26,2
5246,594,51,34
5247,425,54,53
5248,776,31,31
5249,796,75,48
5250,861,12,8
5251,981,14,46
5252,891,41,59
5253,928,72,13
5254,331,4,14
5255,637,54,18
5256,586,47,9
5257,452,71,61
5258,216,38,39
5259,590,74,24
5260,425,6,9
5261,531,18,48
5262,527,68,63
5263,987,28,47
5264,879,38,38
5265,792,67,36
5266,515,12,28
5267,49,56,48
5268,838,71,15
5269,619,13,18
5270,818,77,57
5271,110,40,61
5272,848,46,45
5273,908,64,38
5274,911,62,28
5275,519,5,31
5276,661,79,48
5277,930,48,48
5278,103,45,18
5279,307,55,48
5280,336,73,63
5281,52,62,2
5282,787,70,37
5283,430,9,35
5284,613,31,10
5285,666,29,36
5286,227,41,63
5287,584,51,42
5288,485,65,29
5289,849,43,63
5290,267,59,41
5291,514,22,32
5292,121,48,19
5293,614,29,63
5294,35,73,21
5295,206,59,54
5296,975,37,6
5297,504,20,30
5298,192,16,47
5299,526,64,7
5300,828,2,51
5301,210,67,44
5302,839,27,49
5303,210,72,43
5304,230,26,63
5305,514,64,8
5306,227,30,36
5307,733,5,1
5308,611,37,15
5309,666,74,29
5310,556,61,28
5311,618,23,7
5312,902,21,32
5313,546,63,9
5314,980,12,37
5315,520,45,58
5316,478,63,46
5317,786,76,58
5318,25,38,15
5319,329,15,4
5320,601,2,21
5321,403,11,47
5322,657,64,46
5323,427,50,35
5324,733,61,13
5325,553,60,61
5326,502,10,41
5327,849,27,23
5328,505,51,34
5329,607,51,59
5330,735,11,36
5331,364,46,16
5332,409,62,42
5333,355,40,33
5334,764,52,33
5335,217,45,39
5336,876,18,57
5337,23,18,60
5338,685,2,44
5339,178,8,27
5340,517,14,33
5341,259,50,26
5342,725,58,12
5343,815,12,19
5344,75,7,57
5345,188,23,33
5346,322,11,5
5347,10,65,16
5348,685,69,60
5349,372,78,25
5350,750,27,36
5351,771,77,54
5352,487,1,58
5353,257,55,32
5354,155,49,10
5355,618,77,1
5356,846,70,3
5357,44,72,53
5358,708,76,47
5359,47,39,20
5360,666,60,29
5361,299,71,44
5362,15,37,17
5363,868,5,52
5364,566,79,53
5365,870,57,51
5366,350,14,19
5367,233,18,14
5368,541,37,28
5369,311,75,42
5370,719,60,17
5371,986,71,51
5372,370,45,40
5373,596,72,58
5374,830,37,58
5375,145,59,36
5376,377,0,18
5377,903,65,9
5378,382,77,24
5379,497,27,55
5380,323,57,63
5381,610,34,22
5382,480,4,46
5383,67,31,2
5384,331,12,48
5385,75,76,6
5386,915,44,61
5387,754,19,27
5388,931,40,15
5389,858,8,8
5390,580,42,25
5391,114,44,29
5392,112,3,60
5393,882,22,8
5394,349,72,52
5395,374,26,49
5396,177,53,51
5397,813,6,12
5398,866,49,5
5399,525,26,59
5400,155,77,22
5401,770,70,35
5402,412,61,26
5403,98,15,29
5404,480,3,36
5405,34,16,47
5406,904,65,27
5407,523,69,60
5408,89,15,25
5409,687,11,6
5410,165,5,59
5411,846,6,56
5412,690,18,17
5413,178,27,52
5414,80,66,32
5415,375,19,7
5416,488,75,41
5417,334,37,9
5418,18,38,58
5419,472,36,16
5420,551,41,12
5421,540,46,9
5422,199,15,32
5423,991,65,16
5424,799,56,26
5425,674,30,52
5426,933,29,13
5427,162,42,24
5428,468,60,28
5429,421,51,33
5430,897,73,29
5431,698,12,40
5432,945,50,33
5433,403,73,34
5434,520,63,8
5435,423,56,50
5436,850,20,19
5437,352,21,63
5438,804,48,54
5439,293,20,14
5440,211,76,12
5441,370,45,40
5442,967,30,27
5443,692,64,53
5444,73,15,42
5445,839,29,23
5446,420,79,4
5447,950,62,25
5448,114,65,27
5449,579,30,6
5450,166,40,40
5451,779,42,10
5452,253,0,53
5453,841,11,12
5454,182,44,22
5455,426,74,49
5456,246,5,17
5457,926,74,62
5458,980,68,15
5459,523,78,33
5460,30,43,18
5461,341,22,60
5462,210,26,9
5463,581,58,21
5464,208,79,4
5465,610,24,22
5466,914,29,2
5467,264,66,19
5468,69,46,13
5469,780,0,31
5470,392,29,28
5471,117,1,14
5472,324,43,23
5473,332,55,18
5474,535,55,53
5475,950,56,37
5476,823,9,57
5477,870,25,53
5478,744,53,46
5479,557,64,62
5480,241,8,43
5481,608,4,29
5482,789,0,24
5483,36,43,19
5484,893,17,26
5485,541,78,1
5486,405,60,52
5487,378,2,10
5488,89,57,58
5489,519,5,20
5490,188,5,56
5491,479,52,53
5492,83,40,8
5493,562,27,54
5494,496,71,22
5495,446,43,37
5496,724,47,61
5497,891,64,29
5498,564,65,20
5499,514,63,49
5500,168,42,15
5501,271,32,14
5502,290,66,51
5503,901,27,24
5504,83,3,11
5505,74,0,3
5506,823,43,30
5507,504,45,26
5508,988,0,40
5509,368,73,51
5510,906,41,59
5511,490,71,41
5512,78,72,25
5513,458,12,34
5514,18,46,20
5515,650,79,11
5516,597,13,3
5517,911,68,49
5518,322,55,32
5519,270,15,7
5520,921,32,58
5521,167,1,49
5522,485,70,34
5523,661,8,18
5524,553,65,52
5525,360,26,29
5526,879,14,48
5527,481,45,44
5528,761,38,40
5529,929,60,59
5530,202,12,19
5531,397,18,59
5532,782,14,5
5533,1000,35,28
5534,301,59,25
5535,769,11,8
5536,827,49,34
5537,299,42,14
5538,391,2,30
5539,738,42,59
5540,413,43,23
5541,320,79,43
5542,300,13,31
5543,431,44,13
5544,170,24,22
5545,239,64,11
5546,582,3,51
5547,851,13,19
5548,958,3,28
5549,575,12,42
5550,972,56,3
5551,421,7,30
5552,89,27,47
5553,516,57,22
5554,657,59,34
5555,418,17,5
5556,862,70,28
5557,868,72,22
5558,915,21,30
5559,765,35,25
5560,48,46,3
5561,967,67,43
5562,566,67,11
5563,329,62,37
5564,905,71,23
5565,649,8,52
5566,977,62,7
5567,69,41,46
5568,925,35,51
5569,585,31,57
5570,137,71,51
5571,697,37,57
5572,585,42,52
5573,100,3,4
5574,25,27,47
5575,880,27,19
5576,553,3,47
5577,975,23,58
5578,702,68,5
5579,691,12,45
5580,867,28,25
5581,201,76,10
5582,763,21,29
5583,344,0,62
5584,459,56,9
5585,766,56,23
5586,33,0,45
5587,474,54,43
5588,956,68,35
5589,393,30,47
5590,902,8,44
5591,234,48,20
5592,4,42,22
5593,128,57,56
5594,935,28,31
5595,329,25,34
5596,662,9,53
5597,558,42,30
5598,790,37,9
5599,930,61,37
5600,562,3,46
5601,174,28,19
5602,463,31,14
5603,12,38,19
5604,626,52,35
5605,977,52,43
5606,295,65,63
5607,486,15,13
5608,171,4,9
5609,756,54,58
5610,931,15,12
5611,266,29,21
5612,961,11,31
5613,779,14,1
5614,415,72,61
5615,30,0,24
5616,391,46,38
5617,880,51,20
5618,324,21,10
5619,676,56,45
5620,330,58,41
5621,187,35,42
5622,185,36,1
5623,974,54,2
5624,681,68,36
5625,241,10,9
5626,686,32,16
5627,676,31,43
5628,121,66,62
5629,810,14,10
5630,26,63,51
5631,977,42,39
5632,189,26,55
5633,124,79,49
5634,145,79,36
5635,879,32,50
5636,4,37,9
5637,464,32,37
5638,448,32,19
5639,125,73,24
5640,250,18,44
5641,754,26,28
5642,254,14,58
5643,709,9,34
5644,251,74,23
5645,294,72,17
5646,866,35,43
5647,711,11,6
5648,411,50,51
5649,937,14,62
5650,318,23,15
5651,882,9,17
5652,168,22,42
5653,712,2,25
5654,135,5,27
5655,469,18,25
5656,308,35,21
5657,631,57,31
5658,171,67,36
5659,342,4,30
5660,307,41,23
5661,443,2,1
5662,77,41,3
5663,693,24,16
5664,471,30,28
5665,555,58,7
5666,119,77,5
5667,223,28,27
5668,977,70,46
5669,534,11,18
5670,664,70,24
5671,322,24,48
5672,557,60,48
5673,326,64,20
5674,338,47,58
5675,546,1,56
5676,245,32,32
5677,947,46,25
5678,418,22,41
5679,69,27,4
5680,132,43,35
5681,628,44,26
5682,438,41,52
5683,81,38,31
5684,916,7,43
5685,133,33,55
5686,849,37,23
5687,74,55,32
5688,87,64,48
5689,762,53,42
5690,88,56,43
5691,725,36,8
5692,817,25,1
5693,90,66,22
5694,939,53,23
5695,835,66,28
5696,684,66,44
5697,606,19,10
5698,173,17,15
5699,67,18,38
5700,117,65,33
5701,41,21,24
5702,162,38,52
5703,684,47,41
5704,285,17,8
5705,653,43,9
5706,38,46,37
5707,980,43,56
5708,129,48,29
5709,254,34,55
5710,73,62,11
5711,772,63,59
5712,627,16,32
5713,427,60,43
5714,958,24,59
5715,782,28,57
5716,384,57,26
5717,964,36,55
5718,243,36,46
5719,11,9,46
5720,29,73,33
5721,32,44,46
5722,97,70,29
5723,392,49,44
5724,654,78,53
5725,525,19,9
5726,487,2,4
5727,928,77,16
5728,804,39,56
5729,936,1,11
5730,94,29,39
5731,395,60,52
5732,231,69,2
5733,412,60,5
5734,324,66,38
5735,253,70,43
5736,201,37,30
5737,855,76,33
5738,248,39,44
5739,806,6,22
5740,485,11,23
5741,357,6,58
5742,546,36,58
5743,678,39,50
5744,178,75,16
5745,709,7,12
5746,698,39,28
5747,882,53,27
5748,222,21,63
5749,314,58,55
5750,518,62,44
5751,512,58,61
5752,678,76,27
5753,113,73,28
5754,912,50,46
5755,26,70,5
5756,682,8,40
5757,15,41,25
5758,656,54,40
5759,408,39,14
5760,558,77,16
5761,199,68,24
5762,727,57,23
5763,723,1,13
5764,246,72,59
5765,677,17,11
5766,266,18,34
5767,863,64,32
5768,378,71,39
5769,353,78,31
5770,299,27,32
5771,346,58,61
5772,204,64,49
5773,770,18,55
5774,17,55,63
5775,827,11,25
5776,259,37,13
5777,11,11,56
5778,964,68,48
5779,43,53,59
5780,562,23,7
5781,390,8,2
5782,38,4,39
5783,183,53,18
5784,289,22,26
5785,620,40,48
5786,848,50,21
5787,358,60,47
5788,813,15,23
5789,220,49,53
5790,337,43,18
5791,721,24,3
5792,276,62,24
5793,726,36,42
5794,443,77,7
5795,727,16,36
5796,254,15,15
5797,291,12,36
5798,51,25,6
5799,559,44,21
5800,873,20,51
5801,289,12,58
5802,506,47,44
5803,79,13,51
5804,426,7,10
5805,266,5,45
5806,427,50,52
5807,869,20,43
5808,252,22,7
5809,889,61,58
5810,880,45,59
5811,82,45,19
5812,941,71,62
5813,493,61,35
5814,274,6,20
5815,220,24,40
5816,302,42,13
5817,71,30,23
5818,533,1,53
5819,499,2,59
5820,542,1,31
5821,644,75,47
5822,879,7,45
5823,522,51,48
5824,1,5,31
5825,56,24,63
5826,467,78,55
5827,489,68,20
5828,116,72,53
5829,693,51,37
5830,483,32,53
5831,710,67,20
5832,662,26,63
5833,198,19,32
5834,43,59,41
5835,678,26,34
5836,18,53,56
5837,191,13,28
5838,363,8,57
5839,841,12,22
5840,808,54,40
5841,849,35,43
5842,45,17,54
5843,40,54,2
5844,327,48,52
5845,178,37,27
5846,814,46,35
5847,888,37,19
5848,175,71,2
5849,502,71,38
5850,72,39,55
5851,426,39,20
5852,207,36,43
5853,295,35,37
5854,913,41,49
5855,63,11,46
5856,800,64,27
5857,941,24,45
5858,328,38,54
5859,724,19,43
5860,524,50,49
5861,210,35,59
5862,492,41,28
5863,383,47,16
5864,728,72,53
5865,625,46,53
5866,48,77,47
5867,69,10,28
5868,175,17,22
5869,784,12,20
5870,737,7,43
5871,489,57,2
5872,593,20,2
5873,92,43,35
5874,27,2,34
5875,428,27,52
5876,767,26,52
5877,915,14,2
5878,55,60,44
5879,65,43,57
5880,94,20,7
5881,565,60,17
5882,903,12,39
5883,315,24,49
5884,446,2,20
5885,209,69,3
5886,370,28,39
5887,377,22,28
5888,226,77,12
5889,893,21,43
5890,804,67,36
5891,482,71,37
5892,490,6,45
5893,318,72,17
5894,349,77,33
5895,14,77,19
5896,939,6,22
5897,169,55,29
5898,774,72,1
5899,278,76,22
5900,818,79,45
5901,778,73,53
5902,351,34,42
5903,128,31,17
5904,849,11,8
5905,892,56,48
5906,37,34,2
5907,50,3,40
5908,198,8,39
5909,534,45,40
5910,124,63,36
5911,61,32,35
5912,262,14,49
5913,628,21,51
5914,179,61,28
5915,358,73,61
5916,375,61,23
5917,950,23,19
5918,812,12,5
5919,186,25,60
5920,317,21,32
5921,360,1,15
5922,147,22,51
5923,817,42,54
5924,389,52,40
5925,565,49,40
5926,5,15,9
5927,351,4,28
5928,773,7,1
5929,42,33,51
5930,437,29,9
5931,127,60,45
5932,890,7,20
5933,427,63,37
5934,217,3,50
5935,109,47,62
5936,994,43,59
5937,613,74,42
5938,14,78,46
5939,748,79,43
5940,699,28,13
5941,343,66,52
5942,388,67,2
5943,96,13,42
5944,150,22,27
5945,376,10,51
5946,484,36,46
5947,847,48,34
5948,766,53,33
5949,701,32,48
5950,893,42,7
5951,603,24,6
5952,245,12,59
5953,614,59,25
5954,878,49,22
5955,777,16,22
5956,524,59,2
5957,827,65,30
5958,35,71,9
5959,570,3,2
5960,176,56,57
5961,290,50,56
5962,742,46,44
5963,70,19,34
5964,756,48,2
5965,663,56,58
5966,901,12,6
5967,167,38,36
5968,73,32,56
5969,281,73,48
5970,593,48,55
5971,707,49,26
5972,966,31,8
5973,109,12,2
5974,232,7,47
5975,835,70,44
5976,647,2,40
5977,799,1,16
5978,488,33,7
5979,128,25,41
5980,475,57,41
5981,719,44,9
5982,812,41,16
5983,704,30,53
5984,6,21,18
5985,949,47,57
5986,956,14,2
5987,607,12,38
5988,376,59,9
5989,649,18,44
5990,996,4,18
5991,944,42,49
5992,781,6,3
5993,601,21,48
5994,473,26,26
5995,153,6,2
5996,7,1,34
5997,584,7,61
5998,401,14,55
5999,884,23,6
