3188,3,0
1664,3,0
5615,3,0
1557,3,0
5586,3,0
280,3,0
5505,3,0
3221,3,0
713,3,0
397,3,0
3266,3,0
4414,3,0
4765,3,0
5017,3,0
3933,3,0
3530,3,0
2401,3,0
5120,3,0
1082,3,0
3959,3,0
2904,3,0
1273,3,0
2141,3,0
5452,3,0
754,1,0
4183,1,0
2698,1,0
148,1,0
5583,1,0
3070,1,0
4796,1,0
3144,1,0
5376,1,0
3858,1,0
2363,1,0
4537,8,0
3669,8,0
3679,8,0
813,8,0
2901,8,0
5052,8,0
4351,8,0
3185,8,0
2032,0,0
1176,0,0
4422,0,0
185,0,0
3183,0,0
4365,0,0
3567,0,0
5023,0,0
3727,7,0
2418,7,0
1720,7,0
4210,7,0
4820,7,0
2116,7,0
2159,7,0
4348,7,0
1570,7,0
1220,10,0
2153,10,0
5469,10,0
263,10,0
5482,10,0
4279,10,0
1118,10,0
782,10,0
4120,5,0
1449,5,0
4425,5,0
742,5,0
1124,5,0
4998,5,0
5243,5,0
432,5,0
2383,5,0
4346,2,0
1872,2,0
4278,2,0
5508,2,0
5996,3,1
1192,3,1
2421,3,1
4861,8,1
4394,8,1
242,0,1
2001,0,1
5471,0,1
4945,1,1
1863,1,1
5521,1,1
159,7,1
1671,7,1
1767,7,1
4280,10,1
2693,10,1
1520,10,1
5140,5,1
1679,5,1
2524,5,1
2382,2,1
3769,2,1
4472,2,1
5921,2,1
613,2,1
3091,2,1
4342,2,1
2992,2,1
4710,2,1
2103,2,1
1942,2,1
5352,2,1
1935,2,1
2855,2,1
2138,4,1
5818,4,1
1943,4,1
1140,4,1
1995,4,1
5820,4,1
5675,4,1
2425,4,1
2655,4,1
1908,4,1
4738,4,1
2509,4,1
2300,4,1
2634,4,1
2728,4,1
5763,4,1
3569,6,1
4618,6,1
4805,6,1
531,6,1
1651,6,1
1358,6,1
5977,6,1
1961,6,1
5069,6,1
4093,6,1
3136,6,1
4382,6,1
5129,9,1
5136,9,1
4557,9,1
5729,9,1
3801,9,1
123,9,1
4380,9,1
1515,9,1
1686,10,2
2298,3,2
2720,7,2
5874,7,2
352,8,2
4442,5,2
4559,4,2
3036,4,2
3633,1,2
3018,1,2
4291,2,2
624,6,2
4062,6,2
3062,6,2
4863,9,2
5003,9,2
1109,9,2
3506,9,2
3130,9,2
2574,9,2
2187,9,2
3377,9,2
5091,9,2
2188,9,2
2266,11,2
4957,11,2
3548,11,2
2338,11,2
5487,11,2
2482,11,2
5125,11,2
5538,11,2
3641,11,2
796,11,2
5661,11,2
5884,11,2
4489,11,2
1932,11,2
2158,11,2
5726,11,2
414,11,2
5819,11,2
4072,11,2
1058,11,2
3763,11,2
1065,11,2
5320,11,2
254,11,2
231,11,2
2196,7,3
5976,10,3
4926,11,3
820,4,3
235,8,3
942,8,3
5907,7,3
208,3,3
5219,6,3
5504,2,3
4063,10,3
130,10,3
5573,11,3
4799,11,3
5392,9,3
1016,1,4
4454,1,4
375,10,4
4581,10,4
5934,10,4
3956,3,4
408,5,4
188,9,4
5782,9,4
2945,10,4
4929,10,4
1739,10,4
2777,11,5
2784,11,5
2566,11,5
5608,11,5
1181,11,5
5824,0,5
4531,4,5
5191,2,5
2708,11,6
3721,11,6
5654,11,6
1779,11,6
3169,11,6
5410,11,6
4726,9,6
4747,10,6
931,3,6
2986,11,6
4706,0,6
691,1,6
3134,2,6
4248,3,6
2075,4,6
2961,5,6
5995,6,6
2828,7,6
3684,8,6
5153,9,6
1359,10,6
4614,11,6
5490,0,6
1869,1,6
3990,2,6
1444,3,6
539,4,6
639,5,6
3487,6,6
2311,7,6
2745,8,6
5077,9,6
1925,10,6
1539,11,6
2414,0,6
5456,1,6
4337,2,6
1304,3,6
3618,4,6
1934,5,6
3818,6,6
3677,7,6
1914,8,6
3110,9,6
4390,10,6
5805,11,6
5814,0,6
4096,1,6
1006,2,6
3729,3,6
2749,4,6
5123,5,6
1928,6,6
4257,7,6
1384,8,6
2780,9,6
3035,10,6
3870,11,6
3268,0,6
5206,1,6
2997,2,6
1746,3,6
42,4,6
4144,10,7
3528,6,7
4415,1,7
2818,7,7
567,0,7
1481,5,7
4140,11,7
5344,3,7
2994,9,7
4148,9,7
4647,5,7
2216,5,7
4670,9,7
4901,0,7
5070,5,7
3844,9,7
3755,0,7
1194,5,7
3047,9,7
4228,0,7
2256,1,7
5974,3,7
2047,5,7
4018,6,7
786,7,7
2306,8,7
1424,9,7
2225,10,7
3300,11,7
1740,0,7
3008,1,7
3424,2,7
257,3,7
4088,4,7
2147,5,7
5254,6,7
1751,7,7
2557,8,7
5659,9,7
2073,10,7
5927,11,7
1909,0,7
3749,1,7
5741,2,7
1469,3,7
1025,4,7
3166,5,7
4089,6,7
1997,7,7
329,8,7
4538,9,7
508,10,7
585,11,7
4188,0,7
979,1,7
1237,2,7
695,3,7
162,4,7
1139,5,7
2005,6,7
4097,7,7
5260,8,7
5551,9,7
5804,10,7
2278,11,7
4393,0,7
4157,1,7
4692,2,7
605,3,7
1944,4,7
1364,5,7
4242,6,7
616,7,7
2041,8,7
2078,9,7
463,10,7
2632,11,7
3610,0,7
4708,1,7
1898,2,7
2678,3,7
2392,4,7
4250,5,7
2810,11,8
4496,3,8
164,3,8
404,10,8
1044,10,8
383,10,8
515,10,8
596,10,8
481,10,8
5111,6,8
2567,7,8
5339,8,8
5908,9,8
5480,10,8
2447,11,8
128,0,8
1274,1,8
4001,2,8
1847,3,8
4193,4,8
3761,5,8
3249,6,8
5838,7,8
2390,8,8
4790,9,8
1247,10,8
3262,11,8
5781,0,8
1624,1,8
4756,2,8
2247,3,8
3484,4,8
3873,5,8
1298,6,8
136,7,8
3319,8,8
4770,9,8
274,10,8
426,11,8
1097,0,8
5033,1,8
78,2,8
4104,3,8
3771,4,8
5404,5,8
2941,6,8
5382,7,8
5029,8,8
3833,9,8
4669,10,8
5204,11,8
5892,0,8
1158,1,8
3486,2,8
2067,3,8
3556,4,8
1881,5,8
3522,6,8
1458,7,8
2406,8,8
4619,9,8
5489,10,8
5275,11,8
2644,0,8
2160,1,8
4012,2,8
2537,3,8
3770,4,8
5719,6,9
3409,10,9
2703,11,9
294,1,9
1587,1,9
4651,1,9
433,3,9
1167,5,9
4036,6,9
712,7,9
993,8,9
722,9,9
2590,10,9
1809,11,9
3189,0,9
292,1,9
2734,2,9
3511,3,9
2318,4,9
1639,5,9
5283,6,9
2735,7,9
1999,8,9
113,9,9
491,10,9
4825,11,9
4293,0,9
3914,1,9
627,2,9
106,3,9
3048,4,9
4808,5,9
411,6,9
5576,7,9
4994,8,9
3023,9,9
651,10,9
5959,11,9
3533,0,9
5600,1,9
3205,2,9
1184,3,9
3951,4,9
4678,5,9
881,6,9
1749,7,9
4526,8,9
2150,9,9
2226,10,9
1646,11,9
1183,0,9
1454,1,9
5546,2,9
2939,3,9
1864,4,9
5997,5,9
1529,6,9
4404,7,9
2913,8,9
3001,9,9
155,10,9
1630,11,9
857,0,9
5481,1,9
2333,2,9
4575,3,9
77,4,9
494,5,9
4517,6,9
2051,7,9
1279,8,9
4357,1,10
2645,2,10
5064,0,10
924,11,10
5867,3,10
2603,3,10
4653,4,10
3926,4,10
811,4,10
4007,4,10
4627,7,10
5625,4,10
3778,7,10
1094,4,10
3151,7,10
5044,9,10
2211,10,10
3214,11,10
2960,0,10
844,1,10
2807,2,10
5945,3,10
5221,4,10
3783,5,10
2658,6,10
3236,7,10
4573,8,10
1066,9,10
5326,10,10
2245,11,10
1206,0,10
4886,1,10
3535,2,10
376,3,10
4834,4,10
415,5,10
2789,6,10
4686,7,10
2438,8,10
2631,9,10
3451,10,10
4464,11,10
2027,0,10
552,1,10
3077,2,10
1821,3,10
940,4,10
1040,5,10
4552,6,10
1055,7,10
1431,8,10
2440,9,10
1467,10,10
801,11,10
1280,0,10
5565,1,10
3285,2,10
2599,3,10
1723,4,10
1050,5,10
5523,6,10
69,7,10
1073,8,10
4457,9,10
5596,10,10
4392,11,10
2748,0,10
5165,1,10
5182,2,10
5777,3,11
3678,9,11
929,4,11
2254,1,11
3385,1,11
5855,10,11
4800,10,11
779,3,11
3921,4,11
3716,5,11
4169,6,11
5198,7,11
4190,8,11
1198,9,11
688,10,11
4683,11,11
889,0,11
5346,1,11
326,2,11
3631,3,11
2127,4,11
4168,5,11
2244,6,11
4225,7,11
2013,8,11
1991,9,11
1960,10,11
5321,11,11
948,0,11
1205,1,11
3020,2,11
2480,3,11
410,4,11
2499,5,11
5740,6,11
2679,7,11
3442,8,11
5669,9,11
4191,10,11
2174,11,11
5060,0,11
1242,1,11
412,2,11
1048,3,11
2133,4,11
2169,5,11
1678,6,11
3594,7,11
2286,8,11
3491,9,11
3071,10,11
2309,11,11
213,0,11
4359,1,11
3638,2,11
4021,3,11
3014,4,11
4883,5,11
2442,6,11
5409,7,11
3081,8,11
3615,9,11
5756,10,11
777,11,11
5338,0,11
1239,1,11
4604,2,11
971,3,11
4702,4,11
5066,5,11
1866,6,11
706,7,11
2965,8,11
1994,9,11
2689,10,11
3365,11,11
5307,0,11
2534,0,11
1484,1,12
5149,5,12
2838,8,12
1171,8,12
1583,7,12
3599,7,12
1491,9,12
2959,10,12
3777,10,12
3247,11,12
5973,11,12
4025,2,12
2497,2,12
954,2,12
3030,2,12
1414,2,12
662,9,12
939,2,12
4189,7,12
4612,9,12
5530,11,12
4034,2,12
3759,7,12
5952,8,12
3966,9,12
2305,10,12
5801,11,12
54,2,12
5797,7,12
806,8,12
5059,9,12
1270,10,12
5384,11,12
5928,0,12
4927,0,12
224,0,12
1347,0,12
117,0,12
1987,0,12
5992,0,12
1876,0,12
2674,0,12
3496,0,12
3215,0,12
2559,0,12
2875,0,12
5030,0,12
1984,0,12
1105,0,12
5647,0,12
907,0,12
4024,0,12
4858,0,12
4098,0,12
3499,0,12
4372,0,12
3340,0,12
2085,0,12
4230,0,12
1915,0,12
958,0,12
4760,0,12
3058,0,12
2287,0,12
5918,0,12
5035,0,12
5171,0,12
5535,0,12
4521,0,12
1542,0,12
5904,0,12
5389,0,12
5250,0,12
2934,0,12
1842,0,12
5966,0,12
2626,0,12
3352,0,12
3881,0,12
4213,0,12
1755,0,12
2063,0,12
3566,0,12
2351,0,13
1063,3,13
4842,10,13
973,9,13
2919,8,13
22,7,13
5803,7,13
545,11,13
5943,11,13
2984,2,13
5041,2,13
5117,2,13
1333,2,13
369,4,13
5837,11,13
3237,0,13
2504,0,13
4775,0,13
2835,0,13
5745,0,13
661,0,13
5397,0,13
5453,0,13
1218,0,13
2885,0,13
4340,0,13
4118,0,13
2711,0,13
3919,0,13
966,0,13
4753,0,13
4781,0,13
3088,0,13
1231,0,13
3991,0,13
850,0,13
3760,0,13
296,0,13
3384,0,13
2239,0,13
2046,0,13
1785,0,13
2508,0,13
3149,0,13
5195,0,13
2755,0,13
2022,0,13
2677,0,13
2890,0,13
1660,0,13
2759,0,13
5516,0,13
1893,0,13
3419,0,13
2893,0,13
5004,0,13
3575,0,13
5651,0,13
4821,0,13
2115,0,13
4828,0,13
5269,0,13
5244,0,13
4081,0,13
2948,0,13
1243,0,13
3450,0,13
4946,0,13
5990,0,13
1413,0,13
700,0,13
4656,0,13
1745,0,13
5343,0,13
5547,0,13
4509,7,14
4853,4,14
4568,6,14
4396,6,14
2097,7,14
4247,2,14
45,3,14
860,1,14
669,4,14
1681,4,14
321,7,14
2819,10,14
5642,11,14
4156,0,14
237,0,14
1234,0,14
5869,0,14
5366,0,14
3422,0,14
2849,0,14
3407,0,14
1655,0,14
5932,0,14
4501,0,14
4889,0,14
4177,0,14
1426,0,14
4264,0,14
1634,0,14
1300,0,14
1168,0,14
2045,0,14
1146,0,14
4477,0,14
1258,0,14
3397,0,14
4478,0,14
3949,0,14
2201,0,14
4606,0,14
683,0,14
792,0,14
3217,0,14
3230,0,14
5613,0,14
5739,0,14
5532,0,14
276,0,14
5629,0,14
3398,0,14
1895,0,14
5839,0,14
5896,0,14
551,0,14
5877,0,14
3026,0,14
2463,0,14
3776,0,14
5986,0,14
2455,0,14
2811,0,14
3537,0,14
836,0,14
2851,0,14
3863,0,14
5926,4,15
3906,8,15
3248,7,15
5444,0,15
2594,3,15
1979,3,15
2968,5,15
5408,5,15
2435,5,15
5403,5,15
2569,5,15
4512,0,15
3795,0,15
1447,0,15
626,0,15
5073,0,15
3787,0,15
1901,0,15
5796,0,15
5653,0,15
5519,0,15
3646,0,15
2823,0,15
2466,0,15
4360,0,15
3379,0,15
5319,0,15
4037,0,15
764,0,15
3471,0,15
1335,0,15
5775,0,15
572,0,15
2202,0,15
3061,0,15
5607,0,15
5147,0,15
4684,0,15
1327,0,15
607,0,15
3179,0,15
403,0,15
3295,0,15
195,0,15
3271,0,15
1057,0,15
518,0,15
673,0,15
1193,0,15
3683,0,15
3613,0,15
5788,0,15
4139,0,15
1609,0,15
3699,0,15
3461,0,15
386,0,15
4827,0,15
5266,0,15
334,0,15
5610,0,15
4274,0,15
4728,0,15
1028,0,15
1692,5,16
5422,7,16
1742,2,16
4492,9,16
2340,5,16
1108,11,16
4810,1,16
5405,4,16
896,3,16
4403,2,16
2179,0,16
2671,0,16
4959,0,16
2922,0,16
3543,0,16
2896,0,16
363,0,16
4142,0,16
4099,0,16
5548,0,16
3562,0,16
1879,0,16
533,0,16
3224,0,16
1438,0,16
1241,0,16
4086,0,16
1787,0,16
1804,0,16
1806,0,16
2076,0,16
2102,0,16
2820,0,16
4766,0,16
1027,0,16
3440,0,16
1263,0,16
1332,0,16
2024,0,16
2477,0,16
1493,0,16
731,0,16
3301,0,16
2910,0,16
2033,0,16
3854,0,16
4497,0,16
2364,0,16
1246,0,16
3658,0,16
3113,0,16
3501,0,16
1707,0,16
5955,0,16
1203,0,16
5542,0,16
4524,0,16
4839,0,16
3308,0,16
4317,0,16
3353,0,16
4722,0,16
2564,0,16
3460,0,16
438,6,17
923,7,17
5241,10,17
5210,8,17
4791,11,17
3579,4,17
2848,2,17
5842,3,17
4254,6,17
1256,7,17
3676,7,17
2394,6,17
1531,6,17
4887,6,17
2652,11,17
5698,0,17
1086,0,17
5868,0,17
3194,0,17
5704,0,17
2565,0,17
3321,0,17
3952,0,17
4171,0,17
2444,0,17
4974,0,17
5612,0,17
5087,0,17
1490,0,17
5555,0,17
1148,0,17
3595,0,17
5712,0,17
3131,0,17
3907,0,17
5046,0,17
947,0,17
2571,0,17
5340,0,17
2185,0,17
30,0,17
1391,0,17
3318,0,17
3474,0,17
1401,0,17
2371,0,17
3260,0,17
5765,0,17
4739,0,17
349,0,17
2472,0,17
1599,0,17
2970,0,17
1456,0,17
1485,0,17
2721,0,17
735,0,17
1653,0,17
2687,0,17
4429,0,17
1802,0,17
3564,0,17
5484,0,17
1285,0,17
1891,0,17
4377,0,17
3481,0,17
2313,0,17
3432,0,17
5118,0,17
4439,0,17
442,1,18
5298,7,18
668,9,18
5337,5,18
5082,7,18
3911,7,18
3817,9,18
5699,9,18
57,1,18
3253,9,18
833,0,18
1576,0,18
3220,0,18
1354,0,18
5513,0,18
4498,0,18
1561,0,18
1091,0,18
5367,0,18
5643,0,18
3097,0,18
1457,0,18
934,0,18
4641,0,18
969,0,18
5766,0,18
3939,0,18
4846,0,18
678,0,18
1005,0,18
3469,0,18
3509,0,18
3765,0,18
470,0,18
2606,0,18
502,0,18
4069,0,18
897,0,18
520,0,18
3265,0,18
1387,0,18
893,0,18
2031,0,18
4554,0,18
1100,0,18
5655,0,18
344,0,18
733,0,18
1577,0,18
1562,0,18
3574,0,18
1667,0,18
31,0,18
0,0,18
5795,0,18
2290,0,18
44,0,18
2641,0,18
5330,0,18
2999,0,18
5132,0,18
1077,0,18
2830,0,18
1967,0,18
3505,0,18
178,0,18
3918,0,18
2605,0,18
4751,0,18
5412,0,18
1046,0,18
2053,0,18
3550,0,18
1735,0,18
4251,0,18
1299,0,18
2727,0,18
1797,0,18
4079,0,18
3072,0,18
94,0,18
3059,0,18
1410,0,18
333,0,18
1817,0,18
5314,0,18
219,0,18
1598,0,18
4578,6,19
2927,6,19
2615,8,19
3335,8,19
1276,4,19
1855,0,19
4535,8,19
16,7,19
3441,9,19
4331,4,19
2168,4,19
894,3,19
5963,8,19
3339,0,19
3832,0,19
2019,0,19
5833,0,19
3725,0,19
3399,0,19
3498,0,19
2170,0,19
927,0,19
4364,0,19
5987,0,19
1010,0,19
315,0,19
4470,0,19
877,0,19
5415,0,19
3423,0,19
4783,0,19
851,0,19
4570,0,19
2979,0,19
4965,0,19
248,0,19
3105,0,19
5725,0,19
365,0,19
4207,0,19
186,0,19
1317,0,19
1506,0,19
5697,0,19
2186,0,19
4551,0,19
675,0,19
5007,0,19
5076,0,19
2416,0,19
353,0,19
4543,0,19
5882,0,19
741,0,19
4469,0,19
738,0,19
472,0,19
4032,0,19
5387,0,19
1341,0,19
4599,0,19
3306,0,19
1573,0,19
488,0,19
4913,0,19
1527,0,19
4677,0,19
1488,0,19
4592,0,19
1558,0,19
5170,0,19
2336,0,19
2963,0,19
2048,0,19
330,0,19
829,0,19
634,0,19
2649,3,20
1593,3,20
4202,5,20
3908,10,20
1828,11,20
812,4,20
337,9,20
757,3,20
715,5,20
2062,5,20
5880,0,20
4186,0,20
5439,0,20
4453,0,20
1252,0,20
3327,0,20
591,0,20
1600,0,20
1538,0,20
5431,0,20
2822,0,20
2967,0,20
2517,0,20
2787,0,20
3111,0,20
5297,0,20
3766,0,20
4600,0,20
3849,0,20
2743,0,20
309,0,20
5013,0,20
1972,0,20
5872,0,20
5233,0,20
4147,0,20
3722,0,20
3007,0,20
5157,0,20
5110,0,20
1041,0,20
391,0,20
28,0,20
3845,0,20
1945,0,20
5037,0,20
2586,0,20
618,0,20
3970,0,20
730,0,20
4665,0,20
5436,0,20
4491,0,20
775,0,20
5549,0,20
2393,0,20
878,0,20
4995,0,20
1368,0,20
1826,0,20
83,0,20
2297,0,20
3785,0,20
1571,4,21
5984,0,21
1480,1,21
4003,11,21
417,2,21
5701,7,21
3775,5,21
4508,9,21
104,9,21
4065,2,21
3565,4,21
603,9,21
275,11,21
752,0,21
3242,0,21
450,0,21
3973,0,21
3758,0,21
4981,0,21
544,0,21
4817,0,21
4345,0,21
424,0,21
1155,0,21
5920,0,21
4617,0,21
5618,0,21
4046,0,21
3173,0,21
707,0,21
2790,0,21
1812,0,21
3211,0,21
5859,0,21
4493,0,21
1737,0,21
3708,0,21
2171,0,21
2218,0,21
1638,0,21
483,0,21
5870,0,21
2054,0,21
3125,0,21
2850,0,21
2402,0,21
1814,0,21
1482,0,21
987,0,21
1389,0,21
2177,0,21
193,0,21
705,0,21
3485,0,21
1813,0,21
5807,0,21
1919,0,21
1428,0,21
865,0,21
3240,0,21
3168,0,21
4565,0,21
5582,0,21
2396,0,21
1070,0,21
619,0,21
2079,0,21
1650,0,21
247,0,21
2681,0,21
2273,0,21
5889,0,21
2072,0,21
5312,0,21
5558,0,21
3402,0,21
5684,0,21
3960,0,21
1810,0,21
1499,0,21
5640,0,21
1113,11,22
5748,10,22
3639,9,22
4095,11,22
191,2,22
2203,3,22
3489,4,22
1310,9,22
522,0,22
4417,8,22
2550,0,22
711,9,22
5944,0,22
5922,8,22
2676,9,22
5652,11,22
2776,0,22
3799,0,22
3326,0,22
5808,0,22
1641,0,22
1195,0,22
5784,0,22
4826,0,22
1309,0,22
4648,0,22
3697,0,22
1969,0,22
1534,0,22
3102,0,22
5989,0,22
1762,0,22
5887,0,22
2840,0,22
1748,0,22
1128,0,22
4988,0,22
3204,0,22
5678,0,22
3525,0,22
1618,0,22
4635,0,22
3293,0,22
1267,0,22
1259,0,22
5291,0,22
4275,0,22
2189,0,22
1843,0,22
4713,0,22
2232,0,22
2668,0,22
4245,0,22
1615,0,22
1352,0,22
3898,0,22
1227,0,22
1160,0,22
5590,0,22
884,0,22
3981,0,22
2836,0,22
5393,0,22
4445,0,22
714,0,22
920,0,22
2485,0,22
866,0,22
3740,0,22
4661,0,22
1052,11,23
4687,9,23
4972,5,23
2523,0,23
2332,8,23
2815,11,23
109,10,23
4005,9,23
2856,11,23
1127,9,23
5345,11,23
1343,0,23
4201,0,23
297,0,23
5579,0,23
5072,0,23
2742,0,23
4902,0,23
1592,0,23
5650,0,23
3267,0,23
3636,0,23
1433,0,23
5822,0,23
4611,0,23
5145,0,23
3586,0,23
3977,0,23
3292,0,23
2327,0,23
4389,0,23
3357,0,23
53,0,23
484,0,23
4397,0,23
915,0,23
5780,0,23
501,0,23
5215,0,23
4689,0,23
1744,0,23
4829,0,23
3685,0,23
3798,0,23
1386,0,23
5311,0,23
4117,0,23
4447,0,23
2712,0,23
838,0,23
2775,0,23
4474,0,23
1131,0,23
633,0,23
2252,0,23
1698,0,23
2659,0,23
2798,0,23
580,0,23
5999,0,23
3475,0,23
5917,0,23
2439,0,23
2733,0,23
2098,0,23
52,0,23
1578,0,23
496,0,23
1798,10,24
4114,9,24
4815,9,24
1003,11,24
4835,1,24
5825,3,24
3482,7,24
2335,8,24
622,10,24
4935,10,24
4743,10,24
898,0,24
1089,0,24
2617,0,24
3893,0,24
227,0,24
4931,0,24
5544,0,24
2326,0,24
5815,0,24
4028,0,24
2114,0,24
2528,0,24
2738,0,24
3905,0,24
1757,0,24
1008,0,24
1308,0,24
4164,0,24
4920,0,24
2831,0,24
3782,0,24
4530,0,24
446,0,24
1177,0,24
5251,0,24
4609,0,24
4890,0,24
3085,0,24
4499,0,24
901,0,24
3231,0,24
2500,0,24
1627,0,24
3241,0,24
133,0,24
5951,0,24
2020,0,24
5465,0,24
774,0,24
1257,0,24
3792,0,24
2925,0,24
821,0,24
1659,0,24
5663,0,24
3444,0,24
5791,0,24
4659,0,24
378,0,24
1676,0,24
5098,0,24
303,0,24
1470,0,24
4321,0,24
1362,0,24
3735,0,24
2858,0,24
5857,0,24
4071,0,24
5172,0,24
672,0,24
4763,10,25
3596,7,25
1518,6,25
3138,2,25
5130,11,25
1141,5,25
5798,6,25
755,6,25
2522,7,25
750,10,25
1208,2,25
3290,6,25
1897,6,25
2037,10,25
4218,0,25
745,0,25
1579,0,25
1240,0,25
114,0,25
3126,0,25
2729,0,25
3941,0,25
3545,0,25
5979,0,25
3929,0,25
5595,0,25
1264,0,25
2767,0,25
3979,0,25
507,0,25
2865,0,25
1051,0,25
3935,0,25
694,0,25
1132,0,25
4427,0,25
3520,0,25
5671,0,25
1402,0,25
4502,0,25
3100,0,25
826,0,25
5224,0,25
3656,0,25
996,0,25
976,0,25
5121,0,25
628,0,25
435,0,25
1796,0,25
1405,0,25
2954,0,25
2261,0,25
2529,0,25
4253,0,25
4440,0,25
5692,0,25
322,0,25
1200,0,25
4410,0,25
75,0,25
4546,0,25
3467,0,25
4840,0,25
974,0,25
3031,0,25
761,0,25
4918,0,25
5261,0,25
2100,0,25
2077,0,25
4378,0,25
2409,0,25
4555,0,25
4892,0,25
1260,2,26
2353,9,26
4513,10,26
2795,11,26
5045,11,26
2212,11,26
3859,0,26
192,0,26
2080,0,26
5156,0,26
771,0,26
5462,0,26
5993,0,26
3728,0,26
4367,0,26
4847,0,26
5193,0,26
2061,0,26
3954,0,26
228,0,26
4217,0,26
657,0,26
751,0,26
4195,0,26
4449,0,26
4408,0,26
5525,0,26
1581,0,26
1437,0,26
3046,0,26
4482,0,26
5071,0,26
1321,0,26
5526,0,26
708,0,26
1601,0,26
2801,0,26
1858,0,26
2839,0,26
2660,0,26
5994,0,26
4740,0,26
3805,0,26
1816,0,26
4182,0,26
1002,0,26
168,0,26
3500,0,26
4160,0,26
4786,0,26
5245,0,26
3051,0,26
4124,0,26
5912,0,26
2283,0,26
5883,0,26
1829,0,26
5395,0,26
3057,0,26
538,0,26
5835,0,26
2700,0,26
3942,0,26
4813,0,26
3821,0,26
4355,0,26
5641,0,26
2105,0,26
2090,0,26
4980,0,26
4698,0,26
4507,0,26
1921,0,26
3139,0,26
2826,0,26
3195,0,26
3492,0,26
3617,0,26
1232,0,26
1088,0,26
422,0,26
4983,0,26
1778,0,26
63,0,26
2296,0,26
2623,0,26
2122,0,26
3394,3,27
3246,2,27
5919,2,27
5632,11,27
2643,11,27
781,0,27
2953,5,27
5574,7,27
523,11,27
1474,4,27
5011,4,27
5679,11,27
4928,11,27
2292,0,27
4467,0,27
4325,0,27
734,0,27
1366,0,27
3400,0,27
2445,0,27
2930,0,27
3011,0,27
430,0,27
2093,0,27
2352,0,27
5770,0,27
3597,0,27
5552,0,27
232,0,27
4793,0,27
3427,0,27
1382,0,27
4285,0,27
2025,0,27
1885,0,27
200,0,27
4714,0,27
4328,0,27
3592,0,27
3328,0,27
2164,0,27
1394,0,27
3159,0,27
273,0,27
933,0,27
1959,0,27
207,0,27
1661,0,27
2240,0,27
4646,0,27
2172,0,27
3507,0,27
1522,0,27
1283,0,27
830,0,27
324,0,27
4904,0,27
1361,0,27
3371,0,27
655,0,27
582,0,27
3696,0,27
1162,0,27
428,0,27
1974,0,27
3212,0,27
318,0,27
4605,0,27
2991,0,27
5350,0,27
615,0,27
327,0,27
632,0,27
3732,0,27
4639,0,27
5302,0,27
5327,0,27
584,0,27
241,0,27
5575,0,27
5503,0,27
289,0,27
2137,0,27
4987,0,27
1669,0,27
2123,0,27
5002,0,27
2881,3,28
3704,3,28
5413,0,28
1291,0,28
3270,2,28
5036,0,28
2349,2,28
102,0,28
5601,0,28
3191,0,28
3361,0,28
5667,0,28
2400,0,28
5886,0,28
2372,0,28
955,0,28
4237,0,28
3703,0,28
5186,0,28
5144,0,28
827,0,28
4978,0,28
4031,0,28
2276,0,28
493,0,28
3263,0,28
3012,0,28
3154,0,28
2018,0,28
1186,0,28
223,0,28
1365,0,28
5940,0,28
1306,0,28
1614,0,28
696,0,28
951,0,28
2387,0,28
4585,0,28
888,0,28
1966,0,28
1471,0,28
922,0,28
727,0,28
1647,0,28
5580,0,28
216,0,28
2091,0,28
1328,0,28
5594,0,28
434,0,28
5263,0,28
4703,9,29
854,2,29
1378,10,29
2035,6,29
2511,7,29
3670,7,29
2740,4,29
5730,9,29
3745,1,29
4785,2,29
2731,5,29
459,6,29
473,6,29
1550,1,29
3547,6,29
1367,1,29
5020,6,29
1355,11,29
1268,0,29
5611,0,29
3358,0,29
4272,0,29
677,0,29
925,0,29
427,0,29
233,0,29
1178,0,29
1949,0,29
4857,0,29
5470,0,29
5930,0,29
1053,0,29
4909,0,29
1567,0,29
1476,0,29
3739,0,29
1902,0,29
2723,0,29
4200,0,29
204,0,29
1860,0,29
736,0,29
2156,0,29
62,0,29
921,0,29
3619,0,29
2461,0,29
5285,0,29
4175,0,29
581,0,29
1500,0,29
5127,0,29
4789,0,29
566,0,29
2593,0,29
1786,0,29
3345,0,29
5445,0,29
1015,0,29
1156,0,29
2931,0,29
2663,0,29
5128,0,29
2579,0,29
5466,0,29
5135,0,29
2464,0,29
5426,0,29
2995,0,29
3930,0,29
4110,0,29
4966,0,29
5304,10,30
3611,6,30
3584,0,30
377,9,30
2774,11,30
653,8,30
5817,5,30
3386,9,30
1563,3,30
3316,4,30
2846,2,30
3829,6,30
2071,6,30
2637,6,30
4948,7,30
3178,0,30
3841,4,30
455,6,30
176,7,30
3510,0,30
2026,0,30
3983,0,30
3167,0,30
611,0,30
2543,0,30
5306,0,30
4419,0,30
4027,0,30
4911,0,30
3298,0,30
2016,0,30
1404,0,30
4284,0,30
460,0,30
2321,0,30
1704,0,30
5664,0,30
5589,0,30
1173,0,30
3187,0,30
4326,0,30
5449,0,30
1020,0,30
770,0,30
5913,0,30
4640,0,30
395,0,30
1950,0,30
3804,0,30
239,0,30
351,0,30
4576,0,30
2532,0,30
3866,0,30
794,0,30
4951,0,30
319,0,30
5154,0,30
3571,0,30
1728,0,30
2512,0,30
4823,0,30
4977,0,30
1419,0,30
5300,0,30
4952,0,30
2527,0,30
1472,0,30
4764,0,30
5442,0,30
4356,0,30
2714,0,30
4566,5,31
43,8,31
4511,11,31
3330,7,31
146,9,31
3540,6,31
3791,4,31
5383,10,31
3874,1,31
4816,2,31
541,10,31
1588,9,31
5903,10,31
3691,1,31
3430,2,31
3869,9,31
4522,10,31
3380,0,31
2348,0,31
4049,0,31
4903,0,31
4562,0,31
3425,0,31
2415,0,31
4154,0,31
2166,0,31
2476,0,31
4866,0,31
2580,0,31
809,0,31
41,0,31
5800,0,31
2988,0,31
4700,0,31
837,0,31
2804,0,31
5602,0,31
2906,0,31
647,0,31
953,0,31
1597,0,31
2316,0,31
4068,0,31
5284,0,31
863,0,31
586,0,31
3428,0,31
1933,0,31
3294,0,31
5627,0,31
3803,0,31
4584,0,31
4461,0,31
2648,0,31
5248,0,31
2219,0,31
5126,0,31
2812,0,31
1174,0,31
2014,0,31
3307,0,31
4484,0,31
1357,0,31
2940,0,31
3148,0,31
1090,0,31
2230,0,31
339,0,31
4723,0,31
5972,0,31
5875,0,31
4197,0,31
49,0,31
4320,4,32
3842,9,32
4151,1,32
1323,7,32
2369,11,32
5911,4,32
5968,6,32
3554,5,32
4891,9,32
256,4,32
681,5,32
1320,4,32
1986,5,32
1120,4,32
1468,5,32
1758,4,32
4916,5,32
1768,11,32
2944,0,32
1616,0,32
5676,0,32
5501,0,32
532,0,32
656,0,32
2082,0,32
1448,0,32
1229,0,32
5093,0,32
341,0,32
3671,0,32
4556,0,32
2441,0,32
2178,0,32
917,0,32
2943,0,32
5155,0,32
5638,0,32
3947,0,32
5637,0,32
4418,0,32
1411,0,32
3202,0,32
5174,0,32
3279,0,32
2760,0,32
4872,0,32
2596,0,32
1873,0,32
3609,0,32
5425,0,32
1353,0,32
4807,0,32
4038,0,32
5086,0,32
25,0,32
5626,0,32
5949,0,32
1439,0,32
4362,0,32
3559,0,32
2432,0,32
2841,0,32
4506,0,32
5160,0,32
2375,0,32
1964,0,32
5042,0,32
5242,0,32
5635,0,32
2695,0,32
221,0,32
4428,0,32
3848,0,32
1947,0,32
5876,0,32
1918,0,32
4053,0,32
3313,0,32
5100,1,33
5929,2,33
4376,5,33
3116,7,33
3664,10,33
5685,8,33
3982,0,33
3084,11,33
3155,7,33
2806,7,33
1356,8,33
3583,10,33
4982,11,33
3561,0,33
3405,0,33
122,0,33
2269,0,33
4734,0,33
5363,0,33
3971,0,33
5978,0,33
4102,0,33
2646,0,33
1880,0,33
1093,0,33
1377,0,33
3885,0,33
2548,0,33
5015,0,33
1580,0,33
2119,0,33
2709,0,33
2662,0,33
4363,0,33
2285,0,33
3060,0,33
4737,0,33
3651,0,33
2057,0,33
3577,0,33
184,0,33
2792,0,33
3895,0,33
4307,0,33
3120,0,33
4029,0,33
4676,0,33
524,0,33
1122,0,33
3027,0,33
4868,0,33
3706,0,33
3067,0,33
3109,0,33
617,0,33
2763,0,33
267,0,33
2889,0,33
1059,0,33
3406,0,33
1547,0,33
3969,0,33
2163,0,33
4015,0,33
2345,1,34
861,8,34
355,0,34
5906,5,34
4768,3,34
3840,9,34
346,9,34
2294,7,34
3687,2,34
27,7,34
4668,10,34
2084,0,34
1525,0,34
3225,0,34
416,0,34
3838,0,34
2417,0,34
4077,0,34
2665,0,34
2139,0,34
1217,0,34
3082,0,34
3736,0,34
2978,0,34
5902,0,34
4956,0,34
261,0,34
5104,0,34
3826,0,34
4486,0,34
374,0,34
1734,0,34
4542,0,34
4630,0,34
139,0,34
2998,0,34
2706,0,34
4803,0,34
1486,0,34
206,0,34
3653,0,34
3303,0,34
2469,0,34
3434,0,34
4758,0,34
5381,0,34
4583,0,34
4371,0,34
2685,0,34
2514,0,34
3454,0,34
2121,0,34
4261,0,34
1764,0,34
3606,0,34
336,0,34
640,0,34
3744,0,34
3054,0,34
140,0,34
3815,0,34
839,0,34
190,0,34
1390,0,34
4620,0,34
1884,0,34
1460,0,34
4300,0,34
4310,0,34
975,0,34
388,0,34
3999,0,34
5830,0,34
5709,5,35
648,10,35
4262,11,35
3305,0,35
1133,0,35
3503,4,35
3962,1,35
4500,5,35
3666,10,35
3600,9,35
2764,7,35
189,2,35
468,11,35
4955,1,35
5621,10,35
1337,0,35
2546,0,35
3812,0,35
4881,0,35
5656,0,35
5853,0,35
187,0,35
5205,0,35
4043,0,35
5008,0,35
475,0,35
2282,0,35
286,0,35
1983,0,35
4871,0,35
3055,0,35
4336,0,35
936,0,35
2639,0,35
2817,0,35
3649,0,35
510,0,35
1982,0,35
3199,0,35
4622,0,35
4571,0,35
2507,0,35
332,0,35
1123,0,35
1102,0,35
4227,0,35
3903,0,35
935,0,35
1801,0,35
2568,0,35
548,0,35
2813,0,35
5115,0,35
4525,0,35
5559,0,35
1727,0,35
423,0,35
3623,0,35
3720,0,35
874,0,35
3201,0,35
34,0,35
2618,0,35
5841,0,35
3495,0,35
4755,0,35
5646,0,35
345,0,35
841,0,35
157,0,35
4735,0,35
4304,0,35
115,0,35
3273,0,35
5568,0,35
26,0,35
3006,0,35
2886,0,35
5533,0,35
5861,11,36
4664,0,36
2670,10,36
652,10,36
3975,10,36
3341,11,36
2713,1,36
1251,1,36
3152,2,36
5067,6,36
477,5,36
1552,3,36
1445,9,36
120,7,36
4270,6,36
3674,6,36
2175,6,36
5622,0,36
1296,0,36
5852,0,36
5718,0,36
1754,0,36
1607,0,36
2556,0,36
4076,0,36
1594,0,36
4106,0,36
2612,0,36
1045,0,36
2610,0,36
1782,0,36
1774,0,36
1042,0,36
2192,0,36
1026,0,36
5419,0,36
997,0,36
2042,0,36
5946,0,36
565,0,36
3121,0,36
1459,0,36
1831,0,36
5983,0,36
739,0,36
2985,0,36
800,0,36
3281,0,36
3965,0,36
489,0,36
1492,0,36
165,0,36
4798,0,36
645,0,36
3825,0,36
2946,0,36
5691,0,36
5793,0,36
2614,0,36
1315,0,36
85,0,36
5477,0,36
311,0,36
2228,0,36
5176,0,36
3558,0,36
4273,0,36
4239,0,36
1733,0,36
3362,0,36
4877,0,36
3779,0,36
1976,0,36
1724,0,36
3210,0,36
3680,0,36
5027,1,37
4308,11,37
2545,7,37
3668,6,37
5636,0,37
1096,0,37
5362,2,37
763,3,37
3626,3,37
4516,1,37
2408,10,37
1636,7,37
2323,6,37
1338,9,37
170,9,37
5845,1,37
4838,0,37
3375,0,37
2572,0,37
5776,0,37
2312,0,37
5736,0,37
4044,0,37
1150,0,37
5417,0,37
5236,0,37
4051,0,37
3508,0,37
4757,0,37
2956,0,37
2845,0,37
2915,0,37
4729,0,37
3463,0,37
5105,0,37
3351,0,37
1452,0,37
1129,0,37
199,0,37
5368,0,37
4187,0,37
537,0,37
1658,0,37
5308,0,37
910,0,37
1351,0,37
2952,0,37
3421,0,37
153,0,37
359,0,37
2891,0,37
3073,0,37
1713,0,37
4192,0,37
1313,0,37
4514,0,37
167,0,37
4504,0,37
5598,0,37
2874,0,37
3348,0,37
4020,0,37
1853,0,37
4287,0,37
1376,0,37
5686,0,37
4849,0,37
1098,0,37
1380,0,37
1761,0,37
5847,0,37
2295,0,37
5493,0,37
3927,0,37
4035,0,37
2106,0,37
1197,0,37
4663,0,37
5296,0,37
3297,0,37
3892,5,38
637,6,38
3512,0,38
2126,0,38
5603,2,38
5418,1,38
1175,1,38
5318,10,38
1631,9,38
92,6,38
716,11,38
299,11,38
2842,3,38
3867,3,38
3017,7,38
2613,7,38
2513,9,38
4836,2,38
5683,6,38
3141,9,38
1019,0,38
137,0,38
2892,0,38
984,0,38
1920,0,38
2346,0,38
4674,0,38
5967,0,38
1642,0,38
3928,0,38
2154,0,38
517,0,38
5258,0,38
2208,0,38
2010,0,38
3192,0,38
1756,0,38
1566,0,38
5702,0,38
697,0,38
15,0,38
5074,0,38
2704,0,38
3219,0,38
500,0,38
1261,0,38
2895,0,38
5148,0,38
4569,0,38
5858,0,38
3453,0,38
3200,0,38
3767,0,38
1054,0,38
3476,0,38
2491,0,38
721,0,38
601,0,38
4388,0,38
4806,0,38
1923,0,38
163,0,38
3101,0,38
4002,0,38
5528,0,38
4587,0,38
2515,0,38
3315,0,38
5167,0,38
4947,0,38
1844,0,38
1427,0,38
4628,0,38
574,0,38
5235,0,38
4961,0,38
5264,0,38
4353,0,38
991,0,38
1747,0,38
4787,0,38
4788,0,38
2966,0,38
3053,0,38
1235,0,38
2911,0,38
1807,0,38
3132,0,38
1859,10,39
4660,2,39
1605,11,39
4795,0,39
4398,5,39
606,5,39
4558,9,39
4579,9,39
5359,7,39
222,7,39
5850,3,39
141,3,39
482,10,39
5159,10,39
1489,6,39
18,6,39
5214,2,39
4339,1,39
1792,0,39
478,0,39
3515,6,39
3772,0,39
1777,0,39
4229,0,39
1080,0,39
3654,0,39
5142,0,39
5738,0,39
568,0,39
499,0,39
4779,0,39
485,0,39
5759,0,39
3643,0,39
2516,0,39
5851,0,39
3439,0,39
3534,0,39
270,0,39
642,0,39
4209,0,39
5134,0,39
1233,0,39
4090,0,39
3705,0,39
2650,0,39
3323,0,39
1759,0,39
1560,0,39
2052,0,39
87,0,39
4235,0,39
1226,0,39
5230,0,39
4094,0,39
5743,0,39
3282,0,39
5746,0,39
3359,0,39
769,0,39
129,0,39
2898,0,39
2825,0,39
1301,0,39
2661,0,39
546,0,39
3996,0,39
1850,0,39
1705,0,39
594,0,39
4332,0,39
1121,0,39
1582,0,39
3414,0,39
4717,0,39
4019,0,39
3786,0,39
2324,0,39
2157,0,39
3435,4,40
1535,2,40
1453,9,40
3378,0,40
2214,5,40
1111,6,40
4432,7,40
1225,4,40
1715,11,40
1526,2,40
2933,9,40
2868,1,40
5492,1,40
5038,2,40
3568,2,40
5271,2,40
340,1,40
5450,2,40
3438,4,40
2936,0,40
4399,0,40
3871,0,40
2592,0,40
4940,0,40
5333,0,40
528,0,40
3104,0,40
3682,0,40
3010,0,40
3170,0,40
710,0,40
4383,0,40
4341,0,40
3322,0,40
2601,0,40
4303,0,40
150,0,40
3754,0,40
3820,0,40
1825,0,40
1684,0,40
4433,0,40
3686,0,40
2691,0,40
3446,0,40
5785,0,40
1269,0,40
3449,0,40
2206,0,40
1395,0,40
2781,0,40
4135,0,40
4125,0,40
4744,0,40
2038,0,40
3213,0,40
449,0,40
3016,0,40
4312,0,40
4366,0,40
390,0,40
1693,0,40
2108,0,40
1244,0,40
1399,0,40
4259,0,40
5388,0,40
5150,0,40
1349,0,40
1861,0,40
1833,0,40
3019,0,40
4832,11,41
5227,10,41
3468,7,41
3114,2,41
451,6,41
5757,1,41
4295,1,41
3925,9,41
2470,11,41
788,11,41
4324,10,41
3376,8,41
5567,8,41
5662,0,41
99,0,41
240,7,41
3372,2,41
4,0,41
3256,8,41
558,10,41
4919,11,41
1868,0,41
245,0,41
2424,0,41
2736,0,41
4436,0,41
1004,0,41
5660,0,41
692,0,41
1840,0,41
2588,0,41
795,0,41
255,0,41
492,0,41
3129,0,41
3627,0,41
5088,0,41
5682,0,41
2883,0,41
4564,0,41
2220,0,41
5151,0,41
3216,0,41
2542,0,41
5862,0,41
4896,0,41
793,0,41
3924,0,41
5420,0,41
4907,0,41
3184,0,41
2788,0,41
382,0,41
2234,0,41
1265,0,41
439,0,41
4773,0,41
4121,0,41
1883,0,41
4172,0,41
2531,0,41
3145,0,41
5199,0,41
420,0,41
3570,0,41
480,0,41
4268,0,41
3557,0,41
824,0,41
1911,0,41
571,0,41
5998,0,41
737,0,41
4608,0,41
5982,0,41
1007,0,41
3573,0,41
3660,0,41
2761,0,41
4655,0,41
1584,0,41
1910,0,41
5854,0,41
3076,0,41
4984,0,41
589,0,41
2255,0,41
4375,0,41
2199,0,41
3580,1,42
3689,11,42
5592,11,42
3587,8,42
4837,10,42
1965,10,42
3015,9,42
4962,7,42
2756,3,42
225,4,42
3437,2,42
2993,0,42
3090,0,42
1290,0,42
3702,0,42
698,0,42
2561,0,42
5427,0,42
5500,0,42
1064,0,42
5124,0,42
2454,0,42
4277,0,42
4343,0,42
4841,0,42
3717,0,42
822,0,42
1988,0,42
282,0,42
5537,0,42
5816,0,42
5220,0,42
3426,0,42
5379,0,42
2989,0,42
2746,0,42
1652,0,42
4281,0,42
1420,0,42
932,0,42
2680,0,42
3258,0,42
2379,0,42
46,0,42
2241,0,42
5597,0,42
338,0,42
5231,0,42
5390,0,42
4645,0,42
5572,0,42
4039,0,42
1629,0,42
3024,0,42
3222,0,42
3175,0,42
3793,0,42
4289,0,42
3433,0,42
368,0,42
4718,0,42
1709,0,42
1144,0,42
2519,0,42
2694,0,42
3338,0,42
3711,0,42
4591,0,42
3418,0,42
4384,0,42
555,0,42
2692,0,42
5169,0,42
396,0,42
4774,0,42
342,0,42
5451,0,42
2972,0,42
3662,0,42
5923,0,42
4634,0,42
2070,0,42
1841,0,42
604,0,42
2161,0,42
1888,0,42
4616,0,42
1136,0,42
5213,0,42
134,0,42
401,0,42
2544,0,42
437,0,42
5950,0,42
514,0,42
156,0,42
1541,0,42
1621,0,42
90,0,42
4115,0,42
5991,0,42
2816,0,42
5631,0,42
3688,10,43
1466,5,43
4073,6,43
3275,7,43
5286,7,43
2667,7,43
3747,11,43
3553,4,43
5460,4,43
4128,2,43
5483,10,43
5879,0,43
3117,8,43
5873,6,43
1329,5,43
4695,5,43
1963,7,43
1805,8,43
3672,10,43
5680,11,43
4145,0,43
1877,0,43
2329,0,43
945,0,43
4141,0,43
564,0,43
643,0,43
5472,0,43
3390,0,43
2243,0,43
5790,0,43
2947,0,43
4944,0,43
3857,0,43
3269,0,43
4129,0,43
5540,0,43
1632,0,43
5495,0,43
2356,0,43
1363,0,43
4950,0,43
4431,0,43
3516,0,43
166,0,43
372,0,43
892,0,43
5705,0,43
1905,0,43
4602,0,43
1968,0,43
726,0,43
1473,0,43
2378,0,43
4263,0,43
3181,0,43
2983,0,43
509,0,43
2443,0,43
5506,0,43
1770,0,43
147,0,43
1038,0,43
310,0,43
1262,0,43
1878,0,43
4214,0,43
3190,0,43
1528,0,43
1503,0,43
4990,0,43
5177,0,43
5133,0,43
2602,0,43
4833,0,43
1672,0,43
4434,0,43
2730,0,43
5773,0,43
4527,0,43
3518,0,43
614,10,44
11,11,44
5721,9,44
2558,0,44
119,5,44
418,8,44
2008,2,44
105,4,44
758,3,44
4731,3,44
4671,4,44
1900,8,44
5391,11,44
2328,0,44
4610,0,44
1101,0,44
4060,0,44
161,0,44
1662,0,44
5454,0,44
3244,0,44
1750,0,44
2036,0,44
1153,0,44
3659,0,44
4941,0,44
3762,0,44
3021,0,44
4804,0,44
3912,0,44
1738,0,44
5543,0,44
217,0,44
740,0,44
314,0,44
2451,0,44
3342,0,44
4590,0,44
2140,0,44
72,0,44
2320,0,44
2459,0,44
5799,0,44
3746,0,44
4056,0,44
3701,0,44
3539,0,44
5681,0,44
3502,0,44
3637,0,44
3150,0,44
1107,0,44
2604,0,44
4179,0,44
4334,0,44
5981,0,44
1532,0,44
3521,0,44
4185,0,44
2251,0,44
1443,0,44
1716,0,44
3988,0,44
3278,0,44
680,0,44
4989,0,44
2198,0,44
39,0,44
2088,0,44
1930,0,44
1074,0,44
989,0,44
3712,0,44
1072,0,44
4523,1,45
2611,4,45
3028,7,45
2191,8,45
5228,10,45
5811,7,45
4953,0,45
5278,2,45
1421,2,45
1037,4,45
1512,11,45
2413,0,45
862,0,45
597,0,45
5016,0,45
2350,0,45
381,0,45
5335,0,45
5372,0,45
5441,0,45
1151,0,45
3733,0,45
2651,0,45
3443,0,45
5527,0,45
1345,0,45
2064,0,45
5507,0,45
4309,0,45
3802,0,45
1766,0,45
2547,0,45
5909,0,45
709,0,45
5031,0,45
2879,0,45
1213,0,45
4721,0,45
4333,0,45
5049,0,45
2690,0,45
5717,0,45
1455,0,45
1164,0,45
4494,0,45
3180,0,45
3797,0,45
1822,0,45
2419,0,45
3585,0,45
1370,0,45
703,0,45
2446,0,45
1465,0,45
4818,0,45
1617,0,45
2194,0,45
2987,0,45
1970,0,45
1441,0,45
3932,0,45
1981,0,45
1674,0,45
1510,0,45
1554,4,46
4910,1,46
2864,10,46
2310,5,46
5514,6,46
802,9,46
5706,11,46
5560,7,46
2560,3,46
2190,8,46
664,2,46
798,2,46
5468,0,46
4216,8,46
5168,0,46
2688,0,46
2779,0,46
1216,0,46
2275,0,46
1536,0,46
4624,0,46
2640,0,46
1071,0,46
3052,0,46
4487,0,46
5203,0,46
5090,0,46
1487,0,46
4244,0,46
1060,0,46
815,0,46
1606,0,46
2086,0,46
1780,0,46
5331,0,46
1680,0,46
2973,0,46
4070,0,46
3157,0,46
3700,0,46
5616,0,46
3862,0,46
1166,0,46
690,0,46
5421,0,46
198,0,46
4048,0,46
2449,0,46
4423,0,46
1546,0,46
2672,0,46
2785,0,46
169,0,46
2821,0,46
5865,0,46
1990,0,46
3827,0,46
2288,0,46
2585,0,46
787,0,46
2099,0,46
3198,0,46
965,0,46
3115,0,46
5962,0,46
3531,0,46
2149,0,46
930,0,46
2882,0,46
1939,0,46
2362,0,46
343,0,46
3488,0,46
5846,0,46
2486,0,46
2628,0,46
5272,0,46
685,0,46
579,0,46
2040,0,46
1221,0,46
2148,0,46
2317,0,46
2429,0,46
5677,0,46
462,0,46
1985,0,46
1049,9,47
3227,9,47
3886,11,47
1277,6,47
890,7,47
306,3,47
2752,8,47
2028,0,47
2675,1,47
5089,3,47
549,0,47
4528,0,47
3794,0,47
3517,0,47
5103,0,47
229,0,47
1907,0,47
313,0,47
912,0,47
1145,0,47
3470,0,47
2950,0,47
1971,0,47
4769,0,47
1209,0,47
2757,0,47
2339,0,47
944,0,47
3462,0,47
3044,0,47
804,0,47
5863,0,47
3331,0,47
1553,0,47
928,0,47
4219,0,47
5802,0,47
4146,0,47
4381,0,47
3346,0,47
2587,0,47
2809,0,47
4725,0,47
5232,0,47
4875,0,47
5256,0,47
2794,0,47
171,0,47
3588,0,47
3336,0,47
5178,0,47
3226,0,47
2215,0,47
2354,0,47
1722,0,47
5197,0,47
3163,0,47
5703,0,47
1700,0,47
1202,0,47
2616,0,47
1590,0,47
2110,0,47
2271,0,47
1435,0,47
4017,0,47
354,0,47
307,0,47
938,0,47
2718,0,47
2900,0,47
3692,0,47
3824,0,47
251,0,47
1135,0,47
1862,0,47
3936,0,47
576,0,47
818,0,47
108,0,47
4897,0,47
1143,0,47
4112,0,47
2359,0,48
5935,9,48
4852,6,48
2270,7,48
983,4,48
658,8,48
2942,0,48
926,9,48
2248,1,48
540,1,48
1312,0,48
762,9,48
5078,0,48
152,0,48
5292,0,48
1591,0,48
5708,0,48
5591,0,48
2937,0,48
1180,0,48
1293,0,48
4373,0,48
181,0,48
3382,0,48
2744,0,48
1371,0,48
5844,0,48
1117,0,48
4822,0,48
1569,0,48
2015,0,48
4301,0,48
5112,0,48
941,0,48
2388,0,48
4819,0,48
196,0,48
5970,0,48
2056,0,48
2575,0,48
467,0,48
625,0,48
3239,0,48
4649,0,48
3807,0,48
2130,0,48
2120,0,48
4083,0,48
1514,0,48
904,0,48
2267,0,48
2551,0,48
3174,0,48
2824,0,48
870,0,48
50,0,48
4466,0,48
5964,0,48
67,0,48
4271,0,48
4437,0,48
3964,0,48
5438,0,48
215,0,48
2109,0,48
843,0,48
5947,0,48
4874,0,48
2055,0,48
1230,0,48
5728,0,48
729,0,48
3388,0,48
5277,0,48
2222,0,48
5099,0,48
1533,0,48
2058,0,48
357,0,48
5009,0,48
1417,0,48
1398,0,48
587,8,49
1397,9,49
746,4,49
3948,2,49
4520,0,49
1670,8,49
3607,3,49
1134,8,49
4450,0,49
5354,0,49
4549,0,49
4107,0,49
3135,0,49
210,0,49
2162,0,49
5050,0,49
3254,0,49
5789,0,49
2433,0,49
557,0,49
5723,0,49
3455,0,49
2501,0,49
4354,0,49
2492,0,49
1708,0,49
1142,0,49
2859,0,49
2302,0,49
5925,0,49
543,0,49
1196,0,49
3389,0,49
1324,0,49
4305,0,49
1589,0,49
1326,0,49
4416,0,49
2434,0,49
5971,0,49
4923,0,49
2526,0,49
1403,0,49
3526,0,49
4014,0,49
238,0,49
2935,0,49
5536,0,49
4652,0,49
3806,0,49
5183,0,49
2355,0,49
880,0,49
5398,0,49
5411,0,49
5954,0,49
3632,0,49
1342,0,49
784,0,49
4329,0,49
3880,0,49
599,0,49
3940,0,49
3847,0,49
1889,0,49
2549,3,50
4869,5,50
1126,11,50
3291,5,50
3034,7,50
4761,0,50
4914,1,50
448,5,50
3604,0,50
1125,0,50
3,0,50
803,0,50
4299,0,50
1856,0,50
2183,0,50
5341,0,50
3757,0,50
2697,0,50
458,0,50
2583,0,50
785,0,50
3310,0,50
3355,0,50
810,0,50
5648,0,50
74,0,50
4105,0,50
3416,0,50
2450,0,50
5323,0,50
5806,0,50
3264,0,50
5054,0,50
1319,0,50
37,0,50
5188,0,50
852,0,50
2152,0,50
5860,0,50
14,0,50
961,0,50
4938,0,50
3836,0,50
2069,0,50
3734,0,50
2510,0,50
5961,0,50
1717,0,50
2315,0,50
4704,0,50
445,0,50
2797,0,50
4767,0,50
5238,0,50
4311,0,50
3108,0,50
1572,0,50
1271,0,50
1348,0,50
1207,0,50
2876,0,50
3480,0,50
5786,0,50
879,0,50
1182,0,50
2923,0,50
3251,0,50
5164,0,50
5754,0,50
96,0,50
4908,0,50
1372,0,50
797,0,50
1159,0,50
2259,0,50
5432,0,50
2365,0,50
3207,0,50
3578,0,50
847,0,50
4137,5,51
4759,9,51
3616,0,51
1029,4,51
4180,1,51
1691,1,51
3968,1,51
4292,2,51
2541,2,51
3839,5,51
487,11,51
287,3,51
4413,9,51
2980,7,51
2964,2,51
1595,5,51
2495,11,51
835,0,51
4330,0,51
3004,0,51
436,0,51
2468,0,51
1711,0,51
1024,0,51
2224,0,51
4473,0,51
358,0,51
5429,0,51
1896,0,51
2783,0,51
1236,0,51
5085,0,51
3612,0,51
547,0,51
2887,0,51
5328,0,51
1035,0,51
5823,0,51
2457,0,51
3412,0,51
2793,0,51
1731,0,51
5056,0,51
5287,0,51
5246,0,51
718,0,51
2144,0,51
5200,0,51
4942,0,51
4597,0,51
1022,0,51
20,0,51
4529,0,51
5829,0,51
1278,0,51
2217,0,51
3644,0,51
4582,0,51
177,0,51
205,0,51
620,0,51
5707,0,51
988,0,51
1199,0,51
5617,0,51
2213,0,51
3768,0,51
3843,0,51
284,0,51
767,0,51
301,0,51
4672,0,51
4212,0,51
111,0,51
3665,0,51
3920,0,51
2165,0,51
4163,0,51
5080,0,51
3417,4,52
3459,11,52
3976,8,52
3876,6,52
3119,4,52
249,3,52
1663,7,52
4560,7,52
91,7,52
2765,9,52
2584,9,52
4586,2,52
1886,2,52
252,11,52
1014,11,52
4010,5,52
2722,5,52
1286,5,52
578,9,52
2003,5,52
3367,7,52
1383,9,52
3235,0,52
2503,0,52
1545,0,52
4844,0,52
3033,0,52
1603,0,52
5924,0,52
876,0,52
2656,0,52
2705,0,52
2538,0,52
4349,0,52
5043,0,52
4934,0,52
4370,0,52
2802,0,52
4969,0,52
5491,0,52
1602,0,52
3560,0,52
3490,0,52
1644,0,52
1062,0,52
914,0,52
885,0,52
4198,0,52
4879,0,52
3645,0,52
5604,0,52
260,0,52
373,0,52
4732,0,52
960,0,52
3938,0,52
2629,0,52
4855,0,52
2465,0,52
3943,0,52
2581,0,52
3344,0,52
4894,0,52
5334,0,52
3458,0,52
3808,0,52
1975,0,52
218,0,52
125,0,52
3056,0,52
1084,0,52
5,0,52
753,0,52
2912,0,52
908,0,52
1434,0,52
5211,0,52
1215,0,52
3657,0,52
5605,0,52
2412,2,53
2554,11,53
5836,4,53
4860,7,53
5779,10,53
728,8,53
3448,9,53
2034,1,53
2773,2,53
918,6,53
1673,5,53
2467,3,53
5783,6,53
5396,8,53
799,0,53
4539,0,53
1406,0,53
1628,0,53
1172,0,53
1611,0,53
1303,0,53
1924,0,53
2473,0,53
3576,0,53
1714,0,53
320,0,53
2431,0,53
5109,0,53
5179,0,53
2741,0,53
172,0,53
2479,0,53
1820,0,53
3118,0,53
3978,0,53
1292,0,53
277,0,53
5207,0,53
1275,0,53
1736,0,53
304,0,53
1992,0,53
2095,0,53
1032,0,53
1248,0,53
370,0,53
126,0,53
2280,0,53
2039,0,53
4895,0,53
2710,0,53
3504,0,53
4064,0,53
1211,0,53
1255,0,53
5478,0,53
5689,0,53
5948,0,53
305,0,53
2552,0,53
4745,0,53
3387,0,53
1505,0,53
5747,0,53
4963,0,53
4589,0,53
4409,0,53
5694,0,53
2869,0,53
1204,0,53
3078,0,53
5065,1,54
4256,4,54
3957,9,54
2957,1,54
1917,1,54
2398,8,54
3538,0,54
3714,6,54
1161,11,54
3039,3,54
4483,3,54
5843,3,54
3137,7,54
949,7,54
4448,5,54
749,2,54
5162,9,54
1808,4,54
2762,10,54
2083,11,54
2250,0,54
4286,0,54
535,0,54
4241,0,54
2357,0,54
1957,0,54
2796,0,54
3523,0,54
1079,0,54
3693,0,54
2284,0,54
5587,0,54
583,0,54
4455,0,54
534,0,54
2684,0,54
5247,0,54
4991,0,54
1495,0,54
3555,0,54
4430,0,54
2000,0,54
2233,0,54
5255,0,54
138,0,54
5758,0,54
246,0,54
1446,0,54
3823,0,54
3197,0,54
3420,0,54
4178,0,54
103,0,54
5079,0,54
3642,0,54
2837,0,54
789,0,54
89,0,54
2136,0,54
5840,0,54
3581,0,54
2932,0,54
4572,0,54
1021,0,54
4426,0,54
3391,0,54
2578,0,54
3888,0,54
2135,0,54
1789,0,54
295,0,54
5623,0,54
2657,0,54
859,0,54
667,0,54
2786,0,54
4276,11,55
1620,1,55
5774,1,55
5687,4,55
3087,7,55
1001,0,55
1464,10,55
1702,11,55
1305,6,55
5897,0,55
511,0,55
3624,0,55
1154,0,55
2908,0,55
5353,0,55
1418,0,55
1688,0,55
3875,0,55
967,0,55
869,0,55
5094,0,55
5518,0,55
1083,0,55
2207,0,55
5473,0,55
5279,0,55
4867,0,55
1952,0,55
2246,0,55
1400,0,55
476,0,55
3655,0,55
699,0,55
916,0,55
4385,0,55
2184,0,55
2573,0,55
2535,0,55
5474,0,55
1865,0,55
4057,0,55
2719,0,55
4479,0,55
5131,0,55
4379,0,55
4260,0,55
4401,0,55
684,0,55
2474,0,55
3625,0,55
3257,0,55
2530,0,55
2505,0,55
2622,0,55
4220,0,55
5014,0,55
3162,0,55
4933,0,55
1903,0,55
1110,0,55
3334,0,55
3411,0,55
3477,0,55
3280,0,55
1266,0,55
3032,0,55
1396,0,55
743,0,55
266,0,55
3958,0,55
2299,2,56
952,8,56
3002,7,56
385,7,56
3107,1,56
1114,1,56
5267,2,56
1845,8,56
5690,9,56
4696,10,56
3177,3,56
5960,6,56
1719,5,56
5141,1,56
4174,0,56
264,0,56
4862,0,56
4066,0,56
2289,0,56
2381,0,56
4119,0,56
2880,0,56
1811,0,56
3967,0,56
1222,0,56
2852,0,56
1498,0,56
3667,0,56
4621,0,56
3614,0,56
4727,0,56
5435,0,56
2113,0,56
145,0,56
3648,0,56
5584,0,56
2068,0,56
3647,0,56
3650,0,56
4607,0,56
3193,0,56
5569,0,56
4111,0,56
3223,0,56
4932,0,56
5226,0,56
608,0,56
4387,0,56
65,0,56
3092,0,56
5619,0,56
2921,0,56
4548,0,56
4843,0,56
3963,0,56
1,0,56
5585,0,56
12,0,56
2969,0,56
5424,0,56
1513,0,56
1549,0,56
4742,0,56
4626,0,56
2753,0,56
2274,0,56
3582,0,56
1409,0,56
1726,0,56
2395,0,56
5905,0,56
4673,0,56
2089,0,56
3901,0,56
3811,0,56
5475,0,56
5571,0,56
5550,0,56
3094,0,56
5161,9,57
2570,5,57
3431,9,57
2358,9,57
3724,9,57
2751,8,57
402,8,57
3872,6,57
592,7,57
1106,10,57
400,5,57
5488,5,57
1819,0,57
1649,0,57
4780,4,57
1743,4,57
5593,11,57
3332,11,57
1212,1,57
6,1,57
1502,0,57
2833,0,57
1034,2,57
4893,4,57
2791,0,57
3764,0,57
5189,0,57
4667,0,57
2803,0,57
5716,0,57
872,0,57
4165,0,57
4694,0,57
387,0,57
759,0,57
5980,0,57
5871,0,57
5068,0,57
1980,0,57
5553,0,57
5081,0,57
2002,0,57
1018,0,57
1423,0,57
5175,0,57
4899,0,57
3063,0,57
5657,0,57
143,0,57
2059,0,57
2829,0,57
5222,0,57
3393,0,57
3741,0,57
992,0,57
5762,0,57
285,0,57
3945,0,57
559,0,57
3790,0,57
3524,0,57
1346,0,57
4814,0,57
5365,0,57
1951,0,57
302,0,57
1385,0,57
638,0,57
4184,0,57
4812,0,57
1834,0,57
2430,0,57
250,0,57
4306,0,57
2976,7,58
849,8,58
3891,10,58
300,9,58
1846,1,58
1339,0,58
4510,4,58
4691,11,58
5010,6,58
5101,2,58
1095,2,58
4733,6,58
2380,0,58
5749,0,58
4462,0,58
5620,0,58
60,0,58
151,0,58
1929,0,58
5715,0,58
2726,0,58
3182,0,58
3128,0,58
4407,0,58
1179,0,58
2044,0,58
3663,0,58
1043,0,58
5229,0,58
5223,0,58
717,0,58
5665,0,58
5463,0,58
4633,0,58
4625,0,58
1393,0,58
4386,0,58
4451,0,58
68,0,58
5476,0,58
197,0,58
3709,0,58
5025,0,58
4103,0,58
3045,0,58
1732,0,58
5342,0,58
116,0,58
80,0,58
4845,0,58
3259,0,58
867,0,58
283,0,58
407,0,58
4697,0,58
5114,0,58
1245,0,58
4488,0,58
1130,0,58
4905,0,58
950,0,58
419,0,58
4939,2,59
5380,5,59
4460,11,59
1330,11,59
220,4,59
2325,3,59
5834,0,59
2347,7,59
4288,2,59
1228,6,59
4203,8,59
846,5,59
773,1,59
3287,1,59
4054,4,59
5375,7,59
588,0,59
3329,2,59
4864,4,59
2769,5,59
429,7,59
2483,0,59
4282,0,59
5295,0,59
2857,0,59
5290,0,59
5534,0,59
913,0,59
1190,0,59
1137,0,59
5988,0,59
831,0,59
4643,0,59
5026,0,59
4226,0,59
808,0,59
93,0,59
160,0,59
986,0,59
3750,0,59
3124,0,59
3127,0,59
2493,0,59
903,0,59
5956,0,59
4985,0,59
660,0,59
258,0,59
2724,0,59
4598,0,59
1425,0,59
4159,0,59
1523,0,59
4967,0,59
2498,0,59
4724,0,59
5953,0,59
2488,0,59
7,0,59
2104,0,59
5336,0,59
107,0,59
5554,0,59
1478,0,59
2635,0,59
409,0,59
4091,0,59
71,0,59
3851,0,59
3165,0,59
3980,0,59
623,0,59
600,0,59
1336,0,59
3299,0,59
1585,0,59
1524,0,59
1824,0,59
3288,0,59
2701,0,59
2386,0,59
2117,0,59
2268,0,59
5180,0,59
1838,0,59
2021,0,59
1544,0,59
2600,0,59
4997,0,59
2376,0,60
5674,7,60
4854,5,60
5461,11,60
3953,6,60
4856,3,60
4999,8,60
1537,8,60
1157,7,60
5878,0,60
5202,5,60
4715,11,60
3513,1,60
399,10,60
3466,10,60
2009,7,60
5931,10,60
900,6,60
4400,7,60
2975,10,60
2257,11,60
466,0,60
173,0,60
2342,0,60
1253,0,60
4884,0,60
2146,0,60
144,0,60
2367,0,60
4022,0,60
3527,0,60
1668,0,60
1201,0,60
4322,0,60
3171,0,60
4315,0,60
3992,0,60
4296,0,60
5733,0,60
5713,0,60
995,0,60
5787,0,60
5218,0,60
5428,0,60
2638,0,60
4153,0,60
4720,0,60
1450,0,60
5672,0,60
5881,0,60
5731,0,60
2279,0,60
4008,0,60
4792,0,60
3752,0,60
4615,0,60
5486,0,60
5113,0,60
5360,0,60
308,0,60
2739,0,60
5107,0,60
3013,0,60
236,0,60
1011,0,60
3311,0,60
4848,0,60
469,0,60
5370,0,60
868,0,60
2303,0,60
2107,0,60
3153,0,60
3324,0,60
454,0,60
2176,0,60
2938,0,60
209,0,60
3748,0,60
1633,0,60
4824,0,60
2231,0,60
4421,0,60
840,0,60
4255,0,60
5771,0,61
425,6,61
985,11,61
3250,4,61
4593,0,61
2263,6,61
158,8,61
2471,9,61
2861,2,61
4420,3,61
5914,11,61
4162,4,61
1170,4,61
4158,0,61
5024,0,61
3788,0,61
990,0,61
964,0,61
316,0,61
2737,0,61
1017,0,61
3325,0,61
5916,0,61
3232,0,61
5402,0,61
3464,0,61
3913,0,61
3140,0,61
5813,0,61
1793,0,61
4314,0,61
4865,0,61
1408,0,61
5310,0,61
4047,0,61
1103,0,61
2361,0,61
1973,0,61
4943,0,61
1926,0,61
4358,0,61
2094,0,61
2012,0,61
4954,0,61
5324,0,61
3931,0,61
3753,0,61
4772,0,61
4136,0,61
3995,0,61
1874,0,61
1521,0,61
2453,0,61
5985,0,61
905,0,61
5599,0,61
2405,0,61
3401,1,62
4438,5,62
5166,7,62
4026,0,62
4888,0,62
2437,8,62
5281,1,62
5032,10,62
5710,3,62
1656,2,62
3066,2,62
2277,5,62
4318,11,62
3196,11,62
1791,6,62
4771,6,62
4122,9,62
4811,9,62
3312,9,62
1219,6,62
3156,9,62
291,10,62
4221,0,62
5792,0,62
4223,0,62
5563,0,62
4975,0,62
2368,0,62
201,0,62
5332,0,62
4092,0,62
1169,0,62
2460,0,62
24,0,62
4011,0,62
1612,0,62
5750,0,62
76,0,62
1451,0,62
2589,0,62
1643,0,62
131,0,62
1635,0,62
1294,0,62
2004,0,62
4252,0,62
3408,0,62
783,0,62
1559,0,62
1322,0,62
4233,0,62
13,0,62
2143,0,62
1899,0,62
1462,0,62
2873,0,62
2096,0,62
2771,0,62
3037,0,62
4831,0,62
1772,0,62
1799,0,62
4930,0,62
393,0,62
2081,0,62
2916,0,62
1936,0,62
4149,0,62
2853,0,62
2834,0,62
3715,0,62
3410,0,62
3003,0,62
5274,0,62
3694,0,62
2404,0,62
3309,0,62
5447,0,62
2827,0,62
5566,0,62
3317,0,62
2766,5,63
2536,7,63
2607,9,63
1725,1,63
5630,11,63
5240,10,63
682,3,63
1288,2,63
3106,4,63
1729,8,63
5910,5,63
3514,0,63
4327,4,63
4323,4,63
2686,4,63
5040,6,63
5051,2,63
1350,4,63
4701,5,63
1977,6,63
2958,9,63
4468,0,63
906,0,63
1009,0,63
2262,0,63
1857,0,63
2448,0,63
819,0,63
1325,0,63
4898,0,63
4258,0,63
234,0,63
1815,0,63
5933,0,63
1479,0,63
5316,0,63
4395,0,63
5499,0,63
5434,0,63
2489,0,63
5313,0,63
5187,0,63
2462,0,63
4040,0,63
3814,0,63
1504,0,63
891,0,63
4716,0,63
1149,0,63
2666,0,63
4222,0,63
1956,0,63
3147,0,63
66,0,63
805,0,63
35,0,63
9,0,63
440,0,63
2384,0,63
3810,0,63
2778,0,63
3890,0,63
3098,0,63
3985,0,63
4109,0,63
1906,0,63
1508,0,63
630,0,63
768,0,63
5437,11,64
3350,4,64
1823,9,64
278,2,64
747,10,64
4101,4,64
1993,5,64
4452,3,64
5688,6,64
3413,1,64
2291,0,64
663,8,64
512,7,64
4505,7,64
2832,6,64
1596,0,64
79,0,64
1837,0,64
1851,0,64
5772,0,64
2800,0,64
3122,0,64
2540,0,64
5545,0,64
2595,0,64
1996,0,64
3069,0,64
290,0,64
1948,0,64
5673,0,64
4231,0,64
5225,0,64
1191,0,64
1836,0,64
4352,0,64
3608,0,64
457,0,64
135,0,64
5305,0,64
2131,0,64
5299,0,64
536,0,64
5108,0,64
3497,0,64
842,0,64
4126,0,64
4130,0,64
394,0,64
4601,0,64
1978,0,64
5322,0,64
2343,0,64
5443,0,64
4960,0,64
2647,0,64
1185,0,64
2750,0,64
5208,0,64
479,0,64
4215,0,64
183,0,64
5856,0,64
946,0,64
2754,0,64
5767,0,64
2917,0,64
61,0,64
5497,0,64
5273,0,64
4050,0,64
4979,0,64
3544,0,64
1689,3,65
474,7,65
3452,8,65
4052,5,65
5347,3,65
2242,3,65
1568,11,65
253,9,65
182,8,65
2971,0,65
724,1,65
3079,10,65
1068,5,65
81,2,65
5448,4,65
5700,4,65
4042,6,65
3910,6,65
1302,11,65
4234,0,65
2337,0,65
3652,0,65
1870,0,65
3493,0,65
959,0,65
110,0,65
5055,0,65
4580,0,65
4459,0,65
2111,0,65
2043,0,65
3255,0,65
602,0,65
2092,0,65
51,0,65
701,0,65
5288,0,65
3781,0,65
4150,0,65
2620,0,65
2377,0,65
776,0,65
5498,0,65
1375,0,65
3473,0,65
5524,0,65
3551,0,65
3917,0,65
259,0,65
464,0,65
2897,0,65
4563,0,65
2854,0,65
2872,0,65
5163,0,65
5957,0,65
3681,0,65
3961,0,65
2539,0,65
4801,0,65
5377,0,65
5406,0,65
4748,0,65
5034,0,65
3383,0,65
3773,0,65
421,0,65
1637,0,65
5423,0,65
4650,0,65
5606,0,66
4405,4,66
1848,3,66
3080,0,66
4009,6,66
2237,10,66
5414,8,66
5693,2,66
5237,1,66
1694,1,66
3093,5,66
5628,5,66
4971,4,66
1781,4,66
4547,8,66
2407,0,66
644,0,66
998,0,66
3994,0,66
4131,0,66
4809,0,66
3707,0,66
4361,0,66
943,0,66
2608,0,66
5467,0,66
3233,0,66
3277,0,66
2699,0,66
5502,0,66
3904,0,66
279,0,66
2576,0,66
5734,0,66
2902,0,66
5941,0,66
98,0,66
4344,0,66
519,0,66
5138,0,66
4369,0,66
2373,0,66
4041,0,66
1475,0,66
413,0,66
2293,0,66
1081,0,66
2696,0,66
1548,0,66
5696,0,66
2682,0,66
3883,0,66
823,0,66
3161,0,66
1318,0,66
1224,0,66
5695,0,66
5315,0,66
1682,0,66
5742,0,66
530,0,66
3360,0,66
3634,0,66
2860,0,66
10,0,66
816,0,66
848,5,67
5097,3,67
4374,4,67
2151,9,67
1165,5,67
590,1,67
3855,9,67
3068,10,67
2,8,67
5057,0,67
4023,2,67
5146,7,67
2125,7,67
3730,7,67
3337,0,67
3972,0,67
1958,0,67
3103,0,67
621,0,67
1281,0,67
380,0,67
5658,0,67
2920,0,67
1013,0,67
5092,0,67
5192,0,67
3261,0,67
5301,0,67
3272,0,67
5942,0,67
641,0,67
118,0,67
887,0,67
3987,0,67
5158,0,67
4882,0,67
2330,0,67
2496,0,67
3865,0,67
962,0,67
453,0,67
5562,0,67
3946,0,67
2370,0,67
3902,0,67
937,0,67
2322,0,67
4574,0,67
3850,0,67
732,0,67
1835,0,67
5831,0,67
3483,0,67
1683,0,67
3096,0,67
3445,0,67
5265,0,67
2907,0,67
5890,0,67
281,0,67
2129,0,67
4481,0,67
4922,0,67
4536,0,67
1771,0,67
4752,0,67
3146,0,67
4335,0,67
456,0,67
2314,0,67
3238,0,67
5561,0,67
1610,0,67
4794,7,68
4986,8,68
4596,4,68
3519,1,68
5001,8,68
3074,7,68
3086,3,68
4544,5,68
3603,9,68
3429,4,68
348,2,68
646,2,68
1849,0,68
56,0,68
5761,0,68
2598,0,68
1687,0,68
5212,0,68
4463,0,68
4730,0,68
2633,0,68
595,0,68
4532,0,68
4736,0,68
610,0,68
5209,0,68
3415,0,68
4152,0,68
5048,0,68
84,0,68
1622,0,68
1626,0,68
70,0,68
4588,0,68
1430,0,68
335,0,68
4658,0,68
4084,0,68
5827,0,68
1085,0,68
2597,0,68
5095,0,68
4173,0,68
265,0,68
3998,0,68
4446,0,68
1388,0,68
3837,0,68
3363,0,68
2484,0,68
2487,0,68
33,0,68
3598,0,68
1250,0,68
3635,0,68
4719,0,68
2124,0,68
5624,0,68
5578,0,68
2805,0,68
202,0,68
593,0,68
2673,0,68
5018,0,68
3718,0,68
1432,0,68
1483,0,68
1916,0,68
4269,0,68
471,0,68
465,0,68
3396,0,68
1530,0,68
121,0,68
1373,0,68
3621,0,68
2768,0,68
5517,0,68
4937,0,68
4550,0,68
5173,0,68
86,0,68
5588,0,68
4480,0,68
5778,0,68
503,0,68
2193,0,68
5458,0,68
5006,0,68
2366,0,68
3276,0,68
1360,9,69
356,0,69
1696,2,69
3864,5,69
2518,4,69
1706,1,69
3252,8,69
2134,9,69
693,4,69
3203,11,69
486,2,69
4518,0,69
4878,6,69
513,5,69
3673,5,69
2808,4,69
1927,6,69
5885,0,69
5732,0,69
4917,0,69
2758,0,69
1416,0,69
1839,0,69
2066,0,69
4391,0,69
2502,0,69
3774,0,69
142,0,69
4996,0,69
1645,0,69
670,0,69
2996,0,69
5196,0,69
2249,0,69
1517,0,69
3796,0,69
2399,0,69
873,0,69
2844,0,69
2625,0,69
609,0,69
4075,0,69
1047,0,69
2360,0,69
3041,0,69
4224,0,69
4749,0,69
2101,0,69
4127,0,69
5058,0,69
4059,0,69
4782,0,69
2878,0,69
1854,0,69
4876,0,69
4503,0,69
4777,0,69
4711,0,69
4802,0,69
5000,0,69
3374,0,69
4992,0,69
666,0,69
4199,0,69
1574,0,69
1894,10,70
1941,9,70
23,2,70
4006,5,70
5755,9,70
1701,4,70
2428,0,70
4266,11,70
689,7,70
3593,3,70
5722,6,70
3944,1,70
3868,2,70
4143,2,70
4465,0,70
4675,0,70
1497,0,70
1871,0,70
3590,0,70
4553,0,70
2235,0,70
5735,0,70
3536,0,70
4976,0,70
1962,0,70
4545,0,70
4533,0,70
5075,0,70
1730,0,70
1287,0,70
3040,0,70
175,0,70
994,0,70
1249,0,70
2167,0,70
521,0,70
895,0,70
3245,0,70
4784,0,70
5522,0,70
132,0,70
4100,0,70
2253,0,70
1407,0,70
1788,0,70
5670,0,70
2562,0,70
2478,0,70
4685,0,70
1115,0,70
4435,0,70
1790,0,70
1852,0,70
490,0,70
5401,0,70
5282,0,70
5965,0,70
825,0,70
5975,0,70
5356,0,70
5556,0,70
1061,0,70
1369,0,70
3856,0,70
2227,0,70
3005,0,70
665,0,70
3064,0,70
1012,0,70
5668,0,70
4623,0,70
2145,10,71
4567,9,71
631,6,71
5531,2,71
3089,10,71
2715,9,71
3208,7,71
1340,0,71
5958,8,71
3809,1,71
1830,6,71
4750,11,71
5570,2,71
1477,3,71
4915,5,71
5848,0,71
4138,0,71
3289,0,71
2717,0,71
203,0,71
1769,0,71
3726,0,71
19,0,71
1092,0,71
1675,0,71
1295,0,71
3887,0,71
5361,0,71
3751,0,71
4880,0,71
2006,0,71
3172,0,71
5768,0,71
444,0,71
573,0,71
2871,0,71
2118,0,71
4859,0,71
748,0,71
5891,0,71
5511,0,71
5494,0,71
5849,0,71
1931,0,71
3974,0,71
1039,0,71
17,0,71
2331,0,71
4240,0,71
5005,0,71
2707,0,71
212,0,71
2918,0,71
3915,0,71
671,0,71
977,0,71
5102,0,71
674,0,71
4033,0,71
1033,0,71
214,0,71
980,0,71
2949,0,71
899,0,71
4045,0,71
4000,0,71
1069,0,71
4424,0,71
4236,0,71
2182,0,71
5194,0,71
2436,0,71
364,0,71
5268,0,71
1613,0,71
2209,0,71
970,0,71
328,0,71
4629,0,71
529,0,71
5564,0,71
3465,0,71
174,0,71
1112,0,71
1690,0,71
2389,0,71
5371,0,71
4968,8,72
2204,6,72
5357,6,72
5512,1,72
1381,9,72
5022,11,72
5828,4,72
3813,4,72
814,4,72
3601,0,72
649,0,72
569,0,72
5303,0,72
2909,0,72
5137,0,72
1078,0,72
1794,0,72
1496,0,72
3349,0,72
5645,0,72
347,0,72
780,0,72
5893,0,72
919,0,72
4870,0,72
5394,0,72
1307,0,72
3756,0,72
3347,0,72
4644,0,72
271,0,72
3186,0,72
3370,0,72
3228,0,72
1608,0,72
3909,0,72
5084,0,72
2475,0,72
3366,0,72
82,0,72
1282,0,72
5373,0,72
2391,0,72
3630,0,72
883,0,72
516,0,72
4412,0,72
495,0,72
47,0,72
1890,0,72
1697,0,72
5864,0,72
244,0,72
2799,0,72
4085,0,72
744,0,72
5609,0,72
21,0,72
3784,0,72
5898,0,72
2374,0,72
4208,0,72
2870,0,72
2304,0,72
461,0,72
3877,0,72
5557,0,72
2112,0,72
1076,0,72
4958,0,72
3620,0,72
5253,0,72
4004,0,72
1776,0,72
3283,0,72
2653,2,73
2903,10,73
3049,4,73
3922,4,73
5720,11,73
5294,11,73
366,6,73
1036,1,73
32,3,73
3738,7,73
5753,9,73
2555,8,73
5639,10,73
1867,0,73
2281,0,73
3447,0,73
3884,0,73
4249,0,73
3206,0,73
676,0,73
1556,0,73
5116,0,73
3158,0,73
702,0,73
3602,0,73
5969,0,73
5509,0,73
3853,0,73
5433,0,73
1519,0,73
73,0,73
636,0,73
29,0,73
4350,0,73
3622,0,73
5181,0,73
807,0,73
2422,0,73
2210,0,73
2591,0,73
1422,0,73
5374,0,73
1056,0,73
1752,0,73
3164,0,73
4830,0,73
723,0,73
3284,0,73
4067,0,73
5901,0,73
3950,0,73
1784,0,73
5021,0,73
2017,0,73
1913,0,73
834,0,73
5430,0,73
2683,0,73
2403,0,73
58,0,73
1214,0,73
4637,0,74
526,8,74
598,7,74
3395,5,74
4495,3,74
2308,10,74
560,0,74
2914,0,74
2011,0,74
720,0,74
542,0,74
5644,0,74
5190,0,74
577,0,74
3742,0,74
3900,0,74
4970,0,74
5139,0,74
2410,0,74
1316,0,74
902,0,74
1509,0,74
2899,0,74
1284,0,74
5455,0,74
5122,0,74
2654,0,74
3861,0,74
4666,0,74
3356,0,74
4712,0,74
371,0,74
3737,0,74
2770,0,74
1818,0,74
2577,0,74
5259,0,74
5937,0,74
3314,0,74
4707,0,74
5309,0,74
1775,0,74
4699,0,74
4613,0,74
5809,0,74
2642,0,74
4290,0,74
1648,0,74
3889,0,74
1940,0,74
4161,0,74
2928,0,74
4406,0,74
5096,0,74
4170,0,74
3083,0,74
2982,0,74
4475,0,74
4746,0,74
2884,0,74
2264,0,74
957,11,75
5764,5,75
5280,2,75
1753,5,75
40,4,75
725,9,75
2319,6,75
1564,1,75
3719,2,75
3937,0,75
4485,0,75
1937,0,75
3142,0,75
4688,0,75
226,0,75
5744,0,75
1795,0,75
4456,0,75
556,0,75
3731,0,75
1067,0,75
4030,0,75
5369,0,75
4133,0,75
1189,0,75
4196,0,75
2866,0,75
4116,0,75
36,0,75
5053,0,75
5039,0,75
5416,0,75
1415,0,75
3143,0,75
4636,0,75
447,0,75
389,0,75
999,0,75
379,0,75
5821,0,75
3457,0,75
4925,0,75
1773,0,75
2506,0,75
3819,0,75
1938,0,75
659,0,75
1436,0,75
3894,0,75
2732,0,75
1955,0,75
3320,0,75
1511,0,75
1429,0,75
719,0,75
5249,0,75
1412,0,75
3816,0,75
4108,0,75
4603,0,75
791,0,75
1507,0,75
1031,0,75
2272,0,75
1392,0,75
2847,5,76
4885,6,76
4561,6,76
3997,3,76
3896,4,76
1989,1,76
5385,7,76
2030,2,76
2862,8,76
2452,8,76
2669,11,76
2060,11,76
2621,6,76
3456,10,76
5581,11,76
3989,0,76
5440,0,76
3050,0,76
1030,0,76
550,0,76
3675,0,76
2955,0,76
4232,0,76
4061,0,76
4055,0,76
1760,0,76
2065,0,76
5899,0,76
2307,0,76
3123,0,76
8,0,76
154,0,76
2195,0,76
1800,0,76
2427,0,76
3897,0,76
4776,0,76
4458,0,76
3369,0,76
553,0,76
2481,0,76
1254,0,76
1721,0,76
5520,0,76
3403,0,76
2702,0,76
2521,0,76
1075,0,76
686,0,76
3176,0,76
5752,0,76
4642,0,76
1695,0,76
5217,0,76
909,0,76
5358,0,76
2772,0,76
2236,0,76
293,0,76
4206,0,76
4167,0,76
272,0,76
5317,0,76
4402,0,76
760,0,76
4338,0,76
367,0,76
2074,0,76
2624,0,76
5737,0,76
4654,0,76
2494,0,76
1666,0,76
4078,0,76
4851,0,76
1104,0,76
554,0,76
3296,0,76
2609,0,76
5184,0,76
2023,0,76
1892,5,77
5915,6,77
5895,7,77
3479,0,77
563,2,77
1875,8,77
5866,3,77
2029,4,77
2205,1,77
5666,10,77
3789,5,77
5400,9,77
4238,6,77
112,11,77
2782,4,77
3552,10,77
4298,0,77
2977,0,77
1904,0,77
5888,0,77
4638,0,77
790,0,77
5894,0,77
3690,0,77
1516,0,77
1119,0,77
5378,0,77
978,0,77
288,0,77
2385,0,77
4016,0,77
2630,0,77
1998,0,77
4762,0,77
3038,0,77
5794,0,77
405,0,77
3333,0,77
5119,0,77
3373,0,77
981,0,77
194,0,77
3075,0,77
5760,0,77
3532,0,77
1163,0,77
4176,0,77
3009,0,77
778,0,77
5355,0,77
1685,0,77
4181,0,77
1238,0,77
1188,0,77
180,0,77
362,0,77
561,0,77
361,0,77
3286,0,77
853,0,77
4013,0,77
3043,0,77
4444,0,77
64,0,77
4087,0,77
3095,0,77
5351,0,77
855,0,77
5270,0,77
5577,0,77
384,0,77
1210,0,77
3780,0,77
4906,0,77
4973,0,77
360,0,77
5727,0,77
262,0,77
4964,0,77
4681,0,77
2877,0,77
4243,0,77
2334,0,77
1586,0,77
230,0,77
4082,6,78
525,7,78
2258,3,78
5938,1,78
5083,1,78
766,6,78
1147,9,78
4347,10,78
2520,5,78
817,8,78
832,4,78
4682,2,78
4662,11,78
4074,11,78
3955,4,78
772,3,78
3042,4,78
1827,11,78
1604,0,78
3436,0,78
2888,0,78
4993,0,78
1440,0,78
2180,0,78
2087,0,78
2867,0,78
5769,0,78
59,0,78
4912,0,78
5349,0,78
4123,0,78
4134,0,78
2050,0,78
3879,0,78
4797,0,78
3472,0,78
55,0,78
5826,0,78
5459,0,78
5485,0,78
127,0,78
3882,0,78
875,0,78
1654,0,78
5724,0,78
2990,0,78
570,0,78
1665,0,78
5063,0,78
1832,0,78
3381,0,78
1640,0,78
3572,0,78
3743,0,78
4595,0,78
635,0,78
3723,0,78
1314,0,78
4267,0,78
1565,0,78
1575,0,78
4541,0,78
4594,0,78
1699,0,78
982,0,78
1442,0,78
38,0,78
612,0,78
4632,0,78
1946,3,79
5614,6,79
4166,2,79
3404,9,79
1000,5,79
654,6,79
2142,11,79
2181,7,79
4778,2,79
3546,2,79
5633,1,79
3628,1,79
5634,6,79
4936,8,79
3133,10,79
5464,0,79
858,0,79
4313,0,79
3923,0,79
5019,0,79
5143,0,79
2974,0,79
4294,0,79
2863,0,79
5541,0,79
3852,0,79
2905,0,79
1152,0,79
650,0,79
4080,0,79
4471,0,79
2229,0,79
1887,0,79
1138,0,79
5446,0,79
1501,0,79
441,0,79
1187,0,79
2238,0,79
124,0,79
431,0,79
211,0,79
88,0,79
5364,0,79
2533,0,79
1023,0,79
452,0,79
5062,0,79
269,0,79
5515,0,79
5276,0,79
1331,0,79
2716,0,79
3661,0,79
2929,0,79
5216,0,79
1223,0,79
3710,0,79
5939,0,79
3605,0,79
3243,0,79
2553,0,79
3835,0,79
575,0,79
95,0,79
5900,0,79
3830,0,79
3112,0,79
298,0,79
506,0,79
1741,0,79
2664,0,79
4577,0,79
4319,11,80
1623,10,80
4873,4,81
4949,11,82
629,4,83
1710,7,84
3800,2,84
1116,11,85
3589,2,85
5257,5,88
3695,0,89
2582,9,89
2411,9,91
4515,5,94
5185,10,95
3029,9,96
963,2,101
3834,6,102
4411,9,104
956,11,105
2341,11,105
4921,4,108
2007,4,108
3986,4,109
149,11,109
1783,6,109
1912,6,111
4113,5,111
4693,5,112
704,4,112
5751,6,112
1954,4,113
5152,11,113
3302,11,113
5407,6,113
3025,6,113
3160,6,113
5399,11,114
5262,11,114
4211,6,116
4441,4,116
100,11,119
3563,2,119
1555,6,119
3494,6,120
4900,11,120
4741,4,121
2397,0,122
5325,8,122
5479,2,122
4476,6,123
2132,11,125
3000,4,125
4690,4,125
1765,9,125
3392,9,125
968,6,126
4265,4,127
4680,11,127
243,2,128
4246,9,129
871,9,130
1551,2,130
323,2,130
4705,2,131
1311,4,131
4316,7,131
5329,11,132
864,2,132
1543,6,133
312,2,133
4132,4,133
5293,4,134
1712,5,134
1463,9,135
3218,7,135
3099,7,136
331,11,136
1099,6,137
1344,11,137
5201,5,137
1619,5,138
1374,7,138
562,2,138
1625,7,139
4534,6,140
3899,4,141
3541,6,141
3343,2,141
1087,9,141
756,9,142
1953,10,143
3860,2,143
3822,7,143
5832,9,143
4297,9,143
48,4,144
1718,11,144
1379,11,144
5348,2,145
2814,11,146
4368,5,146
687,5,146
1289,4,147
4754,11,147
3984,9,147
828,2,148
3713,6,149
5028,10,149
497,5,149
2260,9,150
5061,5,150
886,7,151
4924,9,152
3368,10,152
856,11,152
1803,10,153
5496,9,154
5239,2,155
3831,5,155
4443,5,157
4204,10,157
2173,7,160
317,6,162
4519,9,164
392,4,164
5539,11,164
2049,7,166
2924,10,166
3629,10,166
97,9,167
2962,2,168
3934,11,168
3529,5,169
1677,4,169
4709,4,171
1461,6,172
2458,11,172
3364,5,173
2456,6,173
3591,11,173
2747,11,173
350,5,175
5711,4,176
1540,6,176
1763,6,176
2619,10,177
2197,4,178
3828,11,179
845,8,179
4194,2,180
101,6,180
3878,11,181
179,6,182
2636,0,183
2951,8,183
2981,2,184
911,7,185
3274,0,185
3478,4,185
2200,4,187
3542,9,187
3209,6,187
325,11,188
1334,9,189
268,2,189
2525,2,190
4058,11,191
3993,10,192
2426,6,192
443,4,192
1657,0,194
4302,4,194
2221,2,194
2627,8,194
3846,8,195
3698,2,195
4283,11,196
5289,4,197
3916,7,197
3304,5,197
1922,5,197
2894,6,198
2563,7,198
679,9,198
1494,7,199
1882,9,200
3354,2,201
3229,9,201
4631,2,203
3640,11,203
1297,10,204
2926,6,204
2155,7,204
4155,2,205
498,0,206
1703,5,206
5810,9,206
5012,11,206
1272,11,206
3234,1,207
5252,4,207
2420,5,208
3065,5,208
882,0,209
2490,1,209
5106,4,209
5510,9,209
4679,9,210
4850,6,210
2223,2,211
5386,7,211
5457,10,211
2725,10,214
5529,11,214
4490,9,215
527,1,217
5649,5,217
5234,10,218
4205,5,220
5812,6,221
406,7,222
398,11,223
4540,4,224
765,10,225
2344,11,227
5714,9,227
505,5,229
2843,9,230
2301,3,231
3022,2,231
972,4,233
504,6,233
2128,4,235
5047,6,235
2423,5,235
3549,11,235
4657,11,235
5936,10,236
2265,6,237
