4786,5,0
6271,5,0
7496,5,0
4749,5,0
1745,5,0
105,5,0
171,0,0
1653,0,0
7836,5,0
1239,0,0
126,0,0
2554,0,0
6750,0,0
1158,0,0
1721,0,0
2436,0,0
5541,0,0
7697,0,0
7500,1,0
266,1,0
4951,1,0
6937,1,0
1670,1,0
4572,1,0
1265,1,0
3389,1,0
7075,1,0
2130,4,0
228,1,0
329,1,0
4768,4,0
5969,1,0
1776,4,0
5120,4,0
6700,4,0
3415,4,0
621,4,0
4651,4,0
7792,4,0
297,2,0
4600,2,0
5435,2,0
6671,1,0
7437,2,0
6418,2,0
7573,2,0
113,2,0
1994,2,0
2029,2,0
2427,2,0
4213,4,0
4423,2,0
5846,2,0
1035,0,0
6132,2,0
381,2,0
1612,2,0
2996,2,0
1741,6,0
3021,4,0
5250,6,0
1736,6,0
3455,6,0
2086,6,0
3811,6,0
5607,6,0
7913,6,0
751,6,0
7643,6,0
28,6,0
2413,6,0
5017,6,0
293,6,0
2161,6,0
3833,6,0
2511,3,0
4131,3,0
6740,3,0
7427,3,0
405,5,0
4882,3,0
7333,2,0
7733,3,0
1889,3,0
4676,3,0
5422,3,0
1309,6,0
2362,3,0
1387,3,0
4118,3,0
2177,3,0
3588,3,0
6607,3,0
5114,3,1
5652,3,1
3660,3,1
7810,3,1
472,3,1
1436,3,1
2599,5,1
6969,5,1
1871,3,1
2293,3,2
1492,3,2
2604,3,2
4948,5,2
5684,3,3
7006,3,3
2242,3,4
3001,5,4
5659,5,4
3005,2,4
5910,5,4
7596,5,5
6630,0,5
7431,0,5
286,3,7
2761,0,7
37,0,7
1738,3,8
6884,3,8
3131,1,8
6407,0,9
6428,5,10
7847,5,11
4226,5,11
5088,0,11
18,3,11
1095,0,11
1513,0,12
3080,0,12
3641,5,12
4435,0,12
4730,1,15
3879,0,16
5470,5,16
6669,3,16
169,1,16
2668,0,17
2842,1,17
5482,3,18
3941,3,18
7297,1,18
7585,0,18
1075,1,21
4403,0,21
6393,1,21
6911,1,21
620,5,21
1367,4,22
2114,5,22
617,0,22
627,5,22
1733,4,23
4633,1,23
7166,5,23
4400,4,24
5003,5,24
2470,0,26
6078,1,26
7498,4,26
2116,4,26
6419,3,26
5779,0,26
1875,4,26
2995,0,26
4093,1,29
5489,0,29
60,5,29
1067,3,29
4141,4,30
4174,4,30
6929,4,30
7121,4,30
3642,0,31
6800,3,32
7186,5,32
1963,4,32
7449,2,32
3034,4,32
6901,3,32
7213,1,33
2769,2,33
6016,1,33
2713,2,34
4788,5,34
1577,1,34
4254,0,34
4473,2,35
4670,3,35
6046,2,36
6026,3,36
3922,5,36
6986,0,36
1006,2,36
1112,2,36
4804,1,36
642,2,36
833,3,36
2148,2,36
4356,2,38
6323,3,38
38,2,38
965,2,38
4332,2,38
7362,6,39
7240,6,39
5642,6,41
5667,1,42
1460,6,42
62,1,42
697,2,42
3704,6,42
4454,6,42
7762,1,42
2603,1,43
1615,6,43
1961,6,43
7727,5,43
6725,0,43
3367,1,43
5053,4,43
7103,3,43
7874,6,43
3981,6,43
7887,6,43
1017,6,43
3527,4,44
961,0,44
1097,6,44
1432,6,44
7489,4,44
807,0,44
7128,5,45
2757,5,45
4853,1,45
2256,6,45
2688,1,45
5010,6,45
5984,6,45
6300,6,45
3513,4,46
4578,2,46
7981,5,46
3940,2,46
413,6,46
5129,0,46
3452,6,46
6176,5,46
1320,3,46
4422,4,48
3238,1,48
3820,4,48
7639,3,48
3938,5,48
3006,6,49
371,1,49
4216,3,49
579,6,49
2731,4,49
4272,3,50
4907,3,50
4139,1,50
6604,3,50
865,3,52
411,0,52
2642,3,53
5632,6,53
6654,5,53
7684,5,53
4048,3,53
3032,6,53
3759,6,53
1169,4,53
1700,0,53
5899,1,53
7097,3,53
5490,3,53
684,0,55
1382,2,55
4137,3,55
4548,5,55
4584,4,55
900,5,56
1830,1,56
3129,1,57
3501,6,57
4302,6,57
4367,6,57
5865,4,57
657,1,58
881,0,61
982,1,61
1764,4,61
5727,4,61
5037,5,61
4856,6,61
688,6,61
1617,3,61
3130,4,61
5078,5,61
6674,0,61
1655,5,62
5801,3,63
6812,0,63
7290,6,63
7954,3,65
6463,4,65
7263,3,65
1005,3,66
2851,5,66
5509,6,66
2732,4,66
159,2,66
3450,2,66
1449,4,66
4603,6,69
3854,2,69
7632,5,69
2365,3,70
3220,1,70
5992,2,70
7685,3,70
7889,5,70
3838,0,70
2663,3,72
3853,6,72
5127,3,72
2773,2,72
5544,1,72
1161,3,72
3319,3,73
5630,3,73
879,5,73
3630,1,73
1459,2,73
3022,4,73
6753,3,74
680,1,74
6485,2,75
7605,4,75
464,1,76
2706,0,76
2912,2,77
3909,4,77
6641,3,77
7276,2,77
3165,0,77
5522,4,77
4592,2,78
4847,2,78
7571,0,79
3830,3,79
4999,1,79
6109,3,79
3251,3,79
3036,3,80
6633,3,80
765,1,80
2843,0,80
3829,3,81
4095,5,81
1176,1,81
3383,1,81
6655,6,81
469,0,81
3226,1,81
7238,2,81
5696,2,81
1932,2,81
6006,2,82
6208,0,82
7523,2,82
2647,5,82
6032,2,82
1453,2,82
5296,3,82
2109,5,82
3182,3,83
2164,6,83
6582,6,84
5144,2,84
294,2,84
3123,3,85
4227,1,85
5008,3,85
2631,4,85
2835,4,85
6410,2,86
6851,1,86
2174,2,86
7597,2,86
7937,5,86
6358,1,86
2302,3,86
2593,0,86
5045,2,87
202,4,87
2589,3,87
3667,3,88
5394,1,88
1317,1,88
1999,6,89
5596,2,89
6136,3,89
6382,0,90
6672,1,92
2332,3,92
4094,3,92
5289,2,92
5927,0,92
1074,6,92
4787,0,92
1172,1,92
6112,4,92
5064,5,92
6448,6,92
859,2,93
1985,3,93
990,6,93
6361,1,94
4968,1,95
6161,6,95
7172,1,96
1470,2,96
5278,0,96
6042,2,96
3753,2,96
433,6,96
7591,6,96
567,6,97
3232,6,97
3931,0,97
6404,1,98
2989,3,98
4346,4,98
7084,5,98
6495,0,98
6623,1,99
1694,4,99
325,2,99
7454,2,99
1891,2,99
6966,5,99
7323,1,99
3026,3,101
6117,6,101
6648,1,101
1402,0,102
5357,0,102
1955,6,102
647,6,103
6426,3,103
6576,3,103
1148,4,103
5823,3,103
2493,6,104
7171,6,104
672,4,104
927,0,104
4915,1,105
7222,1,105
3534,6,105
3717,4,105
6454,0,105
7545,2,105
4246,0,105
5963,3,106
3329,5,106
3900,4,107
6183,6,107
1084,2,107
1437,0,107
7124,4,107
5040,5,109
7653,0,109
3652,6,109
5622,2,110
750,5,110
4314,3,110
4601,1,110
6868,2,110
1604,2,111
4638,1,111
6150,3,111
7701,6,111
1119,6,111
6772,2,112
5864,3,114
5046,6,114
4591,3,114
6687,3,115
7116,4,115
2052,3,116
7359,5,116
1901,6,116
3116,1,116
387,0,118
6942,3,118
2881,6,118
3310,0,118
5327,2,118
5568,2,119
7816,4,119
814,3,120
1433,6,120
3419,4,120
3722,6,120
6206,3,120
1558,3,121
5024,6,121
1550,3,121
3934,6,122
1783,6,122
3490,0,122
5851,1,122
1080,4,122
6988,4,123
7366,2,124
7164,6,125
7576,2,125
4244,4,125
6277,2,125
541,3,125
3109,1,126
4696,6,126
4905,6,126
1211,0,128
3428,4,128
6141,4,128
529,3,128
5773,2,128
3270,2,128
1671,1,129
2032,2,129
2490,3,130
7812,6,131
3343,3,131
3684,1,131
6274,6,132
829,3,132
1779,2,133
2676,0,134
737,2,134
1410,3,134
4759,5,134
7953,0,134
775,1,134
5230,4,134
6207,4,134
115,4,134
6036,0,134
1530,2,136
6001,3,136
6320,2,136
7193,6,136
5556,1,136
4418,4,136
5025,2,136
540,2,137
3073,0,138
5446,2,138
7434,5,138
771,6,138
991,1,138
2719,5,138
651,0,138
1181,6,138
3282,2,138
4791,3,139
4185,3,139
2207,5,139
3327,1,139
4805,0,139
7419,4,139
2529,6,140
2987,1,141
5466,6,141
7982,5,141
67,5,141
1194,6,142
3088,6,143
1952,6,143
4023,2,144
362,3,144
6119,3,144
1799,0,144
7945,0,144
1201,6,144
5460,2,144
5076,1,144
5692,3,144
2013,6,144
3113,2,145
3281,4,145
5759,2,145
6659,3,145
3912,0,146
2505,0,146
3011,6,146
4098,5,146
1300,3,147
6169,5,147
5917,6,147
5988,1,147
6862,5,147
7795,0,147
2815,2,147
2935,3,147
4313,1,147
7537,6,147
7835,4,148
1940,3,152
5169,2,152
5136,4,152
2070,2,152
2966,1,152
3703,3,152
1140,0,152
4194,1,153
4720,2,153
5035,6,153
7169,5,153
4322,4,153
5322,6,153
1187,3,154
1547,4,154
3261,2,154
5093,3,155
6626,3,157
1312,6,157
1903,2,157
7739,4,157
2553,2,157
5209,5,157
288,1,158
635,4,158
1490,1,158
2687,0,158
2956,6,158
4429,3,161
2298,0,161
3295,3,161
1939,0,161
4017,6,161
5381,0,161
7422,6,162
2106,1,162
6104,2,162
7474,6,162
507,0,162
2290,6,162
5119,0,163
7069,4,163
3263,5,163
4112,5,163
1026,6,163
1225,2,164
1502,4,164
4784,4,164
808,6,164
1727,6,164
7608,6,165
6867,6,165
4709,4,165
4878,0,165
712,3,165
2559,3,166
2692,3,166
3650,1,166
4122,6,166
4543,5,166
5878,1,166
3126,4,167
3798,5,168
1729,0,168
3939,6,168
6004,2,168
3157,6,169
7143,6,169
563,6,170
3607,6,170
5625,2,170
5871,4,170
2741,0,170
733,3,170
3509,6,171
850,2,171
950,3,172
3071,2,172
5707,6,172
5889,4,172
4549,6,173
2073,0,174
2396,5,174
6106,1,174
3048,4,174
7757,3,174
443,6,174
1322,6,174
6616,2,174
2058,3,175
5004,4,175
6475,4,176
7330,2,176
4530,4,176
4649,1,176
3087,1,176
1842,3,177
2875,1,177
5019,5,177
1806,0,177
5612,2,177
7024,2,177
1020,3,177
1088,2,177
3076,4,177
4060,3,177
5648,6,177
963,0,179
2399,4,179
1092,5,180
3172,6,180
1641,4,180
7389,5,180
20,0,182
263,3,183
6014,6,184
1884,6,184
1602,2,184
2874,6,184
3358,5,184
3653,1,185
4172,5,185
5453,6,185
3260,3,185
2785,1,185
6870,2,186
7433,6,186
6061,3,186
4954,6,186
759,5,186
3030,2,186
4397,0,186
7296,4,186
7368,0,186
7834,3,189
340,3,189
3228,4,189
4640,6,190
2615,2,191
4152,2,191
4732,4,191
486,3,191
6296,3,191
3028,3,192
332,6,192
3566,4,192
6242,3,193
7876,2,193
1524,2,193
7230,6,193
1688,3,193
8,6,194
2128,6,194
3528,6,194
5975,4,194
1491,6,194
5177,3,194
5223,4,194
6557,3,195
40,1,196
3691,3,196
3739,0,196
3503,1,196
3665,6,196
4550,2,197
6146,0,197
844,2,199
5934,2,199
7215,3,200
5647,3,200
6637,2,200
3592,0,200
3734,3,200
4097,2,200
4277,4,200
5428,1,200
7428,6,200
2849,1,200
4067,4,200
1100,5,200
2551,6,200
6228,6,202
7634,3,202
70,2,202
2165,6,202
5097,3,203
7561,6,203
432,4,204
2297,4,204
2643,6,204
6502,3,204
7785,4,205
1323,3,205
2763,2,205
4750,5,205
6493,2,205
6587,6,205
7174,1,206
887,0,207
1569,6,207
4248,3,207
6166,4,207
6727,1,207
156,2,207
5406,1,207
6460,1,208
5901,0,208
4335,1,208
5399,6,208
3826,2,209
7027,2,209
4337,1,209
7832,6,209
3066,1,209
3198,1,209
4924,6,209
7404,0,209
435,3,209
6946,1,209
875,2,210
2640,6,210
3537,1,210
6055,0,210
2898,6,210
6471,2,212
740,3,212
764,4,212
1291,2,212
1804,2,212
498,4,212
2648,5,212
5511,3,213
7377,6,213
120,3,213
4071,0,214
6570,3,214
2669,3,214
3955,3,215
77,0,216
6591,3,216
4252,6,216
1256,4,216
1855,4,216
3166,4,217
3596,5,219
6600,2,219
7968,5,219
311,6,219
2614,6,220
3275,4,220
5547,2,220
6546,2,220
2877,6,220
6229,1,220
3481,6,221
5310,3,221
7930,5,221
5067,3,221
1987,0,222
7993,4,222
3320,5,222
5274,6,223
5872,3,223
1296,1,223
5072,3,223
7695,6,224
3183,2,224
3889,6,224
5449,0,224
7716,3,225
7873,6,225
5737,3,225
5002,0,225
6175,6,226
7051,1,227
1223,4,227
3915,6,227
4010,6,227
4722,2,227
7865,5,227
216,3,227
1173,3,228
534,1,228
3229,4,228
2929,2,228
82,1,228
525,2,228
1111,3,228
2992,4,228
4438,4,229
7850,6,230
1539,6,230
7494,3,230
7505,4,230
6606,2,230
1087,6,230
6054,1,230
6881,1,230
1337,5,230
5741,0,230
7251,2,230
2794,0,230
3093,6,230
3147,2,230
5911,4,230
6572,6,231
6844,3,231
496,3,231
648,3,232
1936,1,232
5900,1,232
6490,6,232
7512,3,232
2146,6,233
3735,2,234
7192,2,234
57,0,234
1869,0,234
6371,4,234
5018,6,234
4303,3,235
6170,6,235
6762,6,236
11,6,236
803,4,236
4138,3,236
806,2,237
933,3,238
1078,4,238
6556,4,238
1619,1,238
5577,6,239
4370,6,239
1965,6,241
2806,3,241
7278,2,242
6645,2,242
7274,2,242
1008,3,242
198,2,242
5699,2,242
5839,1,243
3771,1,243
4307,3,243
1290,6,245
4126,3,245
7047,4,245
6872,0,245
1041,6,245
5715,5,245
7495,6,245
5521,0,245
6825,1,247
7340,6,247
1654,5,247
4963,4,247
6201,1,247
7220,3,247
160,3,247
2715,6,248
5827,1,249
3878,2,249
5673,0,249
5795,1,251
6746,4,251
6218,0,251
2721,3,252
6617,4,252
1186,1,252
2254,5,252
6143,2,253
6472,5,253
7020,2,253
5058,3,253
130,6,253
5870,3,253
5874,4,253
7471,2,253
7503,6,253
218,6,254
1121,4,254
7491,4,254
4197,4,254
1561,4,254
678,3,254
2660,3,254
5042,2,255
5530,2,255
76,6,255
2374,4,255
2704,6,255
475,3,255
7607,5,255
1506,1,255
7029,0,256
7364,2,256
4965,5,256
5786,1,256
2311,0,257
2695,2,257
3420,5,257
5318,1,257
5372,0,257
5896,3,257
7678,6,257
4526,1,258
2641,2,258
5297,4,258
1598,3,258
6178,6,260
5996,3,261
7699,4,261
1207,5,261
2595,3,261
2564,0,261
5319,2,261
6423,4,261
2085,2,261
2351,3,263
2536,2,263
6815,3,263
2675,5,263
314,5,263
544,3,263
3058,0,263
5364,1,264
7797,6,264
7120,1,264
1372,4,264
5755,2,264
7283,3,265
4835,2,265
102,0,265
4430,1,265
5300,4,266
978,1,266
1182,6,266
3901,6,266
842,6,268
4863,6,268
5408,5,268
2807,4,268
1915,1,268
3332,3,268
3954,4,268
5946,6,268
7286,2,269
3457,0,270
1816,0,270
5301,4,271
6388,5,271
3733,2,271
4622,6,271
2546,3,273
3044,5,273
3716,3,273
5747,6,273
5952,2,273
465,6,273
3751,6,274
7547,2,274
36,2,274
977,3,274
2068,2,274
1663,4,274
5236,2,275
5854,3,275
2039,3,275
6116,3,275
7979,5,275
450,2,275
1895,3,275
3478,5,275
6008,6,275
4359,6,275
4748,6,275
1911,4,275
4409,6,275
403,4,276
4988,4,276
1339,3,277
2482,6,279
3426,2,279
5661,0,279
809,3,279
5272,0,279
7439,2,279
1319,1,282
2902,6,282
5171,3,282
4715,2,282
5985,1,284
986,6,284
1522,0,284
2178,6,284
7140,3,284
903,5,284
2360,1,284
2813,3,284
4381,4,284
5267,2,284
5629,3,284
831,5,284
2087,0,284
4996,3,284
1228,2,285
5338,6,285
5806,1,287
6503,3,287
513,0,287
4351,6,287
5501,1,287
6093,4,288
7771,1,288
6984,6,288
1808,2,288
3056,4,288
5560,2,289
6992,2,289
1268,1,289
5701,3,289
5636,3,289
811,6,289
2830,5,289
6124,6,291
5591,3,291
6328,2,291
7403,3,291
6874,4,291
7348,1,293
500,4,293
830,0,293
4014,3,293
4028,3,293
1971,6,294
554,6,294
4820,2,295
5474,4,295
4361,3,295
6267,0,295
2417,3,295
2700,3,295
2786,0,295
4279,2,295
7957,2,296
2652,3,296
1055,6,297
1452,3,298
2975,3,298
1652,3,298
2370,2,298
4739,4,298
4849,0,300
6063,6,300
58,5,300
1444,1,300
1643,3,300
6778,2,300
1992,6,301
4577,1,301
5090,2,301
5925,3,301
1630,6,301
6403,1,302
249,5,302
1038,1,302
3499,6,302
6039,5,302
6432,4,302
7272,1,302
6541,1,303
1098,4,303
1525,2,303
7714,4,303
3133,6,303
4631,2,304
1749,1,305
2809,6,305
3796,3,305
5280,5,305
5436,3,306
6902,3,306
1113,3,306
106,6,306
852,3,306
5166,1,307
4813,2,307
6284,0,307
1629,0,307
5538,1,307
7936,0,308
5255,2,308
2502,5,308
6915,5,308
2746,3,308
5096,3,308
1258,0,308
3207,4,308
3214,1,308
896,6,308
1354,5,308
1726,5,308
3634,4,309
5261,4,309
43,1,309
2364,2,310
3903,3,310
5732,1,310
7415,4,310
2371,6,311
4902,6,311
44,2,311
975,6,312
3273,6,314
4297,2,314
4513,1,314
4251,6,315
2319,4,315
236,1,315
5133,1,315
7361,6,315
723,3,315
2620,6,315
7436,3,316
813,5,316
4012,3,316
7054,1,317
4501,6,317
6060,3,317
7483,3,318
2239,3,318
3572,4,318
7062,6,318
834,4,318
2605,1,319
1363,3,319
3208,4,319
2527,2,320
931,0,321
5744,6,321
7233,2,321
3378,0,322
250,1,322
4005,2,322
6389,5,322
3967,0,322
7958,0,322
4778,2,322
203,0,322
7783,4,322
6375,2,323
7513,5,324
5880,4,324
538,1,324
6105,6,324
7484,4,324
4703,5,324
5416,2,324
5962,2,324
4050,6,324
7535,1,324
2152,2,324
2708,3,325
6446,1,326
5858,3,326
6348,6,327
7134,4,327
118,6,329
316,1,329
2702,3,329
7612,6,329
5418,2,329
756,5,329
1803,4,329
4453,1,329
4790,6,329
6007,2,330
6477,2,330
7501,4,331
5589,1,331
5734,2,332
6688,3,332
882,2,332
2464,5,332
7255,4,332
4553,4,332
4814,6,333
6034,6,333
7393,4,333
3151,2,334
4990,1,335
124,6,335
1656,1,335
5768,3,336
308,0,336
453,2,336
649,3,336
3039,3,337
6349,6,337
925,6,337
1752,2,337
1623,4,338
4816,6,338
4011,5,338
6234,2,340
1229,1,340
1454,6,340
6738,6,340
4594,2,340
7083,4,340
1264,4,341
5337,3,341
6317,1,341
65,6,341
1948,0,343
1950,3,343
2483,3,343
5221,2,343
4666,3,343
4701,6,343
7574,5,343
6592,1,343
2183,2,343
3244,1,345
3831,3,345
5634,1,345
425,2,345
6462,3,345
7011,3,346
5462,5,346
5463,6,346
5954,1,346
4021,6,346
459,6,347
3760,5,347
4780,3,347
6540,1,347
7346,4,347
3710,3,347
280,6,348
5495,3,348
7952,3,348
1834,4,349
142,3,350
7214,6,350
7525,0,350
1333,2,350
3882,3,350
6114,1,350
1224,3,351
4716,3,351
4401,0,351
6344,6,351
851,2,352
5348,4,352
7380,4,352
939,3,353
1648,2,354
4001,4,354
7068,4,354
1975,2,354
2496,6,354
7942,6,354
245,0,354
1342,1,354
2012,1,354
3529,0,356
3738,0,357
4184,1,357
5605,3,357
5745,2,357
5887,6,357
7669,6,358
547,3,358
3284,5,358
5001,3,358
669,2,358
673,4,358
4056,5,358
5268,6,358
5756,2,359
7231,6,359
7590,4,359
504,1,359
1125,2,359
4658,0,359
4733,5,359
4892,6,360
5005,4,360
6353,2,361
399,5,361
6420,4,362
7050,4,362
725,5,362
3485,1,362
3654,0,362
6695,6,362
431,0,362
3876,1,362
3721,6,363
5471,6,363
3980,6,363
2625,2,363
3502,4,365
3242,0,365
4077,2,365
3747,3,365
4643,3,365
1072,0,365
7726,3,365
526,2,365
3851,3,365
4665,6,365
5703,0,365
2450,0,366
3331,0,366
3458,1,366
6091,1,366
6555,2,367
6726,5,367
7837,4,367
5793,2,367
2308,6,367
5903,2,368
133,5,368
5430,2,368
5691,4,368
1567,4,370
2006,3,370
2981,0,370
5389,6,370
5151,4,371
1578,3,371
3392,3,371
4480,5,371
2636,1,371
6536,3,371
1650,1,371
2463,6,371
7563,5,371
5374,2,372
2930,4,372
5195,2,373
3291,0,373
622,3,373
5324,6,373
1618,3,373
4315,0,374
5162,1,374
3463,6,374
3520,1,375
4402,6,376
7055,1,376
439,0,376
2176,5,376
488,3,376
2664,5,376
341,6,377
394,6,377
1637,2,379
5159,1,379
5711,6,379
6286,2,379
6578,4,379
241,3,379
2588,6,380
6891,6,381
1553,3,381
5044,4,381
5848,6,381
6758,2,382
2344,3,383
4626,0,384
6948,1,384
5907,3,384
7648,0,384
1082,3,384
1873,6,384
5940,3,385
7738,3,385
598,0,385
6895,3,385
2323,1,385
1644,3,386
6131,1,386
6508,4,387
3762,0,387
5753,4,387
1686,3,388
1956,2,388
2754,3,389
4374,3,389
5843,3,389
1128,0,390
4772,3,390
972,6,390
2744,6,390
3904,0,390
88,1,391
715,0,391
5464,1,391
5810,6,391
7096,2,392
1789,2,392
3618,3,393
4818,2,394
5582,5,394
1912,3,395
6465,4,395
2543,6,395
4181,1,395
2651,3,395
3464,2,396
1754,1,396
5070,5,396
2716,4,400
1582,4,400
2419,6,400
3613,3,400
4839,4,400
7724,0,400
949,2,400
1011,6,400
7000,1,400
4029,3,400
5763,2,400
7744,5,400
4671,4,400
3237,3,402
3872,3,402
4421,4,402
5112,2,402
7435,3,402
2115,3,402
15,2,403
536,2,403
849,4,404
3730,3,404
4448,3,404
5502,2,406
7117,4,406
4934,6,406
3584,3,406
6081,6,406
6110,3,406
7168,0,406
686,6,407
6483,1,407
560,2,407
3148,0,407
3769,5,408
1568,6,408
5837,4,408
3590,0,409
3063,1,409
3479,2,409
5258,1,411
6581,1,411
5420,5,411
5039,0,412
5624,3,412
2077,5,412
6122,4,412
7649,5,412
345,1,412
4930,6,412
176,2,413
389,2,413
2384,2,413
6596,2,413
7281,6,413
681,2,414
1556,3,414
2303,3,415
7304,3,415
2429,2,415
5784,2,416
1960,4,416
4700,2,416
2263,4,418
2583,2,418
3453,5,418
3658,2,418
4604,3,418
4269,6,419
6484,5,419
776,3,419
4660,2,419
183,3,420
3732,2,420
4506,3,420
605,1,420
1124,4,420
474,0,421
1859,3,421
4551,3,421
5510,1,422
98,6,422
897,2,422
1632,6,424
1856,1,424
3286,6,424
3616,4,424
3997,3,424
5587,2,424
1699,6,425
3731,0,425
633,5,425
1136,3,425
6188,4,427
6764,1,427
7803,5,427
2472,6,427
2865,4,427
4906,3,427
4949,6,428
5314,5,428
4173,3,428
6979,3,428
3993,6,428
5616,6,428
2864,3,428
3267,6,428
679,2,429
6975,5,429
7980,2,430
1760,4,430
2127,0,430
5226,2,431
2466,3,431
3393,3,431
4702,3,432
4038,1,432
980,2,432
989,6,432
2622,5,432
3789,6,433
7801,4,434
915,1,434
1634,0,434
125,6,434
1954,2,434
3434,6,434
380,0,434
1847,3,434
4219,3,434
7939,4,434
3081,3,435
7187,0,435
482,2,435
2735,0,435
6949,1,436
7363,2,437
7603,3,438
4691,1,438
4799,3,438
6821,6,439
5617,1,439
6960,2,439
3272,3,439
2312,2,439
6249,6,439
6588,2,441
1388,3,441
4821,4,441
4946,6,441
6086,6,441
3966,0,441
5125,2,441
5383,5,442
6022,4,442
658,3,442
3774,4,445
92,4,446
1879,2,446
225,3,448
6255,4,448
5566,0,448
6367,3,448
2778,6,448
3313,5,448
3403,6,449
5604,3,450
1790,5,450
2369,5,450
7464,1,450
1235,6,450
2486,3,450
5600,6,450
7504,0,451
795,4,451
3429,0,451
4193,6,451
4406,6,451
5884,5,452
7681,6,452
5651,3,452
3051,3,452
7628,6,454
7962,1,455
1517,1,455
2194,0,455
4154,1,456
6649,3,456
1500,6,456
578,3,456
4669,3,456
6299,4,456
2552,0,456
2662,6,456
3067,2,456
5913,2,457
1927,0,457
2062,1,458
5473,1,458
5739,0,459
6398,6,459
271,5,459
4275,5,459
5842,1,459
1488,6,459
6840,5,460
7807,0,460
61,6,460
4000,2,461
4854,2,461
2832,4,461
4831,3,461
6126,0,461
204,3,462
1642,5,462
1837,6,463
4340,3,463
6751,3,463
4973,3,463
269,3,464
2387,3,464
3413,3,464
5791,1,464
7492,2,465
448,6,465
1019,2,465
6468,4,465
7758,5,465
5415,5,465
1528,2,465
2455,6,465
4992,2,465
5562,2,465
5650,2,465
7831,6,466
430,6,466
1570,6,466
2268,1,467
2736,2,467
3694,3,468
4187,6,469
1122,0,469
6965,1,469
1824,0,469
3377,4,469
6791,2,469
2840,3,471
988,0,471
3743,1,471
7151,6,471
4674,3,472
5833,6,472
6160,4,472
893,3,473
1086,4,473
3952,4,473
5179,0,473
86,1,473
7376,0,474
2727,6,474
2756,6,474
1821,3,474
2503,2,475
3053,1,476
5520,1,478
7566,2,478
1563,5,478
2540,2,478
6113,0,478
1424,3,478
6987,3,479
4309,1,479
1473,3,480
3680,1,480
7248,3,480
4642,6,480
4899,0,480
7737,3,480
5205,0,480
6627,6,481
4719,5,481
6416,6,481
2088,5,481
4823,5,481
4116,3,482
4521,1,482
7479,1,482
792,1,482
1073,3,482
7157,6,482
4808,3,483
5358,6,484
7136,1,484
2169,2,484
4857,0,484
1511,5,484
1548,3,484
2433,2,485
3271,6,485
3839,3,485
6052,2,486
6513,0,486
4218,5,486
6676,0,486
948,2,486
6359,6,487
3561,4,487
936,5,487
5213,6,487
6193,3,488
1234,6,488
4114,5,489
32,0,489
437,4,489
6956,2,489
3018,5,489
4885,4,489
3978,3,489
7441,4,490
1356,6,490
7303,1,491
373,3,491
2722,3,491
4345,5,491
4840,1,492
5279,6,492
3516,3,492
6856,1,492
1023,3,493
2919,3,493
3959,3,494
7516,1,495
2313,6,495
6270,5,495
3601,6,495
5350,4,496
6379,3,496
5123,2,496
6455,2,496
4797,4,496
3438,6,497
2504,5,497
5939,5,497
357,3,498
5895,6,498
7007,2,498
5174,2,498
5783,2,499
2833,2,499
7191,3,499
7838,2,499
59,3,499
219,0,500
926,0,500
5792,6,500
2278,4,500
5246,2,500
2758,0,501
4525,4,501
5465,5,501
3223,3,501
4579,1,501
4685,6,501
6402,6,502
6955,5,502
1040,4,502
2230,6,503
3822,2,503
5965,3,504
254,1,504
2000,6,504
2928,6,505
223,6,505
3497,1,506
7091,3,507
352,1,507
883,2,507
3726,3,507
7379,4,509
2287,0,509
5138,5,509
6989,4,509
4573,6,509
229,3,509
390,2,510
4571,4,510
1226,6,510
2878,1,510
3257,0,512
3644,4,512
5828,2,512
3050,5,512
5288,3,513
1922,5,513
3442,3,513
4323,3,513
251,4,513
5198,6,514
6629,4,514
3921,1,514
141,3,515
2800,6,515
7335,6,516
2322,1,516
3517,1,516
1673,2,516
3218,4,516
4292,4,516
4394,2,516
5395,1,516
3312,4,516
5309,4,518
1440,3,519
5014,3,519
6101,1,519
2024,0,519
3860,6,519
3926,0,519
5687,4,519
1139,3,519
6339,6,519
315,4,519
2416,1,520
4445,0,521
7397,3,521
2837,6,521
3233,2,521
4300,4,521
1626,5,522
1703,1,522
6798,1,522
7778,0,522
1983,0,522
2307,6,523
7258,3,524
533,3,524
1796,3,524
1832,3,525
2326,5,525
2422,1,525
2453,3,525
6380,1,526
535,6,526
629,0,526
846,1,526
6977,3,526
1532,2,526
2903,3,526
3372,5,526
899,4,526
3648,1,526
7150,6,527
5239,6,527
107,5,527
6024,4,527
16,6,527
2234,1,528
4426,2,528
5640,1,528
6326,2,528
6496,4,529
3162,2,529
4567,0,529
5926,2,529
3619,3,529
874,4,529
5498,2,531
6661,1,531
6728,3,531
1328,0,531
1947,2,531
2961,6,531
3085,2,534
4155,3,534
7741,3,534
1083,6,534
5721,4,534
6876,6,534
162,1,534
1236,6,534
1560,4,534
5885,6,534
6705,6,534
1967,5,535
2252,3,537
7342,5,537
4877,2,537
5242,0,537
1899,6,537
6921,4,537
5514,4,537
5150,1,537
7189,4,538
615,2,538
7780,5,539
3108,2,539
3622,2,540
5966,4,540
1874,3,540
2211,3,540
4461,5,540
564,5,540
2720,2,540
5187,6,540
2948,3,540
5439,3,540
5990,3,540
7418,3,541
4386,6,542
3112,0,542
3817,0,542
6852,6,543
2701,1,543
2811,5,543
2993,0,543
3615,0,543
1566,2,543
5413,4,543
1795,4,545
6814,6,545
7253,3,545
7583,1,546
103,4,546
2899,3,546
5621,0,548
5956,2,548
3421,4,549
246,4,549
1326,1,549
2953,4,549
5892,0,549
6377,3,549
4953,6,549
7212,6,550
3118,0,551
3411,5,551
6030,5,551
1481,0,551
2005,1,551
4646,2,552
1362,2,552
2138,6,552
4257,6,552
4602,5,554
5038,5,554
7849,3,555
2010,0,555
3621,3,555
2019,4,555
4486,6,555
5944,2,555
853,1,555
4538,1,555
349,6,555
5240,2,555
5597,3,556
7320,1,556
140,2,556
2943,1,556
4105,2,556
1485,4,556
4776,3,556
5584,2,556
7664,3,557
7093,3,557
4535,1,557
4781,3,557
6189,5,557
1581,6,557
6469,3,557
1573,2,558
1714,0,558
3193,6,558
6263,3,559
6519,1,559
2324,3,560
4694,3,560
6285,3,561
6165,3,561
6731,5,561
7309,2,561
4189,1,562
5443,6,563
6057,1,563
4458,4,563
461,0,564
5355,6,565
6431,3,565
7859,0,565
5387,6,565
6435,0,565
3258,0,566
6082,4,567
23,0,567
569,2,567
5292,1,567
5531,5,567
2690,3,567
4311,5,567
440,6,568
4132,6,569
5685,0,570
7234,6,570
3047,2,570
4202,4,570
6976,2,570
4862,4,571
4031,4,571
3288,4,571
5142,3,571
7073,0,571
943,1,572
5157,0,572
6281,0,572
1390,1,573
1336,3,574
6005,1,574
1411,2,574
5902,0,574
7295,1,574
7644,1,574
2991,5,575
5619,3,575
2915,0,575
1917,2,575
2926,6,575
3666,4,575
4368,2,576
7819,2,576
4503,4,577
7250,4,577
317,6,577
3132,3,577
3155,6,577
6050,4,577
2565,6,579
369,4,579
1144,6,579
1408,0,579
1628,5,579
4931,2,580
979,3,580
2131,0,580
4623,2,580
6058,1,580
7907,4,580
2689,6,580
7909,6,581
2467,6,581
3356,3,581
3989,6,582
1467,2,582
5467,6,583
6220,4,583
772,2,583
1844,0,583
4262,4,585
5131,2,586
3023,2,586
3964,2,587
848,6,587
3951,3,587
4113,5,587
4366,4,587
2573,6,588
4388,0,589
1314,4,589
3354,2,589
5233,0,589
419,1,589
508,5,590
3064,0,590
4341,3,591
429,3,593
1906,0,593
1923,3,593
2170,1,593
4875,1,593
4980,6,593
2153,1,594
3467,1,594
4103,5,594
5379,2,594
7677,6,596
2149,5,596
7652,0,596
7694,2,596
4706,3,597
5023,2,597
1369,3,598
6035,2,598
6311,4,598
7327,2,598
1521,6,598
2262,5,598
3840,1,598
4628,0,598
5635,4,599
6085,3,600
6923,2,600
7385,2,600
7960,2,600
666,0,601
1278,1,601
4962,6,601
7861,6,601
6108,2,601
7275,3,601
7885,4,602
309,5,602
1501,3,602
4920,0,602
6191,4,602
5457,4,602
636,2,604
2683,6,604
3814,3,604
5729,2,604
7925,2,604
1030,1,604
3186,3,604
155,6,604
4115,3,604
1385,6,604
3608,5,604
6554,2,606
2748,5,606
5943,4,606
457,6,606
2659,3,606
5484,6,606
6203,3,607
3585,6,607
3256,1,608
6202,3,608
558,3,608
1541,0,608
3598,6,608
3918,6,608
6907,0,608
2547,3,609
2658,3,609
4064,4,609
1512,6,609
5000,3,611
7764,1,611
728,2,611
2158,2,611
6744,2,612
6804,3,612
7148,3,612
7793,4,612
6620,4,612
613,1,612
3323,0,612
3514,5,613
4632,6,613
6345,4,613
4837,5,613
5111,3,613
2072,3,613
7176,3,613
6996,1,614
1431,2,614
7493,1,614
1146,4,614
2080,6,614
2725,6,614
4667,6,615
4140,6,617
7966,1,617
2274,3,617
2650,6,617
3620,2,617
4629,2,618
4986,6,619
5668,3,619
1127,3,619
4107,6,620
4933,2,620
4880,4,620
7553,0,621
4677,2,623
4802,4,623
2057,3,623
3943,5,623
5979,1,623
4206,2,623
5130,2,624
7619,6,624
3042,3,627
694,0,627
1106,6,627
2681,2,627
3677,2,627
3983,6,628
4440,6,628
5370,5,628
5445,3,628
7784,4,629
7790,4,629
1183,6,631
1706,0,631
2205,6,631
2345,1,631
7165,0,632
3841,0,632
1116,6,632
2286,0,632
2315,6,632
2401,6,633
4489,4,633
7032,1,634
1724,4,634
3899,0,634
3583,2,634
5041,1,634
2373,3,634
7902,1,634
2653,1,634
4058,3,634
4481,0,635
1708,6,635
4698,2,635
5182,2,635
6799,5,635
6919,5,635
264,5,635
2582,6,636
2228,0,636
383,0,636
4295,3,637
6909,6,637
63,2,638
2457,1,638
3012,0,638
575,3,639
3379,4,639
3345,2,640
3987,3,640
5688,3,640
512,4,641
922,2,641
168,4,642
2103,3,642
4921,1,642
1907,3,642
2166,0,642
1200,4,642
2500,3,642
2576,1,643
3171,1,643
3907,3,643
5283,1,643
885,6,643
2386,1,643
6340,0,644
5578,5,644
7994,3,644
821,0,644
4378,5,645
1174,5,646
3679,6,646
2175,2,646
6021,2,646
6682,6,646
7706,0,648
2781,2,648
4916,1,648
5071,1,648
522,0,648
1640,5,648
3791,3,648
4779,3,648
5020,6,648
4743,1,648
7916,3,649
409,6,649
1042,0,649
7604,2,649
7763,6,650
421,5,650
495,6,650
1464,2,652
1534,1,652
7353,2,652
7670,2,652
2596,3,652
3216,1,652
3376,1,652
3556,0,652
6912,6,652
7752,2,652
2855,6,653
5404,4,653
2219,3,654
5122,6,654
7624,4,654
1270,0,654
5725,2,656
1757,4,656
302,6,656
4976,3,656
5561,1,658
6590,2,659
1058,4,659
4186,2,659
5353,3,659
7705,6,659
4678,6,659
6306,3,659
3103,3,659
3719,4,661
5006,6,661
7814,2,661
2760,4,661
3179,3,661
5315,3,662
6350,1,662
1409,3,662
4006,3,663
5077,3,667
6534,1,667
7882,1,667
3924,1,667
2578,2,667
7413,2,667
1968,0,667
4914,6,667
6848,3,667
1373,0,667
7319,1,667
2209,4,667
6827,4,667
7202,6,669
5491,3,669
1196,2,671
3744,6,671
4735,2,671
7129,1,671
7984,5,671
87,0,671
6953,0,671
1394,3,672
1527,4,672
1896,2,672
5191,1,672
1220,0,673
2094,0,673
4175,2,673
5066,4,673
1180,4,673
7662,5,674
492,6,675
6327,1,675
1137,2,675
1034,2,677
1636,3,677
2063,5,677
2859,2,677
4758,3,679
4904,6,679
5369,2,679
3280,2,679
6970,2,680
593,6,680
616,6,681
2894,2,681
2018,0,681
2802,4,681
6506,3,681
3552,6,681
2424,5,681
3664,5,681
5366,4,682
1419,2,682
7328,0,682
942,1,682
7895,4,682
146,6,683
2501,3,683
4970,1,683
5953,4,683
2465,6,683
2570,3,685
3224,6,686
7462,6,686
2047,3,686
5487,0,686
6529,4,686
1739,0,687
1894,2,687
709,6,688
1135,1,689
3154,1,689
3674,5,689
3678,1,689
4091,6,689
6129,3,689
3809,0,689
924,4,689
4171,4,689
412,5,689
5807,2,690
1565,2,690
7058,3,690
935,0,691
2907,2,692
2967,2,692
4621,1,692
5341,4,692
3382,5,693
205,5,693
1221,0,693
2524,4,693
3398,0,693
5109,1,693
6015,1,693
1900,3,693
6394,6,695
2686,6,695
5295,4,696
6749,6,696
7924,2,696
516,6,696
1371,2,697
1510,3,698
3262,5,698
6826,2,698
2869,6,698
4773,6,698
6168,6,698
184,4,698
1744,1,698
4393,2,699
7751,0,699
909,2,699
1061,5,700
151,6,700
1482,3,700
1841,2,700
1980,0,700
2383,3,700
4467,0,700
6219,3,700
7550,2,700
505,6,701
4699,4,701
7897,6,701
5580,2,701
2459,3,702
348,4,702
892,6,702
1418,5,702
1771,4,702
1684,3,702
2784,1,702
5455,2,702
7063,3,702
2654,6,702
5146,2,703
5976,6,703
91,3,703
7708,6,703
2900,2,703
3328,2,704
5232,1,704
351,2,704
1543,2,704
1781,1,705
5007,6,705
5448,1,705
1052,3,705
1103,5,705
1107,6,706
2328,2,706
3655,2,706
4564,2,707
5989,6,707
6563,4,707
2041,4,707
4068,3,707
5751,2,707
7432,6,707
2454,2,707
5103,5,707
5716,4,707
6318,6,707
659,0,707
7061,3,707
4657,2,707
7899,3,707
3757,6,707
5021,6,708
5717,3,708
6464,0,708
476,3,708
1592,6,710
1298,4,711
3106,6,711
6830,6,711
7455,2,712
1805,6,712
5628,5,713
5824,3,713
6938,4,714
841,3,714
1979,3,714
3196,2,714
4304,3,715
1021,3,716
1259,3,716
7197,4,717
7910,6,718
215,0,718
291,1,718
1881,2,718
97,3,718
3013,2,718
5733,4,718
955,6,718
3546,5,718
17,1,718
1697,3,720
7388,2,720
798,1,720
2818,3,720
7808,4,720
3963,3,721
1633,6,722
2394,6,722
3709,3,722
4876,3,723
2229,6,724
6625,0,724
1666,2,724
3507,0,725
1597,2,725
4229,6,725
4234,3,726
1746,3,726
3225,1,726
3439,6,726
4596,4,726
5513,6,727
5840,2,727
4255,1,728
7919,3,728
2105,5,728
4505,6,729
7373,6,729
7878,5,729
3268,2,730
3316,2,730
6453,3,730
222,2,730
6025,0,731
6074,0,731
1441,2,731
1707,6,731
2305,1,731
3610,2,731
7879,2,732
5735,1,732
7237,4,732
1198,6,732
3782,3,733
7786,5,733
923,6,734
4002,3,734
2959,5,734
7659,6,734
7728,1,734
1311,4,734
1315,0,734
6441,2,734
7965,5,734
416,2,735
971,1,737
4569,3,737
5320,2,737
4822,6,737
7053,0,737
2904,3,737
3781,3,738
4612,0,739
6838,6,739
7107,0,739
2376,6,740
7735,6,740
7896,2,740
1611,4,740
2753,2,740
3960,1,740
272,2,740
4558,2,740
5149,0,740
2059,5,740
4225,0,740
1170,5,740
1914,6,740
4081,4,740
5178,6,740
4511,3,742
6399,2,742
650,3,743
3340,5,743
3807,3,743
93,0,743
1077,0,743
2602,2,743
415,0,745
2099,0,745
2892,1,745
4717,6,745
7928,0,745
312,2,746
328,2,747
1416,0,747
6724,4,747
5396,2,747
66,5,747
4762,0,747
6260,3,747
7311,3,747
364,6,748
721,6,748
1639,1,748
645,1,748
4007,6,750
2556,3,750
6056,4,752
1756,6,752
7580,5,752
641,0,752
3390,6,752
7637,6,752
296,4,752
7326,3,752
2542,6,753
2666,3,753
6615,3,754
3448,6,754
376,2,754
6780,6,755
5551,6,755
2498,1,755
3802,4,755
4101,1,755
4515,2,755
4937,3,756
1192,6,756
4156,6,756
7747,2,756
711,6,756
5912,5,756
7613,3,757
6512,3,757
7509,2,758
6880,4,758
827,5,758
3035,6,758
670,3,759
7595,3,760
877,3,760
1957,0,760
3707,2,760
7188,1,760
2020,6,761
3111,2,761
2918,1,762
3957,3,762
7593,3,762
2101,3,762
2768,2,762
3004,4,763
4595,4,763
5102,6,765
6883,2,765
7976,2,765
3522,6,765
4431,0,765
5409,3,765
227,4,765
2751,3,766
4894,3,766
3449,6,766
6667,6,766
2249,1,767
6690,1,767
5859,0,767
2097,3,768
3799,1,768
6341,0,768
722,4,768
2147,4,768
248,4,768
784,2,769
3783,3,769
7520,5,769
603,5,769
6552,5,769
1032,5,769
7277,6,769
918,6,769
1002,6,769
4557,1,770
6196,2,771
6941,3,771
1660,4,771
571,4,772
3002,2,772
3835,3,773
6437,4,773
7141,2,773
5190,1,773
1778,5,774
2697,6,774
555,4,776
2132,3,776
4271,2,776
5748,6,776
6226,5,776
7408,3,777
1487,3,777
7675,3,778
306,2,778
4539,2,780
5862,0,780
1627,1,780
2497,6,780
5845,2,780
1262,3,780
3498,1,782
4163,3,782
4475,2,782
6723,3,782
1812,3,782
2279,5,782
828,3,783
3444,5,783
3606,1,783
4443,2,783
5229,4,785
1407,0,785
3578,2,785
5140,3,785
2089,0,786
2635,1,786
4236,0,786
6773,5,786
6922,0,787
7616,1,787
5442,0,787
1204,6,787
5043,2,788
5534,3,789
2438,6,789
3575,1,789
5532,6,789
6295,0,789
372,0,789
4487,5,789
6567,0,789
7334,6,789
7775,2,789
3401,0,790
4798,2,790
5778,0,790
5819,2,790
665,1,790
4846,2,790
7399,3,790
5771,4,790
2639,4,790
3550,3,791
6708,2,791
2420,3,791
4330,0,791
27,0,792
1099,3,792
5955,3,792
7521,6,793
3414,0,793
3492,1,794
6482,2,794
56,6,794
698,6,794
2113,6,794
6678,3,795
382,1,796
1931,0,796
6184,6,796
6231,6,797
3668,3,797
6486,0,797
7112,1,797
3347,0,797
3456,2,798
5503,6,798
6210,4,798
131,2,800
1376,2,800
1814,5,800
780,3,800
2428,0,800
6107,3,800
7620,2,801
521,2,801
7569,4,801
7866,4,801
45,3,801
4537,5,801
7915,0,801
2994,3,801
5572,0,802
3445,6,802
7760,0,802
2644,6,803
295,6,803
1571,1,804
2873,6,804
3443,1,804
4203,5,804
6010,3,805
7765,2,805
7782,6,805
2691,1,805
4654,2,805
1693,6,805
3866,4,806
81,4,808
238,2,808
1199,3,809
1788,3,809
4180,4,811
1046,6,813
3217,0,813
3366,2,813
2330,1,813
4956,1,813
7647,3,813
2816,1,815
3623,5,815
4082,2,815
7912,6,815
7657,0,815
1826,5,815
7777,2,815
3640,0,815
5483,4,815
6095,6,816
1195,4,818
2726,2,818
2530,3,818
5993,3,818
2934,3,818
4212,6,818
5265,6,819
157,1,819
1145,0,819
5620,3,819
3441,3,819
6900,6,820
7456,5,820
41,0,820
1765,3,820
2446,0,821
6632,3,821
188,3,821
1179,4,821
1000,1,821
2346,5,821
1651,6,821
3041,3,821
5570,3,821
1338,6,822
3160,2,823
3693,3,823
2203,6,823
5664,0,823
1398,6,823
2887,4,823
4143,2,823
6781,2,823
610,0,824
2591,3,824
6233,0,824
6864,0,824
7544,3,826
6860,2,826
4119,2,826
4673,4,826
7855,1,828
4150,4,828
5351,5,828
1313,3,828
2317,2,828
2507,6,828
652,2,828
908,3,828
1094,0,829
1692,1,829
5132,3,829
7602,3,829
1001,6,830
7510,5,830
6127,3,830
3742,1,830
5163,2,831
5352,3,832
3350,1,832
5959,0,832
518,4,832
3626,4,832
3433,3,833
4395,5,833
2355,2,833
6837,6,833
819,0,835
1600,6,835
4689,2,836
6647,5,836
212,3,836
6253,4,837
7881,3,837
213,5,837
6719,2,837
1696,6,837
4075,6,838
4795,6,838
4975,0,838
5485,6,839
5931,3,839
7946,6,839
3435,1,839
2139,2,839
3554,1,840
4998,5,840
6330,2,840
7153,1,840
7291,2,842
7959,3,842
1138,0,842
1412,5,842
5139,4,842
6439,6,842
1344,6,842
2571,5,842
5012,0,842
100,3,844
3430,6,844
5380,5,844
7586,2,845
5994,2,846
956,4,846
3243,3,846
3890,1,848
4687,2,848
7245,1,848
1081,4,848
1505,2,850
5170,3,850
4125,6,850
2805,3,851
1836,2,851
2430,3,851
5787,0,852
6043,1,852
6156,3,852
6443,5,852
6794,4,852
1704,3,852
1864,3,852
5558,4,853
5788,3,855
6213,2,855
6473,4,855
7198,3,855
6002,1,856
6492,5,856
1554,3,856
5107,2,856
6877,2,856
7457,3,856
4977,4,856
7759,5,856
392,0,856
4004,0,856
612,6,856
1149,1,857
3542,5,857
3825,6,857
3887,1,857
6064,3,857
6214,2,857
857,2,857
2799,3,857
4568,3,857
3675,3,857
4437,4,858
5094,3,858
731,4,860
3134,1,860
3560,2,860
6232,2,860
7622,3,860
2407,3,860
4881,3,860
7133,1,860
832,6,861
4683,4,861
7935,3,862
33,0,862
745,6,862
7430,1,862
717,1,862
835,3,862
1596,5,862
1669,3,863
5517,3,863
5873,5,863
2646,2,863
2860,5,863
3052,1,863
6565,2,863
7823,2,864
693,0,865
1346,0,865
3197,6,865
3422,6,866
5937,6,866
298,6,868
2684,3,868
2985,3,868
5867,2,868
3973,5,868
4879,1,868
5402,4,868
374,4,868
738,0,868
1933,2,869
5507,3,869
5529,0,869
6857,2,869
2834,6,869
2977,0,869
3375,2,869
1583,3,869
2104,1,869
1375,0,869
2971,4,870
4928,3,870
7360,6,871
7534,3,871
7833,0,871
1214,3,871
4477,6,871
136,3,872
568,4,872
1274,4,872
2774,4,872
7170,3,872
7964,5,872
1401,5,872
5172,1,872
553,4,873
692,4,873
2819,2,874
4704,1,874
577,3,874
1443,5,874
3303,3,874
3827,6,876
1435,6,876
2475,6,876
1389,4,876
4447,6,876
2488,4,876
4959,3,877
2714,0,877
7618,6,878
6538,3,878
497,2,878
5835,2,878
5266,1,880
274,1,882
7023,2,882
586,6,882
1316,0,882
551,1,883
3082,6,883
12,5,883
3168,5,883
3204,3,883
3728,2,884
7154,3,884
7947,5,884
2969,5,885
191,3,885
4407,2,885
26,5,885
1155,3,885
5697,5,885
7654,0,887
29,3,887
6665,2,887
7200,2,887
4850,5,887
1880,4,887
1680,6,887
934,0,887
2123,3,887
4085,3,887
945,2,887
4766,5,887
580,6,887
7041,6,887
5101,6,888
6663,0,888
5850,0,888
5981,0,888
2587,6,889
5164,5,889
804,2,889
3174,3,890
2858,5,890
3772,3,890
5059,6,890
2491,2,890
6029,6,890
6198,6,890
7552,3,891
210,2,891
1044,5,891
1417,6,892
5920,3,892
1646,2,892
2220,3,892
3846,2,892
6049,2,893
4349,5,893
5100,0,893
10,3,894
83,1,894
2558,4,894
2997,2,896
6287,6,896
50,6,896
2931,2,896
3446,6,896
6071,1,896
758,4,896
4611,4,896
2510,2,896
4589,2,896
6964,3,896
6355,0,896
1439,0,897
5863,1,898
864,3,898
7015,4,900
7177,1,900
596,3,900
2797,1,900
3723,2,900
3252,5,901
3788,3,902
6180,4,902
5080,6,902
2238,1,902
6790,0,902
946,6,903
2426,1,903
4855,0,903
3505,3,903
1248,2,903
2225,0,903
2846,6,903
2962,3,903
4987,0,905
6012,5,905
7163,6,905
2191,3,905
5051,3,905
1036,0,905
6152,6,905
318,6,907
3871,4,908
3880,5,909
6097,3,910
4647,5,910
5991,6,910
2092,3,910
2729,0,910
4618,6,910
4952,1,910
73,4,911
4446,1,911
4911,3,911
3495,1,912
6963,4,912
5082,2,912
2838,6,912
3579,1,912
2585,0,912
7042,2,912
2121,6,912
3649,3,912
3996,3,913
5217,2,914
7221,6,914
6861,2,914
7324,4,914
3285,3,914
7004,6,915
7180,3,915
428,6,915
6973,1,916
379,6,916
3713,4,916
7791,6,916
561,3,916
3690,2,917
994,5,917
5247,3,917
6139,6,917
3828,4,917
4845,2,918
5137,6,918
509,3,918
958,2,919
1123,1,919
64,6,919
4492,5,920
6835,0,920
2067,3,922
7800,3,922
6120,3,922
1717,4,923
4195,2,923
6898,0,923
3476,1,923
4321,3,923
7487,6,925
408,2,925
2913,2,925
4459,3,926
1544,4,926
2728,4,926
5714,0,926
653,2,926
5666,3,927
2655,2,928
1719,3,928
6138,6,928
7891,2,928
3930,6,929
5105,4,929
7686,1,930
3007,1,930
4230,3,930
5645,4,930
2947,2,931
542,6,932
2015,0,932
2327,1,932
3348,6,932
4616,6,933
6670,1,933
706,1,933
2932,2,933
1574,6,933
3808,0,934
5342,2,936
6741,0,936
6931,1,936
6450,5,936
7386,4,936
2065,6,936
319,3,936
4746,4,938
265,5,938
3897,1,938
774,3,939
2189,1,939
6368,2,939
7543,3,939
1156,2,939
5013,6,939
7268,5,939
4375,6,939
7216,4,939
570,2,941
3361,3,941
3755,4,941
3945,6,941
7478,3,943
7753,4,943
2775,1,943
4166,3,943
6308,1,943
2581,2,943
5193,3,943
3593,5,943
7056,4,943
7524,6,943
468,0,944
1045,2,944
365,6,944
3089,6,944
3400,5,944
1928,3,946
1850,0,947
6252,4,947
2916,3,947
3893,4,947
4267,3,947
2159,3,947
5329,1,947
2825,6,947
195,6,947
2366,1,947
2772,3,947
7693,3,948
2223,2,949
5506,2,949
5211,1,949
2449,4,951
7267,1,951
5730,2,951
2044,2,951
5196,5,952
3748,2,952
820,2,952
854,0,952
624,6,952
3627,6,952
3792,0,952
4896,0,952
5340,4,952
1977,3,952
4883,6,953
5224,0,953
585,5,953
5790,1,953
1817,0,953
741,4,953
6679,3,954
1676,3,954
858,1,954
1341,3,954
4078,3,955
5980,0,955
6217,6,956
6774,2,957
2517,6,957
4442,0,957
608,3,958
3688,6,959
5234,4,959
6589,5,959
6777,3,960
181,0,960
4886,4,960
2066,2,960
5085,3,960
289,5,960
5027,4,960
6897,4,961
2674,3,962
7367,1,962
6384,5,963
6488,1,963
3883,4,963
4672,6,963
6745,3,963
166,3,963
4769,6,963
5524,3,963
5079,3,965
6716,3,965
2671,2,965
5285,2,965
5554,6,965
6171,3,966
6240,6,966
4554,2,966
7700,3,966
4178,2,967
4221,1,970
4463,4,970
5400,4,971
5693,1,971
7539,3,971
5047,4,971
5821,2,973
74,6,973
667,2,973
5206,6,975
2184,2,975
5695,2,975
6204,6,975
1840,1,976
6147,6,976
1277,1,976
5344,4,976
7870,2,976
4054,6,976
1988,2,977
6515,1,977
1516,0,977
1631,5,977
5208,2,978
6051,6,978
1250,1,980
4305,1,980
7321,2,980
789,0,980
2003,0,980
2577,2,980
4947,6,980
5359,4,981
766,6,981
940,0,981
4580,0,981
1350,6,981
1414,5,981
3591,4,981
39,2,981
6103,6,981
2557,6,981
4111,1,981
6608,2,982
7750,0,982
914,2,982
2187,3,982
2951,1,982
3374,1,982
699,0,983
2550,0,983
4789,6,983
4969,6,983
3079,1,983
822,6,983
4460,6,984
237,2,984
2764,3,985
1307,0,985
3582,4,987
773,0,987
6149,1,987
7827,1,988
1294,4,988
5750,5,988
7528,3,988
6549,2,988
1742,3,990
2485,0,990
2780,6,990
7181,1,990
7951,2,990
112,3,990
1682,5,990
4950,6,991
7932,3,991
4120,1,991
5068,6,991
7906,3,991
406,2,991
3351,2,992
3488,2,992
6163,2,992
7532,0,992
1048,1,992
5201,6,992
1584,1,993
2871,0,993
3234,1,993
2909,0,993
4247,2,994
6599,0,995
755,3,995
1838,4,996
3775,6,996
3861,6,996
6586,6,996
7485,4,996
2271,3,997
3236,3,997
5500,5,997
7582,3,997
7609,0,997
4718,6,998
7039,4,998
5227,0,999
4424,0,999
4819,0,1000
5414,6,1000
5161,3,1000
4844,4,1000
6444,2,1000
4444,4,1000
3077,0,1001
5972,0,1002
7354,6,1002
565,6,1002
5542,3,1003
7578,4,1004
80,2,1004
6343,4,1005
3304,5,1005
1882,3,1005
5555,1,1005
6225,0,1005
7021,6,1005
393,2,1005
984,5,1005
5216,5,1005
2363,1,1006
5631,0,1007
2009,6,1007
7736,4,1007
149,3,1008
2388,6,1008
2737,2,1008
4324,0,1008
2385,0,1008
3750,1,1008
6205,6,1009
3602,1,1009
3683,0,1009
2963,3,1010
1667,4,1011
420,6,1011
1281,2,1011
4057,3,1011
5929,3,1013
4286,2,1014
6421,1,1014
6701,6,1014
7926,2,1014
4919,0,1014
2476,3,1014
3547,4,1014
6243,6,1015
1054,6,1015
1678,6,1015
3625,4,1015
2938,3,1015
4961,5,1015
94,2,1015
1504,2,1016
812,6,1016
5184,3,1016
144,5,1016
3360,6,1018
3874,6,1018
5287,2,1018
5781,0,1018
1257,3,1018
3296,3,1018
4939,2,1018
233,1,1021
3877,3,1021
2045,4,1021
4770,4,1022
7633,1,1022
4724,6,1022
6491,0,1022
1159,4,1022
3586,3,1022
1247,5,1022
1477,2,1022
5704,1,1022
7682,0,1023
970,1,1023
2798,1,1023
6573,3,1023
2167,0,1023
3790,3,1024
6351,5,1024
1154,0,1024
3339,4,1024
7688,2,1025
3847,6,1025
6579,2,1027
779,1,1027
3164,5,1027
3341,6,1027
4585,5,1027
754,6,1027
1050,3,1027
2954,0,1028
6583,2,1028
7071,2,1028
5306,3,1028
5820,2,1028
7562,0,1028
3283,3,1028
4147,4,1028
1594,4,1028
4994,3,1028
2787,2,1028
6717,1,1028
2243,1,1028
5928,2,1028
6000,5,1030
3247,3,1030
6888,6,1030
5826,6,1030
6776,6,1031
4024,1,1031
242,6,1031
6501,2,1031
7787,3,1031
3471,3,1031
4523,3,1032
7518,6,1032
7929,3,1033
240,0,1033
3965,2,1033
594,3,1033
5525,5,1033
7179,6,1033
7411,2,1033
6639,1,1033
1972,0,1033
5731,0,1034
676,0,1034
2740,2,1034
6331,2,1035
1332,1,1035
5908,2,1035
7731,4,1035
2613,2,1035
1379,2,1036
1635,6,1036
2437,3,1037
4476,0,1037
6269,3,1038
4100,1,1038
4235,0,1039
6167,3,1039
485,3,1040
5074,2,1040
2532,0,1041
4249,1,1042
6999,6,1042
5770,2,1042
7772,2,1042
1009,3,1043
6278,2,1043
6316,3,1043
2886,6,1043
7568,4,1043
2071,5,1043
6314,1,1043
7262,1,1043
111,4,1046
7805,0,1046
796,4,1046
2766,4,1046
7673,5,1046
7871,6,1046
7308,6,1046
845,6,1046
4760,4,1046
6459,4,1047
6584,6,1047
7901,6,1047
1862,6,1048
7033,5,1048
7629,3,1048
4419,3,1048
5637,3,1048
3120,3,1048
7635,3,1048
7839,3,1048
1267,3,1049
1366,1,1049
5923,5,1049
3396,3,1049
4457,6,1050
824,0,1050
4742,3,1050
3381,3,1050
623,2,1050
5518,3,1052
310,5,1052
630,2,1052
1966,6,1053
2478,0,1053
4008,2,1053
7229,6,1054
4465,3,1054
5822,4,1054
414,5,1054
3388,4,1054
360,6,1056
5333,6,1056
6401,3,1057
7473,5,1057
714,3,1057
1193,1,1057
3779,3,1058
3936,2,1058
284,3,1058
4291,6,1058
477,6,1059
1780,2,1059
2988,3,1059
3100,3,1060
3531,3,1061
2566,2,1061
6200,3,1061
4256,0,1061
4261,3,1062
5036,6,1062
7470,2,1062
5086,1,1064
625,5,1064
4729,2,1064
2923,6,1065
4692,4,1065
5339,3,1065
7086,4,1066
217,3,1066
1348,6,1066
2117,0,1066
276,0,1066
2520,1,1066
4263,6,1067
6215,1,1067
6651,6,1067
581,2,1067
1028,6,1067
7972,4,1068
983,4,1068
5499,2,1068
5569,5,1069
5987,2,1069
3380,6,1069
4668,4,1070
4079,2,1070
5056,2,1070
418,1,1070
7689,0,1072
4238,6,1072
1455,0,1072
2850,3,1072
7983,3,1072
3484,2,1072
3489,1,1072
3761,5,1072
5243,0,1072
4414,6,1073
5407,3,1074
6474,4,1074
3758,0,1074
4861,3,1074
5426,1,1074
90,3,1075
3646,5,1075
4312,3,1076
5384,1,1076
5852,0,1076
6118,2,1076
1794,1,1076
1989,6,1076
2335,1,1076
2411,2,1077
4389,3,1077
532,5,1077
6077,4,1077
247,0,1077
2872,3,1077
4280,4,1077
5818,2,1078
4191,3,1079
1049,5,1079
3472,4,1079
4494,0,1079
4927,4,1079
270,6,1079
861,3,1079
5259,3,1079
6065,2,1080
2848,4,1080
3974,6,1080
1507,4,1080
3971,0,1080
2264,3,1080
7720,3,1080
150,2,1080
4469,6,1081
702,6,1081
985,4,1081
7269,6,1081
5215,3,1082
3384,6,1082
3923,1,1083
6452,3,1083
938,0,1083
3336,3,1083
1591,3,1083
3309,5,1083
444,2,1084
902,3,1084
3956,2,1085
7012,0,1085
361,3,1085
487,3,1085
947,3,1086
3297,4,1086
6182,0,1086
7711,6,1086
3525,3,1086
4516,1,1086
5154,1,1086
4983,2,1086
815,2,1086
6683,3,1086
7314,3,1088
2896,1,1088
402,2,1088
427,6,1089
7844,3,1089
1305,6,1089
1969,2,1089
2703,1,1092
4208,6,1092
912,1,1092
4149,0,1093
7546,4,1093
944,2,1093
1301,2,1094
3290,5,1095
3553,1,1095
455,3,1095
4329,6,1095
2484,6,1095
4128,0,1095
6128,4,1095
4074,6,1095
4874,6,1096
3346,5,1096
1587,4,1096
760,1,1096
1178,4,1097
3009,4,1097
4040,6,1097
1998,4,1098
5275,3,1098
6760,3,1098
3301,6,1098
460,6,1098
1823,6,1098
4731,6,1098
4747,6,1099
189,0,1100
5386,0,1100
331,3,1100
1831,3,1100
1233,6,1101
2379,3,1102
2847,1,1102
3451,1,1102
2135,5,1102
3250,3,1102
6839,6,1103
3512,1,1103
6256,1,1103
6775,1,1103
4555,6,1105
552,2,1105
4069,4,1105
761,3,1105
2296,1,1106
6544,4,1106
2352,2,1106
5897,1,1106
252,5,1106
4243,1,1106
7869,3,1106
5890,5,1106
7448,6,1106
253,1,1106
7642,6,1106
5535,2,1107
5882,6,1107
2301,3,1107
590,0,1108
1810,2,1108
1037,0,1108
1949,2,1108
2572,6,1108
3849,6,1109
6333,4,1109
6952,3,1110
7371,2,1110
663,2,1110
3776,2,1110
4627,2,1110
4978,3,1111
4439,3,1112
4801,1,1112
5860,6,1112
7934,3,1112
3581,3,1113
2707,4,1113
3,0,1113
2391,2,1113
3279,5,1113
4782,4,1114
6312,3,1114
4027,0,1114
5034,3,1114
4608,2,1114
257,1,1114
4045,5,1114
1484,2,1115
3736,4,1115
6846,3,1115
1303,1,1115
4237,6,1115
7746,6,1115
2777,3,1116
1843,3,1116
2269,5,1120
2629,1,1120
3333,1,1120
6739,1,1120
7829,6,1120
2911,2,1120
3369,6,1120
5921,3,1120
4663,3,1120
836,6,1120
268,2,1120
2803,2,1121
3928,6,1122
6866,3,1123
7022,1,1123
1370,0,1125
3523,0,1125
5644,6,1125
6621,0,1125
6321,4,1125
6865,4,1125
3773,5,1125
4215,3,1125
5830,1,1125
6059,3,1125
2188,2,1126
4684,2,1126
5834,2,1127
4159,3,1127
2210,3,1128
5539,2,1128
5780,1,1128
7005,4,1128
1438,5,1128
2342,6,1128
5419,2,1128
7842,0,1128
4109,5,1128
3370,3,1128
501,1,1128
3573,6,1128
6893,2,1129
4228,1,1129
2284,3,1129
6569,1,1129
5999,6,1129
7933,3,1129
1102,5,1129
3239,2,1130
3645,2,1130
3241,6,1130
4693,3,1130
895,6,1132
2569,3,1132
7417,3,1132
976,3,1132
3187,6,1133
5663,0,1133
5682,3,1133
5977,4,1133
1064,2,1133
1425,6,1133
1588,0,1133
2783,3,1134
3365,2,1134
1190,6,1135
1219,2,1135
2790,1,1135
4734,6,1135
5378,1,1135
6681,1,1135
749,4,1135
6268,1,1136
7877,1,1136
2791,5,1136
3976,3,1137
1858,3,1138
2392,1,1138
5052,2,1139
7280,3,1140
2221,4,1140
6967,2,1140
1053,0,1141
4015,6,1143
7138,0,1143
193,4,1143
1057,6,1143
1295,3,1143
5565,3,1144
2410,4,1145
634,3,1145
6612,5,1145
6997,5,1145
438,1,1145
6098,4,1145
6796,6,1145
2375,6,1145
4890,0,1145
6406,0,1145
4129,1,1145
5681,4,1145
2893,2,1146
2718,2,1146
7860,6,1146
5799,6,1147
718,3,1147
6795,0,1147
802,0,1147
1908,2,1147
327,5,1147
481,3,1147
1608,6,1148
2027,2,1149
2398,0,1150
5311,6,1150
6079,0,1150
426,3,1150
1324,2,1150
2545,0,1150
3867,1,1150
4851,4,1150
4966,1,1151
128,1,1152
7703,4,1152
2133,3,1152
5257,6,1152
7339,3,1153
1564,6,1153
1892,1,1154
4266,3,1154
6357,3,1156
720,3,1156
1705,5,1158
2300,3,1158
4090,1,1158
6137,6,1158
7352,3,1158
4619,4,1158
7998,1,1158
2236,5,1158
3824,2,1159
609,2,1159
1273,3,1159
2914,6,1159
6083,3,1160
2656,3,1160
4925,3,1160
330,6,1160
1499,4,1161
3231,2,1161
7845,0,1163
7019,2,1163
7194,2,1164
2743,4,1164
3194,6,1165
6788,2,1165
5722,6,1165
5829,0,1165
2037,6,1166
548,6,1166
3565,3,1166
3756,2,1166
1523,6,1166
132,3,1166
1609,6,1167
7119,5,1167
24,4,1167
3692,4,1167
4620,4,1169
185,3,1169
1647,6,1169
3990,0,1169
7239,1,1169
556,0,1169
1420,0,1169
2560,6,1170
2247,4,1170
4887,3,1170
7312,6,1170
7451,3,1171
1978,1,1171
3647,6,1171
3797,4,1171
4073,1,1171
5945,6,1172
816,6,1172
973,1,1172
4273,3,1173
6730,2,1173
3055,2,1173
5104,5,1173
987,6,1173
3212,4,1173
7970,3,1173
6691,6,1174
2685,2,1175
5057,6,1175
1716,2,1175
2257,4,1175
4070,2,1175
2022,6,1176
2348,2,1176
2443,4,1177
5516,3,1177
6048,0,1177
3190,6,1178
5441,2,1178
5948,0,1178
5552,6,1178
1926,3,1178
3504,4,1178
2082,3,1178
767,4,1178
1958,5,1179
7284,0,1179
1458,3,1179
2440,3,1179
3576,0,1180
7824,6,1183
4,2,1183
4065,6,1183
6173,2,1184
7079,1,1184
6720,0,1185
2762,3,1185
190,6,1185
2630,3,1185
3506,1,1185
5308,5,1185
1868,0,1185
2054,6,1185
2196,3,1186
2382,4,1186
7405,1,1186
109,0,1186
847,1,1186
4427,2,1186
5856,4,1187
671,4,1187
3188,0,1187
1751,1,1187
7369,4,1187
3215,1,1187
6657,6,1188
1469,6,1188
2033,1,1188
3891,1,1189
6480,6,1189
401,2,1190
1687,3,1190
30,3,1190
1645,1,1190
1782,2,1191
2632,6,1191
674,4,1193
3754,5,1193
6259,3,1193
1715,6,1193
4087,6,1193
5686,3,1194
7115,1,1194
206,6,1194
5192,2,1194
6224,6,1195
1828,3,1196
7615,6,1196
1866,3,1197
2004,2,1197
5403,6,1198
2739,5,1199
4586,2,1199
397,4,1199
5434,1,1199
4287,6,1199
2314,6,1201
7794,2,1201
4754,3,1201
114,3,1201
2280,2,1202
4650,4,1204
6041,2,1204
277,5,1204
4412,0,1204
2972,3,1204
6580,6,1204
4891,5,1205
6154,1,1205
1271,3,1205
6288,0,1205
7016,2,1205
2056,1,1205
3115,5,1205
7072,4,1205
7450,3,1205
3857,2,1206
5809,1,1206
3335,2,1206
5237,1,1206
5712,6,1206
175,4,1206
1351,0,1206
4581,4,1206
4625,6,1206
6369,0,1206
7036,3,1207
1422,3,1207
4705,6,1207
5176,3,1208
6653,6,1208
201,3,1209
3447,4,1210
7990,4,1210
7755,4,1210
4331,2,1210
6903,6,1210
967,3,1211
2626,6,1211
1404,4,1211
3418,2,1211
5377,4,1211
7003,1,1211
1217,0,1211
2990,6,1211
3293,5,1211
7224,3,1212
584,0,1213
2421,0,1213
2592,2,1213
6993,2,1214
1920,2,1216
2285,4,1216
3466,2,1216
6809,2,1216
5175,4,1217
1251,6,1217
3266,4,1217
1013,2,1217
6276,6,1217
954,3,1217
6190,2,1219
4496,1,1219
7114,3,1221
626,3,1221
398,6,1221
7092,0,1221
7426,3,1221
2678,0,1221
4957,3,1222
6618,0,1222
3173,6,1223
4350,6,1223
6177,3,1223
5204,0,1223
5347,3,1223
6413,5,1223
1060,3,1226
1984,0,1226
2823,2,1226
6832,5,1226
6947,4,1226
4026,0,1226
7010,1,1226
7288,5,1226
2126,4,1226
2156,3,1226
5812,6,1226
5083,6,1226
6545,6,1226
5610,1,1227
6244,2,1227
7481,4,1227
7702,3,1227
6223,6,1228
378,4,1228
1613,2,1228
2863,0,1228
7592,5,1228
1117,1,1228
1249,4,1229
3417,4,1229
4829,6,1229
3718,1,1229
4072,0,1230
5877,3,1231
3676,2,1231
7625,6,1231
619,1,1231
2765,0,1231
5092,2,1231
7013,3,1231
545,1,1231
3536,5,1232
3632,4,1232
732,4,1232
2523,0,1232
1397,1,1232
2922,1,1232
4456,6,1232
5883,2,1232
7554,3,1232
466,3,1232
951,3,1233
1471,6,1233
7161,6,1233
4737,1,1235
5393,0,1235
5677,1,1235
1014,6,1235
1197,6,1235
6337,6,1236
1743,6,1236
2095,2,1236
2742,6,1236
3357,4,1236
5853,3,1238
1601,1,1239
2042,2,1239
6365,3,1239
4293,3,1239
5118,2,1239
1185,5,1239
1853,6,1241
2253,4,1241
2389,1,1241
3749,6,1241
5316,3,1241
3780,6,1241
1288,1,1241
3432,2,1241
6547,2,1243
7725,5,1243
145,6,1244
3059,0,1244
3896,5,1244
7130,4,1244
4528,4,1244
6542,5,1244
7671,0,1244
3510,3,1244
4260,6,1244
7261,4,1244
2074,2,1244
4774,2,1244
7421,4,1245
7577,4,1246
3368,5,1246
7943,5,1246
4377,3,1246
2817,3,1246
4301,6,1246
5804,6,1246
7883,4,1246
152,3,1247
869,1,1247
335,5,1248
3869,6,1248
2251,3,1248
2611,0,1249
4274,4,1249
4420,1,1249
777,1,1250
1941,2,1250
2645,0,1250
7162,3,1250
604,6,1250
6230,4,1250
7155,4,1250
1101,3,1250
2151,0,1252
2549,5,1252
451,2,1252
3407,3,1252
6197,6,1252
7730,0,1252
2350,2,1252
4396,0,1252
135,1,1252
1010,2,1254
7661,4,1254
4711,1,1254
7173,2,1256
1142,4,1256
5609,0,1256
7713,5,1256
4923,1,1256
7687,3,1256
368,3,1256
1029,2,1256
2140,0,1256
3159,5,1256
5145,0,1256
6845,2,1257
484,2,1257
4630,3,1257
1059,2,1257
2771,4,1257
4745,1,1257
4848,2,1257
6424,6,1257
5811,3,1258
407,1,1258
2506,5,1258
2568,3,1259
7306,6,1259
48,4,1259
1898,4,1259
3029,3,1259
6140,0,1261
2965,4,1261
7905,3,1261
3543,0,1261
6699,6,1261
1027,6,1261
3008,5,1261
7621,2,1261
549,1,1262
4744,4,1262
2267,1,1263
704,1,1263
2627,3,1263
6742,1,1263
1959,2,1263
2435,6,1263
2970,3,1264
3222,0,1264
7444,5,1264
134,6,1264
1897,6,1265
7182,0,1265
7640,6,1265
6397,3,1265
480,2,1266
644,0,1266
4089,0,1267
5655,6,1267
2069,2,1267
4288,4,1267
7030,3,1269
4283,3,1269
5665,2,1270
2403,3,1270
6227,1,1270
5803,6,1271
6892,4,1271
968,2,1271
3605,3,1271
3673,0,1271
5202,1,1271
5594,1,1271
7101,3,1271
6310,2,1272
1134,2,1272
7715,3,1272
366,2,1273
2822,6,1273
7680,2,1274
7,0,1275
683,4,1275
4500,2,1275
867,2,1275
1465,6,1275
5424,3,1275
2017,4,1276
5672,3,1276
1476,1,1276
2730,0,1277
35,2,1277
1860,1,1277
7383,2,1277
5599,5,1277
4869,6,1277
4995,3,1277
5968,0,1278
1712,0,1278
7185,4,1278
2377,4,1278
4207,2,1278
4347,3,1278
7564,3,1278
1605,2,1278
2531,6,1278
4512,2,1279
2810,2,1279
5334,3,1280
7971,2,1280
1445,4,1280
4106,3,1280
5375,3,1281
4796,6,1281
6470,3,1281
662,1,1281
4613,2,1281
5254,1,1282
388,4,1282
5776,0,1283
7217,2,1283
2767,5,1284
5905,1,1285
5291,1,1285
3092,3,1285
1,5,1285
422,6,1286
2030,6,1286
3544,6,1286
4385,2,1286
5214,6,1286
7158,3,1286
781,4,1286
2270,4,1286
3135,4,1287
7443,6,1287
782,5,1287
5593,3,1287
6307,5,1287
7623,0,1287
4559,4,1287
6562,0,1289
7600,4,1290
377,4,1290
3706,0,1290
6785,6,1290
7279,3,1291
7719,6,1293
5173,2,1294
4282,0,1294
6936,4,1294
7893,6,1294
1995,4,1294
4873,2,1296
5126,5,1296
3535,3,1297
2241,0,1297
3045,4,1297
4864,1,1297
4018,4,1298
5326,3,1298
7776,6,1299
344,3,1299
4363,2,1299
2933,1,1299
5477,5,1299
6430,6,1299
7017,3,1299
7459,6,1299
2034,6,1300
7843,4,1300
7992,4,1300
1405,3,1300
5643,1,1301
524,1,1301
3929,1,1302
6885,1,1302
7008,6,1303
1925,2,1303
7145,2,1304
42,2,1304
3944,6,1304
7986,3,1304
3724,3,1304
5918,1,1305
79,6,1306
4517,0,1306
2541,2,1307
2734,4,1307
7956,6,1307
3982,0,1307
7584,0,1307
2145,6,1307
2425,0,1307
2964,0,1307
4752,5,1307
6511,2,1309
4183,6,1310
470,5,1310
4712,2,1310
6908,2,1310
1327,5,1310
1944,0,1311
2580,1,1311
4497,0,1313
4812,3,1314
5800,6,1314
6251,0,1314
3685,5,1314
4204,3,1314
2199,6,1314
7080,6,1316
5488,6,1316
3065,1,1316
7967,5,1316
7999,2,1316
873,3,1316
1230,2,1316
6834,0,1316
1284,3,1317
4383,3,1318
1079,0,1318
2461,6,1319
4326,3,1319
6843,6,1319
1945,1,1319
3102,4,1319
3395,6,1319
2804,2,1319
5219,4,1320
5029,4,1320
5706,2,1320
7087,2,1320
1457,6,1320
2053,2,1320
6769,4,1320
3094,1,1322
2218,3,1322
3848,6,1322
68,3,1322
664,1,1322
1536,0,1322
2890,2,1322
6429,5,1322
7941,0,1322
3837,2,1322
2025,1,1322
4104,2,1324
4680,3,1325
941,2,1325
1798,3,1325
3163,2,1325
2405,0,1325
3741,6,1325
4922,5,1325
5155,0,1325
3595,4,1326
6680,0,1326
757,0,1326
1325,4,1327
2618,3,1328
3459,6,1329
1679,3,1329
3988,6,1330
6624,6,1330
7840,0,1330
3612,1,1330
208,5,1330
1905,6,1331
2110,6,1332
2408,2,1332
6524,2,1332
783,6,1332
5481,6,1332
6062,0,1333
1846,2,1334
5276,0,1334
6628,6,1334
5478,1,1334
96,2,1334
2978,4,1334
5586,5,1334
211,3,1334
1076,4,1334
6151,5,1336
4088,5,1336
6018,2,1336
6801,3,1337
424,2,1337
2232,3,1338
2442,0,1338
1340,0,1338
6859,3,1338
161,6,1339
163,6,1339
2432,3,1339
3287,4,1339
4265,0,1339
5220,6,1339
1683,4,1340
6275,4,1341
6553,1,1341
589,3,1341
2616,4,1342
3587,2,1342
5772,4,1342
6372,4,1342
7841,4,1342
519,6,1342
3020,4,1342
7472,3,1342
1253,1,1342
7985,6,1343
2673,6,1343
3127,2,1343
3264,3,1344
7395,3,1344
6262,4,1344
7852,2,1344
839,2,1344
5284,1,1344
5349,6,1344
6237,4,1345
117,1,1345
3097,6,1345
1218,3,1345
3580,6,1345
4003,4,1346
5336,4,1347
5764,1,1347
4474,1,1347
4929,5,1347
7712,6,1347
1930,4,1347
3992,3,1348
6336,4,1348
1526,2,1348
4482,6,1348
7914,3,1349
1025,1,1350
5533,0,1350
5740,6,1351
1515,5,1351
2445,2,1351
4164,6,1351
7822,2,1352
5769,0,1352
3019,1,1352
6370,3,1352
997,1,1352
1876,3,1353
7142,3,1353
7355,2,1354
7641,4,1354
396,6,1354
4624,2,1354
7313,2,1354
180,2,1354
2292,1,1355
3681,2,1355
3986,3,1355
974,2,1355
1335,6,1356
7467,3,1356
6889,2,1356
31,1,1356
7225,3,1356
1785,2,1356
6805,0,1357
2854,5,1357
3729,2,1357
4756,3,1357
7347,6,1357
3470,4,1357
232,0,1357
2845,3,1357
5982,0,1357
6961,1,1358
1283,4,1359
4308,6,1360
2831,0,1360
1607,0,1360
837,5,1360
3697,3,1360
4653,4,1361
7526,0,1361
2061,6,1361
2125,3,1361
6899,4,1361
1129,4,1362
194,4,1363
391,1,1363
1384,2,1363
2359,4,1363
2329,1,1363
3057,1,1363
5160,3,1363
5738,6,1365
562,1,1365
1304,5,1365
7302,6,1366
2400,1,1366
6734,3,1366
333,6,1367
355,6,1367
4405,4,1367
5281,3,1367
5345,5,1368
410,3,1369
5183,6,1369
3714,1,1369
6920,3,1369
1747,6,1371
3114,0,1371
375,3,1371
2136,1,1371
4462,1,1371
4020,4,1371
7745,1,1371
3033,1,1371
4296,2,1371
4499,3,1372
661,6,1372
1659,2,1372
3462,6,1372
5108,5,1372
1131,4,1372
2826,0,1372
4169,2,1372
6280,6,1372
6631,6,1372
7650,5,1373
4889,0,1373
1189,6,1375
3180,2,1375
3406,6,1375
4488,0,1375
6905,2,1375
2621,3,1375
4190,0,1375
7081,3,1376
4556,1,1376
1286,3,1376
7638,1,1376
4278,1,1378
2749,3,1379
6763,3,1379
1115,1,1379
4984,5,1380
810,6,1380
1266,2,1380
3298,4,1380
1962,5,1380
7768,2,1380
1514,2,1380
3140,3,1380
4485,3,1380
4033,4,1380
4168,6,1380
2163,2,1380
6236,0,1380
6806,3,1381
7987,1,1381
6067,4,1381
2563,2,1381
2607,4,1381
3158,2,1381
3294,6,1381
4333,2,1381
2002,3,1383
3305,1,1383
5228,2,1384
267,2,1384
3311,2,1384
5033,6,1384
6257,5,1384
7476,5,1384
7614,1,1384
6135,3,1385
2657,3,1385
6315,3,1385
6566,6,1386
7854,2,1386
3209,0,1386
6354,6,1386
1991,5,1386
5299,3,1386
904,1,1386
2936,2,1386
3746,6,1387
6027,3,1387
1625,2,1387
5947,3,1387
2096,3,1388
3322,2,1388
3308,0,1390
4317,6,1391
5458,0,1391
5633,2,1391
7977,4,1391
2091,5,1391
3292,6,1391
7127,6,1391
1819,3,1392
4013,4,1393
5736,2,1393
4686,3,1393
6518,6,1393
6697,3,1393
7301,6,1393
1215,6,1393
7424,2,1394
4066,3,1394
6290,1,1394
6461,0,1394
6994,1,1394
2525,5,1394
4390,0,1394
4664,4,1394
1293,2,1394
1938,5,1394
3101,0,1395
5343,4,1395
6886,3,1395
1493,6,1395
5363,6,1395
6757,2,1395
531,0,1395
6019,0,1395
929,3,1395
3784,6,1396
5273,1,1397
2535,3,1397
2619,1,1397
3947,3,1398
5758,0,1398
478,2,1398
1051,4,1400
1857,6,1400
6383,4,1402
4276,1,1402
7818,6,1402
5924,6,1402
4645,0,1402
6685,6,1402
1606,1,1402
7997,3,1404
7264,6,1404
5115,0,1404
3526,1,1404
6438,2,1404
7989,1,1405
4133,3,1406
4825,1,1406
748,3,1406
1120,0,1406
1867,5,1406
3192,5,1406
886,5,1406
2623,6,1407
660,4,1407
2372,0,1407
5189,4,1408
6158,2,1408
2574,0,1409
3084,2,1409
2299,0,1409
2519,6,1409
5754,5,1409
6849,3,1410
1039,3,1410
515,1,1410
7271,6,1411
121,4,1411
2294,4,1412
3138,3,1412
3919,1,1412
4917,1,1414
4993,1,1414
5949,1,1414
7770,6,1414
4059,5,1414
4344,0,1415
6395,2,1415
6793,4,1415
7598,0,1415
6338,3,1415
7152,1,1415
347,3,1415
2879,3,1415
6248,2,1416
778,2,1416
6283,6,1417
7396,1,1419
4903,3,1419
1996,4,1419
2064,2,1419
5199,6,1419
7555,2,1421
1489,5,1421
799,2,1421
1377,4,1421
2712,2,1421
3352,4,1421
3639,1,1421
5050,4,1422
5749,6,1423
3700,1,1423
4868,5,1423
5168,2,1423
3859,3,1424
1769,6,1424
2349,1,1424
3483,5,1424
3017,6,1424
3416,3,1425
1033,3,1425
1380,2,1426
89,1,1426
7122,6,1426
7356,3,1426
1222,3,1427
2414,6,1427
3875,6,1428
5323,2,1428
6115,0,1428
7820,3,1428
677,5,1428
7551,1,1429
2584,6,1430
3221,3,1430
1735,0,1431
4441,4,1431
7337,4,1431
5062,3,1431
2016,3,1431
3670,2,1433
3911,3,1433
6673,3,1433
876,1,1434
2277,2,1434
4534,6,1434
5743,3,1434
607,6,1434
4327,5,1434
5950,2,1435
1157,6,1435
5438,3,1436
920,0,1436
4771,0,1436
4960,5,1436
1723,3,1436
3569,3,1436
2060,6,1436
3530,3,1437
4051,0,1437
452,3,1437
1261,1,1437
4656,6,1437
179,2,1437
5662,0,1437
7517,0,1437
4942,5,1438
6643,2,1438
4209,3,1438
4519,2,1438
4145,6,1439
4661,3,1439
7996,1,1439
5256,1,1439
5427,0,1441
6743,4,1442
7226,6,1442
5973,0,1442
279,6,1442
7815,6,1442
5623,4,1442
6405,1,1442
4867,5,1442
158,3,1442
1321,2,1442
3015,2,1442
3914,0,1443
4464,4,1443
1797,5,1444
7398,2,1444
3699,6,1445
7067,5,1445
7244,0,1445
7796,3,1445
1466,1,1445
2606,3,1446
2852,3,1447
3519,3,1448
4399,2,1448
5277,6,1450
6322,5,1450
1740,6,1450
5011,1,1450
5814,3,1450
3777,3,1450
7488,4,1451
1675,4,1451
3908,2,1451
4289,4,1452
6904,3,1452
6910,6,1452
7209,1,1453
3170,3,1453
5796,6,1453
6551,6,1453
7802,3,1455
2180,2,1455
2448,2,1455
4912,6,1455
5656,1,1455
6291,6,1455
7322,6,1455
3321,1,1455
4384,2,1458
7184,0,1458
930,0,1458
2917,3,1458
1177,5,1458
104,4,1458
6179,6,1459
5110,0,1459
5879,3,1459
6346,4,1459
4910,3,1459
2347,3,1459
4355,3,1460
6802,3,1460
72,3,1460
1018,6,1461
4348,1,1461
4708,2,1462
6789,3,1462
3362,5,1462
3803,3,1462
6153,2,1462
1822,2,1463
3994,0,1463
5746,6,1463
4358,4,1463
5461,0,1463
4165,6,1463
5601,5,1465
6023,2,1465
6033,3,1465
3969,3,1465
654,6,1465
5156,3,1466
7341,3,1467
1546,4,1467
4979,3,1467
6075,1,1467
6818,4,1467
7420,3,1467
3409,3,1467
5592,0,1467
3662,2,1467
5437,2,1467
6841,3,1467
2679,6,1468
3574,3,1468
6478,6,1468
5563,6,1469
7651,2,1470
499,0,1470
5496,1,1470
4364,6,1470
4417,3,1470
445,0,1470
256,6,1470
462,4,1470
7813,1,1471
2318,5,1471
6325,2,1471
5331,2,1471
307,3,1472
4524,4,1472
6425,2,1472
7285,4,1472
7636,6,1472
1406,1,1473
5777,5,1473
2477,0,1473
4223,4,1474
646,6,1474
4039,2,1474
7242,4,1474
1446,0,1475
4893,0,1475
6686,6,1475
1275,2,1475
1310,0,1476
4162,5,1476
6440,6,1476
6433,4,1476
7028,6,1477
473,5,1479
1951,3,1479
6385,2,1480
1358,1,1480
1766,6,1480
1792,3,1482
4264,0,1482
5061,5,1482
5180,3,1483
2357,4,1483
5641,1,1483
4032,5,1483
6930,6,1483
7147,3,1483
3075,4,1483
5700,6,1483
7798,4,1485
384,1,1485
6241,3,1485
530,2,1488
1238,6,1488
3508,3,1488
4860,5,1488
7106,0,1488
2682,3,1488
2999,2,1488
3737,0,1488
5654,3,1488
2752,1,1488
4529,3,1489
4938,2,1489
7830,0,1489
1919,3,1490
3661,0,1490
3892,3,1490
4240,0,1490
5444,5,1490
5894,3,1490
6293,2,1490
6765,6,1490
3562,6,1490
696,2,1492
6329,1,1492
7565,6,1492
4565,6,1492
7890,3,1492
2255,3,1492
4387,2,1493
5581,3,1493
7756,0,1493
1649,2,1493
3496,3,1494
6957,1,1494
2281,4,1494
3427,0,1494
4035,3,1494
6247,3,1494
6575,0,1494
1555,5,1494
7109,3,1494
7804,6,1494
1175,1,1495
1542,6,1495
4470,6,1495
5646,6,1495
638,5,1495
1811,3,1496
3972,4,1498
6045,6,1498
6958,2,1498
2222,6,1499
3107,2,1499
4728,4,1500
7761,6,1500
2710,1,1500
5844,2,1500
6635,3,1500
7581,3,1500
5574,3,1500
490,2,1501
6722,1,1501
1970,4,1501
4076,2,1501
7167,6,1501
3493,6,1501
2451,6,1502
2339,1,1502
4828,2,1502
1904,3,1504
2248,5,1504
1638,6,1504
1664,0,1504
2941,4,1504
3326,3,1504
5117,1,1504
6466,3,1504
6528,4,1504
6415,0,1504
6847,3,1505
5794,3,1505
6069,1,1505
6445,2,1505
356,2,1505
3873,6,1506
6305,1,1506
244,6,1506
3942,6,1508
7252,5,1508
2516,6,1508
2521,4,1508
3143,3,1508
3557,1,1508
5761,5,1508
6409,4,1508
196,6,1508
787,5,1508
1003,0,1508
6779,0,1508
7210,2,1508
643,1,1508
1091,1,1508
3927,4,1510
5286,1,1510
5961,0,1510
7631,5,1510
1280,3,1510
5757,3,1510
2705,6,1512
5935,4,1513
5766,4,1513
4991,6,1513
1269,4,1513
2150,2,1513
6094,2,1513
6387,2,1513
6833,2,1515
7514,6,1515
2474,0,1515
6978,2,1515
2534,4,1516
5726,3,1516
2198,6,1516
5523,0,1517
6878,6,1517
7400,4,1517
4830,0,1517
1621,2,1517
2447,2,1517
4391,3,1519
4502,1,1519
4775,6,1520
4964,2,1520
5504,3,1520
5760,4,1520
4484,2,1522
4803,1,1522
4834,2,1522
5679,6,1522
7098,3,1523
3394,6,1525
2120,2,1526
2884,2,1526
6363,5,1526
510,5,1528
2955,3,1528
22,0,1528
5479,2,1528
6642,2,1528
5185,3,1528
5269,3,1529
5798,3,1529
3246,4,1529
3289,3,1530
7259,5,1530
1849,5,1530
2093,4,1530
6096,1,1530
3249,3,1530
1981,1,1530
3410,6,1530
6088,4,1530
595,0,1531
1282,0,1531
4636,4,1531
5361,3,1531
747,6,1531
6933,3,1532
4153,0,1532
4483,3,1533
6561,3,1533
2698,2,1533
3334,4,1533
3423,6,1533
3440,5,1533
4306,2,1533
1486,3,1533
3885,3,1533
6302,2,1534
5970,1,1535
1426,4,1535
5709,3,1535
52,3,1536
2288,6,1536
4224,5,1536
4316,3,1536
6614,1,1536
3060,5,1536
13,5,1537
25,1,1537
3245,3,1538
4025,2,1538
6934,6,1538
395,4,1538
901,4,1538
4736,6,1538
6873,6,1539
6797,1,1539
1263,1,1539
2946,4,1539
4897,3,1539
5304,5,1539
7821,2,1540
1562,6,1540
870,6,1540
1421,6,1540
6906,2,1540
262,2,1540
734,5,1540
4182,0,1540
5262,0,1541
7732,4,1541
618,3,1541
2782,5,1541
4755,3,1541
2441,5,1541
2452,0,1541
5559,1,1541
417,0,1541
599,0,1541
5713,0,1544
3146,3,1544
7037,3,1544
5143,4,1544
1345,3,1545
2051,3,1546
3819,5,1546
3437,3,1546
4062,3,1546
7748,2,1548
3206,6,1548
4871,5,1548
5452,3,1548
5468,2,1548
436,3,1549
2905,6,1550
4478,3,1550
5147,0,1550
7809,2,1550
234,4,1551
5575,1,1551
6068,1,1552
2261,2,1552
5391,6,1552
5543,3,1553
6250,4,1553
3594,2,1554
2155,2,1554
7507,4,1554
4142,2,1555
6914,0,1555
123,3,1555
2920,6,1555
3184,4,1555
6564,3,1555
5505,6,1558
6927,6,1558
7394,1,1558
177,5,1558
2537,6,1558
6436,1,1558
682,2,1559
1888,3,1559
6412,5,1559
7381,5,1559
7975,3,1559
703,4,1559
6028,3,1561
5293,0,1561
7606,2,1561
7799,5,1561
4806,1,1561
5657,4,1562
7425,0,1562
1982,6,1562
2235,6,1563
7626,4,1563
4884,2,1563
4679,4,1563
6500,6,1563
7949,6,1563
6808,0,1564
7310,3,1564
2512,1,1564
7099,3,1565
6959,2,1565
7370,3,1565
303,4,1565
1353,1,1565
4641,5,1566
2750,5,1567
6940,2,1567
1090,6,1567
1815,0,1567
3577,3,1567
6932,2,1567
7149,1,1568
6174,4,1568
4901,1,1569
7113,6,1569
7414,1,1569
1428,6,1569
4380,0,1569
1827,4,1569
4659,2,1569
3090,6,1569
5676,0,1569
7863,4,1569
4542,6,1569
1593,5,1569
2796,6,1569
996,3,1569
3609,2,1569
4697,6,1569
7392,6,1570
4508,4,1570
4561,3,1570
7338,6,1570
3948,2,1570
6319,3,1570
1674,6,1572
2202,0,1572
3494,2,1572
7465,6,1573
3805,4,1573
5861,2,1573
6803,5,1573
220,0,1573
7429,2,1573
2579,1,1573
3549,5,1573
4360,5,1573
5282,3,1573
6954,3,1574
2598,0,1574
4958,3,1574
7057,6,1576
1359,2,1576
5084,0,1576
5813,1,1576
995,4,1576
1829,6,1577
3832,0,1577
6324,0,1578
7298,3,1578
4404,3,1578
1813,5,1578
2244,1,1579
2998,2,1579
5451,0,1579
1620,0,1580
2276,3,1580
2608,3,1581
2883,3,1582
4108,0,1582
6031,4,1582
1329,2,1582
1529,0,1582
4842,1,1582
3920,4,1583
5098,4,1583
3150,5,1583
4318,2,1583
3745,5,1585
3766,5,1585
5270,3,1585
6266,4,1585
7447,5,1587
5658,5,1587
7499,3,1587
3473,3,1587
5914,2,1587
6532,4,1587
6666,6,1587
742,2,1587
1216,3,1587
2001,3,1587
1728,5,1590
1276,5,1590
2309,0,1590
6499,3,1590
5974,4,1590
6981,2,1590
4298,1,1590
3373,6,1590
1575,2,1591
4449,2,1591
6111,6,1591
2162,3,1591
4231,1,1591
4967,3,1592
823,2,1592
6658,1,1592
7203,6,1592
7522,0,1592
2102,3,1593
2927,6,1593
4466,2,1593
3024,2,1594
7806,6,1594
7940,3,1594
2597,6,1594
3564,0,1595
6568,4,1596
4044,3,1596
4783,5,1596
5816,2,1596
4084,4,1596
7048,1,1597
7317,2,1597
735,5,1597
1590,3,1598
3818,4,1599
404,1,1599
3917,0,1599
3203,5,1599
4520,3,1599
675,2,1599
919,6,1599
2709,4,1599
5608,2,1601
600,3,1601
7235,6,1602
880,2,1602
2100,6,1602
6427,2,1603
7892,3,1603
1118,1,1603
4547,2,1604
4765,4,1604
5298,5,1604
2982,2,1604
7002,6,1604
2195,3,1604
2378,3,1604
6009,6,1604
1668,2,1605
6133,4,1605
3178,3,1605
4214,3,1605
5675,3,1606
4757,1,1606
5638,3,1607
6692,6,1607
7754,2,1607
1448,6,1607
2217,3,1607
4761,6,1609
7137,6,1609
5362,0,1609
3385,3,1610
5785,6,1610
7950,2,1611
6656,3,1611
992,1,1611
3474,6,1611
770,6,1611
1878,2,1613
1913,2,1613
1942,0,1613
7490,4,1613
1093,6,1613
4690,5,1613
7401,2,1613
726,6,1613
2925,6,1614
3105,1,1614
6292,3,1614
1509,6,1615
3408,3,1615
6099,1,1615
539,5,1615
1242,5,1615
5134,1,1615
6352,3,1617
2733,6,1618
3185,3,1618
423,0,1618
5978,3,1618
6374,4,1619
1468,4,1619
7228,1,1619
1690,1,1620
3482,5,1620
5536,6,1620
1585,4,1620
1748,3,1620
1750,0,1620
4036,6,1620
2227,1,1620
5553,5,1620
592,0,1621
2259,1,1621
3317,5,1621
5124,3,1622
6836,0,1624
1096,3,1624
5698,3,1624
1147,5,1624
1845,6,1624
3355,4,1624
5512,0,1624
5767,6,1624
7486,1,1624
2390,3,1624
5069,3,1624
7502,4,1627
817,1,1627
1162,0,1627
4376,3,1627
7118,1,1627
514,2,1627
2770,1,1627
3813,5,1627
4532,6,1627
2282,5,1627
2594,1,1628
4053,1,1628
6121,1,1628
6282,4,1628
4826,5,1628
6100,4,1628
960,2,1629
1114,6,1631
1231,2,1631
7938,3,1631
4563,6,1631
4741,3,1632
2444,4,1632
5263,3,1632
7676,6,1632
2160,5,1632
4199,1,1632
6011,1,1632
7265,5,1632
239,0,1632
187,3,1633
1622,1,1633
1918,2,1633
5869,1,1635
5456,0,1635
5674,0,1635
3095,2,1635
6761,3,1635
1071,1,1635
54,5,1635
537,0,1635
1759,5,1635
4392,4,1636
5670,6,1636
6221,3,1636
1456,4,1637
5891,6,1637
5919,1,1637
6159,4,1637
7110,2,1637
5486,2,1637
1902,3,1637
878,6,1639
5401,0,1641
7423,0,1641
7542,5,1641
4167,3,1642
6209,3,1642
1360,2,1643
1929,2,1643
6456,3,1643
1212,4,1643
5762,6,1643
6634,4,1643
7349,4,1643
2480,6,1644
3810,0,1644
7135,2,1644
6820,3,1645
7195,3,1645
3307,3,1645
3638,4,1645
7531,0,1645
3672,3,1647
3913,1,1647
5752,3,1647
5866,6,1647
6148,1,1648
5244,4,1648
2193,1,1648
2711,4,1648
7710,3,1649
5264,2,1649
1434,4,1649
226,4,1649
2680,1,1649
5075,2,1650
7175,2,1650
1043,3,1650
3117,3,1650
5302,6,1650
3603,6,1651
5550,1,1652
7729,4,1653
2168,0,1653
2380,1,1653
5186,6,1653
6854,3,1653
1701,2,1655
2747,0,1655
7219,6,1655
2397,5,1655
3968,2,1656
6675,0,1656
7559,2,1656
7931,1,1656
5207,3,1657
6737,6,1657
1240,3,1657
2333,3,1657
2788,3,1658
5857,1,1658
587,3,1658
1974,6,1658
5660,6,1658
546,6,1659
637,0,1659
4158,2,1659
6913,6,1659
3599,2,1659
5802,1,1660
2338,3,1660
4738,3,1660
7064,4,1661
3371,2,1661
5997,6,1661
1885,4,1661
2098,4,1661
2456,6,1661
2637,1,1662
207,1,1662
1463,2,1662
2808,5,1662
7390,4,1662
4560,0,1662
2888,3,1662
4436,1,1662
7205,0,1662
3888,6,1662
1800,5,1662
3195,0,1663
6694,2,1664
7438,2,1664
1910,2,1664
2075,6,1664
5376,1,1664
5576,3,1664
2295,3,1665
6258,0,1665
6811,1,1665
7610,5,1665
4270,4,1665
199,4,1665
2266,2,1666
2185,2,1666
2258,6,1667
4785,3,1667
5055,6,1667
6084,2,1667
1031,1,1667
5855,0,1669
6070,1,1669
7666,1,1669
3318,3,1669
4491,2,1669
6527,5,1669
746,5,1669
7066,2,1669
1184,2,1669
894,3,1669
3701,3,1671
7382,3,1671
1616,0,1671
1872,5,1671
5938,1,1671
6442,5,1671
4583,6,1671
4639,5,1671
5412,4,1672
6038,3,1672
7001,6,1672
1109,3,1672
2409,1,1672
1450,3,1673
4833,3,1673
5031,6,1674
2968,3,1674
6605,4,1674
2795,4,1674
5998,3,1674
1763,6,1674
5095,4,1675
6924,5,1675
3265,3,1675
4144,6,1675
2694,6,1675
49,3,1675
2661,6,1677
1737,6,1677
5598,4,1677
5615,1,1677
907,4,1677
3359,2,1677
3958,3,1678
46,6,1678
139,2,1678
1848,2,1678
2283,1,1678
3950,6,1679
4971,5,1679
7043,4,1679
889,1,1681
4250,0,1681
6504,3,1681
7630,3,1682
2226,2,1682
4055,4,1682
6782,3,1682
3567,6,1682
4944,6,1683
5431,6,1683
1292,2,1683
6759,1,1684
7853,3,1684
4495,3,1684
1755,6,1684
3315,4,1684
6732,0,1684
2960,4,1684
3156,4,1685
7856,6,1685
6522,2,1685
7903,1,1686
4061,1,1686
4242,0,1686
7132,3,1686
655,3,1687
3110,2,1688
3072,2,1688
6706,2,1688
3548,6,1689
4042,4,1689
4200,5,1689
6710,1,1689
385,3,1690
1531,2,1690
6602,6,1691
1734,0,1691
3970,6,1691
4253,4,1691
4428,5,1691
6714,6,1691
359,3,1693
2792,1,1693
4362,4,1693
7270,0,1693
273,2,1693
2460,1,1694
7307,5,1694
95,1,1694
2776,1,1694
5167,6,1694
21,0,1694
14,2,1694
323,3,1694
3324,3,1695
110,0,1695
7249,2,1695
7299,3,1695
7846,4,1695
235,6,1695
2431,1,1695
7527,2,1695
825,2,1696
3142,3,1696
167,2,1696
4455,3,1696
3027,6,1697
4102,6,1697
7558,1,1697
4170,1,1697
6610,0,1697
3043,3,1698
3764,0,1698
463,6,1698
491,3,1698
691,3,1698
2561,2,1698
1986,6,1698
7769,4,1699
3521,1,1700
1349,2,1700
5694,3,1700
7254,4,1702
7260,6,1702
7611,6,1702
304,4,1702
921,6,1702
4416,3,1702
2423,1,1702
2942,6,1703
3895,0,1703
7696,1,1703
2334,3,1703
2759,4,1703
3539,2,1703
4233,2,1703
2814,5,1703
916,6,1703
3176,6,1703
6747,1,1703
2031,4,1704
2479,1,1704
5390,0,1707
6245,1,1707
2789,3,1707
1395,6,1707
1973,1,1707
2544,2,1707
5527,0,1707
6335,4,1707
7825,6,1707
7287,1,1708
7587,3,1708
2471,2,1708
326,3,1710
2885,1,1710
6918,0,1710
1475,2,1711
1126,2,1712
2487,3,1712
6807,5,1712
7463,2,1712
5579,5,1712
6037,6,1712
6828,2,1713
7627,4,1713
7908,6,1714
1761,4,1714
3702,3,1716
6386,5,1716
708,3,1716
108,2,1716
4598,1,1716
6550,3,1716
2200,3,1716
4354,3,1716
6073,6,1716
6089,1,1717
7065,0,1717
2600,1,1717
3227,6,1717
5065,1,1718
6378,3,1718
6481,6,1718
1603,0,1718
2944,4,1718
6712,0,1718
1260,2,1718
2048,4,1718
3480,6,1718
7123,0,1719
7044,0,1719
2343,2,1719
7540,5,1719
3633,6,1719
5382,1,1719
790,4,1719
5904,5,1719
4034,4,1720
4290,4,1720
7579,6,1720
7857,3,1720
1731,0,1720
3925,3,1721
4434,0,1721
6770,3,1721
7519,2,1721
716,4,1721
1237,3,1722
4725,2,1722
7904,6,1722
214,5,1722
7060,1,1723
7232,2,1723
3868,3,1724
786,0,1724
2367,3,1724
4259,1,1726
4982,3,1726
5433,6,1726
5649,3,1726
7917,2,1728
5148,4,1728
5238,3,1729
5545,6,1729
5,2,1729
1777,0,1729
2494,2,1729
2036,2,1730
2215,2,1730
53,2,1730
5113,5,1730
5181,3,1730
2212,3,1731
6222,1,1731
122,2,1732
707,4,1732
2649,1,1732
2841,5,1732
3040,2,1732
5611,6,1732
7572,0,1732
4576,3,1732
301,6,1733
4615,3,1733
5307,2,1735
299,4,1735
1786,1,1735
2434,3,1736
6289,3,1736
7848,6,1736
543,3,1737
6652,3,1737
7851,6,1737
4943,0,1737
7918,1,1737
5718,3,1737
3916,2,1737
3248,5,1737
1202,2,1738
6855,5,1738
998,4,1738
4531,3,1738
5922,3,1739
3740,4,1739
5639,2,1739
6396,1,1739
805,6,1739
668,3,1739
6548,1,1740
7788,3,1740
1150,0,1740
2628,0,1740
5964,1,1740
3074,6,1741
6896,6,1741
1299,1,1742
6539,1,1742
1272,2,1742
3070,3,1742
5720,3,1743
489,0,1743
4127,3,1743
6980,6,1743
7482,0,1745
2213,5,1745
3338,2,1746
6622,6,1746
7944,6,1746
1538,3,1746
4179,6,1746
4662,0,1746
2337,4,1748
6264,4,1748
1400,0,1748
3787,4,1748
6962,6,1748
7811,0,1748
2038,3,1748
1665,5,1748
4824,3,1748
7672,4,1748
6824,1,1750
793,2,1750
6533,1,1750
2143,1,1750
3689,6,1751
913,3,1751
6391,2,1751
1472,1,1751
5627,6,1751
5951,5,1752
7955,3,1752
1302,1,1753
2304,6,1753
4710,0,1753
5549,4,1753
260,5,1753
1713,6,1753
3571,5,1753
4490,4,1753
1391,6,1753
2406,6,1753
6721,6,1755
6254,4,1755
6417,0,1755
7085,3,1755
7683,0,1755
2129,4,1755
6842,5,1755
506,3,1755
4096,1,1756
6935,3,1756
6983,1,1756
7567,3,1758
4498,0,1758
3636,3,1758
4605,6,1758
6516,3,1761
5235,5,1761
1772,2,1761
4046,3,1761
6376,2,1761
51,1,1761
2828,4,1761
3804,1,1762
2548,2,1762
5508,1,1762
993,3,1762
4410,3,1763
4763,4,1763
5440,1,1763
6968,2,1764
7040,1,1764
230,0,1764
6047,6,1764
7034,3,1764
1787,3,1765
6619,3,1765
917,4,1765
3794,3,1765
4617,0,1766
3254,0,1766
5626,3,1767
520,4,1767
1993,6,1767
2974,3,1767
4811,1,1767
769,1,1767
2291,1,1767
334,1,1768
1164,2,1768
1355,6,1768
4134,5,1768
7536,6,1768
6971,6,1768
5775,3,1768
7199,2,1768
7973,3,1768
3624,6,1769
4908,0,1769
3686,2,1769
5212,2,1770
6707,3,1770
6887,3,1770
952,2,1770
3152,6,1770
1306,2,1770
2779,6,1770
2824,6,1770
4989,3,1770
5472,3,1772
6373,4,1772
2190,4,1772
2289,3,1773
4507,3,1773
5469,0,1774
981,2,1774
1503,0,1774
1935,3,1775
5081,2,1776
7026,4,1776
4479,6,1776
4740,0,1776
2,3,1777
4192,4,1777
6246,0,1777
891,2,1777
3541,3,1777
4041,3,1777
4124,5,1777
5847,0,1777
7241,6,1777
285,3,1779
4320,1,1780
9,2,1781
6609,1,1781
6786,6,1782
34,6,1782
1143,2,1782
3881,4,1782
4634,4,1782
4217,1,1782
3424,6,1783
4148,2,1784
5091,6,1785
5515,1,1785
6709,6,1785
7038,1,1785
7211,6,1786
7402,3,1786
386,0,1786
1153,5,1786
6013,6,1786
6526,2,1786
2492,6,1786
588,2,1786
3387,5,1786
5260,3,1786
1070,1,1786
1835,4,1786
300,3,1788
932,5,1788
1549,5,1788
6332,2,1788
7773,2,1789
1285,3,1790
3349,6,1790
4099,1,1790
5583,4,1790
6817,5,1790
3631,4,1790
6597,2,1792
2575,6,1793
5590,0,1794
689,1,1794
2539,3,1794
868,2,1794
2119,3,1794
4177,5,1795
3570,3,1795
4985,5,1795
6972,3,1795
1545,6,1795
1946,1,1795
3083,2,1795
6951,4,1795
966,4,1795
4913,6,1797
6995,2,1797
7589,6,1798
3078,2,1798
4211,2,1798
4325,3,1798
2950,2,1798
3364,6,1798
447,6,1799
862,6,1799
1818,6,1799
794,0,1800
2462,6,1800
3999,0,1801
5475,3,1801
3201,0,1801
1768,4,1801
1964,2,1801
6392,1,1803
6574,1,1803
231,4,1803
6982,3,1803
0,4,1803
2882,6,1803
1007,3,1803
1916,2,1803
4810,3,1803
4955,4,1804
5294,3,1805
576,5,1805
1297,3,1805
3099,5,1805
3337,3,1806
3843,5,1806
6090,0,1808
7305,6,1809
1167,3,1809
1722,6,1809
4241,1,1809
4909,6,1809
2316,3,1809
5054,0,1809
5916,2,1809
7076,4,1810
3460,3,1810
6985,3,1811
7344,4,1811
4425,2,1811
7655,2,1811
502,2,1812
1062,2,1813
1572,4,1813
6181,0,1813
2028,6,1813
4809,0,1813
5354,6,1813
4841,6,1814
6494,2,1814
6715,3,1814
3953,2,1815
287,2,1815
4379,1,1815
4895,3,1815
7025,3,1815
282,2,1815
1110,3,1815
3402,2,1815
3682,2,1817
6239,3,1817
6668,6,1817
153,3,1817
4450,0,1817
6408,6,1817
6457,5,1817
6875,3,1817
3255,6,1818
4411,6,1818
5405,3,1820
1063,3,1820
1990,6,1820
3091,0,1821
1205,3,1821
3137,0,1821
3181,1,1821
3711,0,1822
4935,1,1823
164,6,1823
2945,4,1823
3604,0,1823
7549,0,1823
178,1,1823
5368,6,1823
7201,3,1823
7817,5,1823
1451,0,1824
358,2,1824
7204,0,1824
7406,5,1824
962,2,1825
2023,2,1825
3793,6,1825
258,4,1825
640,1,1825
5815,4,1825
898,1,1827
1024,2,1827
1347,5,1827
1725,4,1827
2880,1,1827
7867,3,1827
1852,0,1827
2856,0,1827
4726,3,1827
5141,1,1828
7667,0,1829
7743,6,1829
5567,0,1829
6479,1,1829
5245,2,1830
3725,4,1831
6303,2,1831
5218,6,1831
687,3,1831
2111,6,1831
2260,2,1831
5519,1,1834
7656,2,1834
2610,3,1834
3104,2,1834
6497,6,1834
7599,3,1835
2829,3,1835
7515,5,1835
5099,4,1835
5705,1,1835
710,6,1835
2083,6,1835
3720,4,1835
278,4,1835
1089,2,1836
1887,0,1836
3235,3,1836
6577,0,1836
3687,6,1836
5410,2,1836
5915,4,1836
1762,3,1836
5116,3,1837
1368,5,1837
2514,5,1838
7160,6,1838
5906,3,1838
6080,6,1838
7594,1,1839
5222,1,1840
7704,1,1840
1775,3,1840
1462,4,1840
5385,5,1840
4285,0,1841
2320,6,1842
3886,2,1842
346,0,1842
3141,1,1842
7206,1,1843
1533,3,1843
2958,1,1843
3139,1,1843
5397,6,1843
743,0,1844
1133,6,1844
1689,6,1844
4574,6,1844
5774,1,1845
434,4,1845
7049,2,1847
6157,3,1848
3124,4,1848
2144,2,1849
5388,4,1849
3353,3,1851
4713,0,1851
4997,6,1851
7126,4,1851
71,2,1851
1427,2,1852
5971,1,1852
3061,1,1854
3568,0,1854
2836,2,1854
4268,6,1854
7045,6,1855
1681,0,1855
5135,2,1855
6703,2,1855
7548,6,1855
116,3,1857
1232,1,1857
4926,4,1858
3199,3,1858
3475,4,1858
6711,1,1858
3862,1,1858
6053,6,1859
1953,5,1859
4552,6,1859
3932,3,1859
1709,2,1859
1732,4,1859
7074,4,1859
1188,1,1859
2924,4,1859
1753,6,1859
3778,3,1860
7156,4,1860
6422,3,1861
7412,0,1861
2173,1,1861
4635,2,1861
6235,6,1862
6510,2,1862
7088,4,1862
7575,6,1862
7864,3,1863
2361,3,1864
2142,3,1864
2233,2,1864
3671,6,1864
4518,3,1864
4859,1,1864
4714,3,1864
6125,5,1865
6525,4,1866
2040,5,1866
4610,4,1866
6521,0,1866
6216,5,1866
5022,2,1866
5063,3,1867
6142,1,1867
342,3,1867
2112,4,1867
2172,6,1868
6003,4,1868
7343,5,1868
119,5,1868
6595,0,1868
7560,3,1868
449,5,1868
705,4,1869
1279,2,1869
4707,3,1869
6297,6,1870
7266,1,1870
2208,0,1870
2908,4,1870
7372,5,1870
85,6,1870
182,4,1870
2937,3,1872
7668,3,1872
1698,1,1872
2983,1,1872
3935,3,1872
1540,2,1872
3696,1,1872
5689,3,1872
7674,1,1872
5893,6,1872
5447,2,1873
6787,6,1874
1730,4,1874
3858,1,1874
5528,2,1874
6660,3,1874
259,6,1874
582,6,1874
1160,2,1874
6882,2,1874
1519,2,1874
6713,6,1874
4210,1,1874
4413,0,1874
5836,4,1875
224,3,1875
324,3,1875
602,3,1875
1921,0,1877
6646,3,1879
336,6,1879
2866,5,1879
3069,2,1879
3770,3,1879
6366,6,1879
7601,0,1880
6195,3,1881
2857,3,1881
3558,1,1881
339,3,1882
2906,1,1882
3995,2,1882
5941,4,1885
6783,0,1886
3205,5,1886
6636,0,1886
3563,5,1886
5241,3,1886
4022,6,1887
736,5,1887
4083,6,1887
7078,2,1887
4509,4,1889
4918,4,1889
7497,3,1889
174,6,1889
928,6,1890
1069,2,1891
1877,5,1891
2868,3,1891
6076,0,1891
6755,2,1891
5602,5,1891
7828,6,1891
1802,3,1892
5030,1,1892
6871,3,1893
7183,5,1893
353,5,1893
5459,5,1893
1677,4,1893
1108,4,1895
7070,4,1895
5614,3,1895
2171,2,1895
2201,0,1895
5930,4,1895
7740,3,1895
1378,4,1896
4767,0,1896
6145,2,1896
7988,4,1896
2273,6,1896
3962,6,1896
6523,2,1896
6593,1,1896
99,6,1897
863,4,1897
2250,3,1897
2528,6,1897
4974,3,1897
7665,6,1898
367,2,1898
1166,0,1898
1579,5,1898
4382,6,1899
5849,0,1899
695,3,1899
3765,4,1899
6238,4,1899
4570,0,1899
7858,6,1899
441,2,1899
454,5,1899
3240,3,1900
1478,3,1901
2141,1,1901
2469,2,1901
2522,3,1901
3511,2,1901
6598,0,1901
6998,1,1901
3259,1,1901
7963,2,1901
3465,1,1902
3806,1,1902
5548,1,1902
4369,1,1902
890,3,1902
2122,1,1904
2381,4,1904
3399,0,1904
888,6,1904
910,5,1904
458,3,1904
3210,2,1904
7052,1,1904
7766,4,1904
614,2,1906
785,1,1906
1318,2,1906
2336,6,1906
5210,6,1907
6771,6,1907
6571,2,1908
7139,1,1908
2738,4,1908
2976,6,1908
4157,3,1909
5564,2,1909
5325,0,1909
5702,1,1909
6748,4,1909
1496,6,1909
3906,2,1910
7698,4,1914
6890,2,1914
7227,0,1914
5841,5,1914
3213,0,1914
1661,4,1914
753,6,1914
7466,4,1914
3386,3,1914
261,2,1915
6505,3,1915
2368,3,1915
5197,6,1915
6684,4,1915
2310,3,1915
4655,3,1915
2245,6,1916
3767,6,1916
6650,6,1916
2513,2,1916
1909,6,1916
2272,3,1918
6514,3,1920
729,5,1920
3330,3,1920
3629,0,1920
6611,4,1920
4599,1,1920
1976,4,1920
1886,1,1920
7617,2,1920
517,6,1920
6879,0,1920
1208,5,1920
5557,6,1920
5588,4,1920
7236,6,1921
2412,3,1921
4136,2,1921
5251,6,1921
1720,6,1921
4493,6,1921
6735,3,1922
1791,5,1922
1997,5,1922
700,2,1922
1461,2,1922
1381,0,1922
3884,6,1923
6704,6,1923
6950,6,1923
7374,3,1924
3937,6,1924
5392,1,1924
6301,6,1924
101,3,1924
1851,6,1924
4281,2,1925
1085,4,1925
5724,3,1925
2677,1,1925
4365,4,1925
6087,6,1925
628,0,1925
3898,0,1925
6187,0,1926
7868,6,1926
2723,3,1927
2939,6,1927
4130,2,1927
1480,3,1928
3003,3,1928
6476,5,1928
4827,3,1928
456,0,1928
1580,1,1930
1711,3,1930
1865,3,1930
2439,6,1930
3477,0,1930
3933,4,1930
4566,3,1930
4588,1,1930
5313,1,1930
2331,2,1931
5708,3,1931
7875,2,1931
2693,0,1931
7722,0,1931
3306,2,1931
3412,1,1931
4562,3,1931
6792,3,1932
4371,3,1932
7351,4,1933
7530,1,1933
3038,0,1934
3597,4,1934
4870,2,1934
2526,1,1934
2590,1,1936
3325,5,1936
7923,6,1936
3122,1,1936
7749,6,1937
3161,6,1940
4764,4,1940
1825,6,1940
3864,5,1940
4858,3,1940
5317,4,1941
6558,1,1941
7325,6,1942
2026,1,1943
4609,4,1943
7243,3,1943
5742,3,1943
7974,0,1944
2812,0,1944
7256,6,1944
1132,0,1944
321,5,1944
2356,5,1944
1392,2,1944
5346,2,1945
7094,5,1945
4468,5,1945
1151,3,1945
2518,1,1946
2634,2,1946
7469,3,1946
19,4,1946
3144,3,1946
791,1,1946
4310,3,1947
1068,3,1947
3098,2,1947
3555,6,1947
3850,6,1947
2957,6,1947
6447,0,1949
6509,3,1949
221,6,1949
953,6,1950
5423,2,1950
730,6,1951
3836,6,1951
4353,6,1951
557,1,1951
3559,6,1951
4675,2,1952
6162,3,1952
3191,1,1952
7190,2,1953
1308,5,1954
4852,6,1954
5942,4,1954
7105,1,1954
5312,4,1954
3786,3,1954
5690,2,1955
7991,2,1955
4334,5,1956
3230,0,1956
4151,3,1956
1343,6,1956
3540,6,1956
7660,4,1956
1924,2,1956
4198,0,1957
2090,5,1957
148,4,1957
4936,1,1959
305,2,1959
3274,3,1959
1141,6,1959
2402,6,1959
2827,2,1959
5332,3,1960
7345,2,1960
7453,1,1960
350,6,1960
3905,3,1960
6819,1,1960
7378,4,1962
4648,6,1962
5986,4,1962
7046,3,1963
2567,5,1963
2901,0,1963
2108,4,1963
2696,3,1965
7358,1,1965
4945,3,1965
6272,0,1966
2612,6,1967
4294,4,1967
4607,6,1967
5710,2,1967
511,5,1967
1518,3,1967
1589,3,1967
4019,5,1967
5398,0,1969
6917,0,1969
3049,3,1969
3659,3,1969
591,3,1969
5158,1,1969
2515,3,1970
3614,6,1970
7059,1,1970
75,5,1970
763,2,1972
2601,3,1972
5330,2,1972
5537,1,1972
7146,6,1972
4160,6,1972
6487,6,1974
7300,3,1974
283,6,1974
1767,2,1974
2206,6,1975
7692,1,1975
1943,4,1975
5128,2,1976
5203,6,1976
1365,3,1976
3211,3,1977
4188,0,1977
1820,1,1977
3175,1,1977
3169,2,1977
7410,2,1977
573,6,1980
3812,4,1980
4792,6,1980
5546,3,1980
7920,2,1980
572,2,1980
4590,0,1981
5653,1,1981
871,6,1981
1246,3,1981
3342,2,1981
354,6,1982
3984,2,1982
3795,0,1982
3855,6,1982
5360,1,1982
6172,1,1982
3363,5,1982
5595,4,1982
6381,6,1982
6400,4,1984
6517,2,1984
5957,2,1984
5995,4,1984
6784,3,1985
4451,2,1985
2325,2,1985
1793,1,1985
3902,6,1985
4338,6,1985
4086,3,1985
6040,3,1985
2204,1,1985
2839,2,1986
6449,1,1986
1937,1,1987
7921,1,1987
1004,2,1987
1774,3,1987
3119,0,1987
3300,3,1987
4546,5,1987
5026,6,1987
6990,5,1988
872,1,1988
1016,0,1988
4343,2,1988
744,1,1988
2586,1,1988
2665,3,1989
3698,4,1989
4196,6,1989
7781,2,1990
1047,4,1991
4898,0,1991
860,6,1991
1535,2,1991
3136,0,1991
4727,6,1991
7208,6,1993
7570,6,1994
55,0,1994
631,3,1994
2157,2,1994
6102,6,1994
7646,6,1994
1672,4,1995
2076,0,1996
6017,2,1997
5817,3,1997
2275,6,1997
4049,1,1997
6520,4,1997
7144,1,1997
1934,3,1998
2562,2,1998
4838,6,1999
5121,2,1999
7336,0,1999
7350,2,2001
2862,6,2001
4832,6,2001
4721,3,2001
4872,1,2002
2895,5,2003
3405,1,2003
4123,3,2003
4328,0,2003
7357,4,2005
2724,0,2005
5015,3,2005
6498,4,2005
2214,5,2005
3518,3,2005
4030,6,2005
7538,1,2005
4540,5,2005
5373,3,2005
7442,4,2006
1494,4,2006
7391,3,2007
559,6,2007
727,2,2007
2043,4,2008
143,2,2008
1065,4,2008
3894,4,2009
4940,5,2009
1479,3,2009
7900,0,2009
2458,4,2010
7898,3,2010
186,3,2011
3712,2,2011
7911,3,2012
2049,5,2012
6261,1,2013
5492,2,2013
7679,5,2013
2246,6,2013
4541,0,2013
6928,1,2013
2404,3,2013
6644,3,2014
6863,6,2015
6662,3,2015
6756,2,2015
3253,4,2016
4695,4,2016
7718,6,2016
3096,0,2016
3727,5,2016
6342,3,2016
6766,3,2016
6638,2,2018
7282,3,2019
7556,2,2019
2821,1,2021
6689,1,2021
911,5,2021
2495,2,2021
3153,4,2021
5032,3,2021
6702,3,2021
3801,0,2021
2717,3,2022
4135,4,2022
5429,2,2022
6309,0,2026
5936,3,2026
6467,5,2026
2418,2,2026
4432,0,2026
752,1,2026
1495,6,2026
483,5,2026
523,4,2026
3763,5,2026
4527,4,2026
3628,1,2028
6603,5,2028
1210,1,2028
3397,2,2028
5335,6,2028
7331,0,2028
1685,1,2028
6559,4,2028
2867,3,2028
3708,3,2029
7894,6,2029
4121,3,2031
1863,2,2031
4201,3,2031
4941,4,2031
937,5,2032
2014,4,2033
2499,1,2033
3219,3,2033
3404,0,2033
4587,1,2033
3469,0,2033
5958,2,2033
7886,6,2034
1447,6,2035
1870,0,2035
7329,6,2035
5303,2,2035
7663,2,2035
400,6,2036
527,6,2037
2354,5,2037
2755,0,2037
5252,0,2037
4972,0,2037
5932,6,2037
601,6,2037
5231,3,2039
3910,3,2039
6594,1,2039
3600,6,2039
6736,2,2039
4817,0,2039
1429,2,2039
2672,6,2039
5450,6,2040
2306,0,2040
7645,6,2041
3589,2,2041
5049,6,2042
4472,3,2042
290,0,2043
1287,0,2043
4258,3,2043
5613,2,2043
528,4,2043
7529,6,2043
4514,6,2043
3545,0,2043
165,6,2044
5671,2,2044
1474,6,2045
3865,3,2045
3842,0,2045
3844,2,2045
154,6,2045
574,4,2045
1396,4,2045
1861,3,2045
4092,4,2045
192,3,2045
2055,3,2046
3946,3,2046
5200,1,2047
5573,5,2047
2216,3,2047
957,1,2048
5271,3,2048
1383,1,2048
243,2,2049
2638,2,2049
6696,2,2049
4043,6,2049
6164,0,2050
1624,2,2050
1015,3,2050
3863,3,2050
6754,6,2050
4593,0,2050
1415,6,2050
3468,1,2050
3487,4,2050
6768,3,2050
2081,6,2051
6020,6,2052
7978,2,2052
566,6,2053
7779,4,2053
170,6,2053
685,1,2053
7077,3,2053
275,2,2053
4777,6,2053
3551,3,2055
7089,3,2055
3068,5,2055
4614,4,2055
3062,6,2055
4866,4,2058
690,0,2058
3391,2,2058
6939,3,2058
7948,4,2058
1357,2,2059
7315,5,2059
2134,4,2059
6537,6,2059
1171,6,2059
1289,3,2059
69,3,2059
1203,0,2059
4815,3,2059
5188,0,2062
2897,0,2062
5723,0,2063
840,0,2064
1130,6,2064
3524,0,2065
6585,2,2065
2358,6,2065
446,5,2065
5321,4,2065
7477,6,2067
5603,1,2067
5909,1,2067
1758,0,2067
7082,3,2067
7440,2,2067
1559,6,2067
639,6,2068
3695,2,2068
4176,6,2068
292,4,2068
3010,0,2068
5797,0,2068
1331,2,2068
1695,4,2069
3121,4,2069
4793,4,2069
1595,0,2069
3000,4,2069
3845,5,2069
4751,4,2069
6729,2,2070
7789,0,2070
5876,3,2071
3705,6,2071
5571,1,2072
3785,5,2072
7104,1,2073
762,3,2073
1890,1,2074
6925,0,2074
2921,4,2074
3961,3,2074
6601,1,2075
4339,3,2075
4342,3,2076
1209,0,2076
2853,6,2076
3532,6,2076
5153,0,2076
5669,6,2076
856,5,2076
1386,1,2076
3200,2,2076
5411,3,2076
127,2,2078
4452,2,2078
337,0,2078
1334,4,2078
5765,4,2078
7102,1,2078
2699,2,2078
5808,6,2079
200,3,2079
6698,6,2079
7246,2,2079
2473,6,2081
6831,1,2081
550,6,2081
7035,2,2081
713,2,2081
7090,6,2081
7588,0,2081
7095,3,2081
855,3,2081
1244,0,2082
1537,2,2082
1066,0,2082
1442,3,2082
6752,0,2082
1610,4,2082
6560,4,2082
866,6,2082
4047,6,2084
7365,4,2084
2079,6,2084
3454,4,2085
5606,6,2085
1361,4,2085
2508,1,2085
4336,3,2085
2340,4,2085
2667,5,2085
3816,5,2085
3800,0,2085
4161,3,2085
4843,4,2086
5825,0,2087
1552,6,2087
3657,5,2087
5048,1,2087
1374,2,2087
2007,6,2087
1770,1,2087
3538,4,2087
3637,4,2087
6273,6,2087
2979,3,2088
4009,5,2089
4408,2,2089
4522,6,2089
6894,4,2089
1718,6,2089
3852,0,2089
6489,3,2089
3037,3,2090
6829,4,2090
6945,2,2091
4232,4,2092
5497,4,2092
7292,3,2092
1833,3,2092
3486,6,2092
5618,5,2092
1403,1,2092
3991,0,2093
4545,5,2093
5881,0,2093
6944,5,2093
209,3,2093
6212,4,2093
1551,6,2093
1255,1,2094
3177,1,2094
320,6,2094
7014,4,2094
442,6,2095
5432,0,2095
6733,1,2095
2224,2,2095
3425,2,2096
4644,1,2097
7223,3,2098
969,5,2098
6144,3,2098
6916,3,2098
1658,5,2098
2633,4,2099
4471,1,2099
4681,2,2099
1227,5,2099
2011,3,2100
5476,6,2100
6092,3,2100
6943,3,2100
7111,4,2100
1168,6,2102
1191,1,2102
6414,0,2102
1508,3,2102
5106,3,2102
7452,3,2102
173,4,2102
724,6,2102
3189,6,2102
7969,5,2103
2670,5,2103
3086,1,2103
2154,3,2103
5367,4,2104
6543,4,2104
1352,6,2105
6185,6,2105
7289,1,2105
4415,3,2105
4637,0,2105
6822,2,2105
2118,2,2105
7316,2,2106
7508,2,2106
800,2,2107
1657,2,2107
2107,4,2107
6434,0,2107
2940,0,2107
5089,3,2108
7207,3,2108
6199,3,2108
3998,2,2109
6313,2,2110
884,4,2111
3461,4,2111
255,2,2111
5028,2,2111
281,6,2112
363,4,2112
1498,3,2112
1520,0,2112
3533,4,2113
6123,1,2113
6334,3,2113
801,1,2113
959,2,2114
3299,0,2114
4900,5,2114
2468,0,2114
4398,4,2114
5328,6,2116
4606,0,2116
6362,1,2116
2538,3,2116
6411,4,2116
818,4,2116
2078,0,2116
2509,5,2116
7533,6,2116
1241,6,2117
3145,6,2117
4352,3,2117
4575,4,2117
739,0,2117
2124,6,2117
4110,3,2117
5494,4,2118
1807,1,2118
3016,6,2118
4146,3,2118
7557,2,2118
7734,1,2119
3278,0,2119
5898,2,2120
7927,1,2120
1105,6,2121
2050,0,2121
4245,1,2121
1784,6,2121
6066,4,2121
1399,6,2122
6194,5,2122
7541,1,2122
1614,6,2123
2481,6,2123
4800,2,2124
7294,2,2124
3870,1,2125
338,2,2125
1586,0,2125
4836,6,2125
5454,3,2126
7273,1,2126
7742,2,2126
147,3,2126
597,6,2127
964,5,2127
1254,3,2127
2021,3,2127
6531,2,2127
7009,2,2128
788,6,2128
1710,2,2128
2745,4,2128
5526,0,2128
6356,3,2128
7257,5,2128
7480,0,2128
826,6,2129
656,3,2129
5960,0,2130
906,4,2130
7384,1,2130
7884,3,2131
2533,4,2132
2555,6,2132
4117,3,2132
4865,0,2132
719,6,2132
2820,4,2132
7247,4,2132
838,4,2132
2395,3,2132
2801,1,2133
3149,2,2134
7159,4,2134
1557,3,2134
3167,3,2134
4319,0,2134
3054,5,2134
611,3,2134
3663,2,2134
3651,6,2134
6507,1,2136
7690,6,2136
7707,0,2136
2186,2,2137
4504,0,2137
3856,6,2137
4299,2,2137
7416,3,2138
172,3,2138
3669,4,2138
6294,6,2139
7458,0,2139
1245,1,2139
4536,1,2139
4682,6,2140
7709,6,2140
1801,6,2140
2137,4,2140
3985,6,2141
5805,5,2141
6211,5,2142
2197,6,2142
6974,6,2142
1497,1,2142
1809,4,2142
3515,5,2143
3834,5,2143
6134,3,2143
6810,3,2143
6816,4,2144
7125,6,2144
1691,6,2144
4433,5,2145
5585,4,2145
5888,4,2145
1599,1,2145
2876,6,2145
3431,1,2145
7018,5,2146
4016,6,2147
5933,3,2147
6155,5,2147
4052,6,2147
7409,6,2147
4688,1,2147
4981,6,2147
5832,4,2148
7995,4,2148
3128,2,2148
3202,2,2148
3635,2,2150
5060,0,2150
3768,1,2150
4582,2,2150
2870,6,2150
2984,3,2150
6130,6,2152
6360,6,2152
3491,0,2152
5087,0,2152
3979,5,2152
6869,2,2152
1893,4,2152
2341,3,2153
5356,0,2153
5425,1,2154
6853,1,2154
606,2,2155
2084,2,2155
7461,3,2156
7511,3,2156
2265,3,2156
5290,6,2156
6347,5,2156
1163,4,2156
1702,6,2156
3815,2,2156
6613,2,2157
701,2,2157
1430,2,2158
494,4,2158
7717,0,2159
6192,5,2159
2231,3,2159
7178,5,2159
1576,3,2160
4888,6,2160
7468,4,2160
129,6,2161
5152,5,2161
3031,2,2161
3643,5,2161
138,3,2162
3014,3,2162
5253,0,2163
6304,6,2163
5540,5,2163
5678,3,2163
5831,3,2163
471,5,2163
2353,1,2164
5789,0,2164
5875,0,2164
7218,0,2164
768,3,2164
479,6,2164
2889,6,2164
5165,4,2164
6364,4,2165
6298,3,2165
6991,3,2165
7658,4,2165
905,6,2165
1330,3,2165
4284,5,2165
5782,1,2165
3752,4,2165
6044,1,2165
6693,1,2165
4037,3,2166
5194,2,2166
1773,2,2167
1883,4,2167
2393,4,2167
3046,5,2167
5983,1,2168
322,0,2168
2489,0,2169
2182,5,2169
7446,2,2169
137,6,2170
1012,6,2171
1243,4,2171
3656,2,2171
5417,6,2171
6926,3,2171
7723,1,2171
4544,1,2171
6530,0,2171
7862,1,2171
6,6,2172
3977,4,2172
7767,4,2172
7108,4,2172
1165,4,2172
4652,6,2173
313,3,2173
5838,6,2173
2181,3,2173
6677,3,2173
2035,3,2173
3025,3,2173
1854,1,2174
2008,3,2174
7375,2,2175
1364,1,2175
3277,4,2175
7293,3,2176
47,3,2176
1104,2,2176
7031,6,2176
7774,6,2180
2240,1,2180
7445,6,2180
7100,2,2180
343,5,2180
7318,3,2180
6390,4,2180
7888,0,2180
2949,0,2181
6850,1,2182
2617,1,2182
3821,0,2182
5305,4,2182
7691,4,2182
7872,4,2182
7961,2,2182
3269,3,2182
4222,6,2182
6458,1,2182
7922,2,2183
6186,6,2183
7880,0,2183
1839,0,2184
4807,2,2185
5073,2,2187
5680,3,2187
1662,6,2187
3617,6,2188
1413,6,2188
467,3,2188
7826,2,2188
2415,5,2188
5371,4,2188
2861,3,2188
5365,3,2188
503,4,2188
6767,1,2189
7506,6,2190
7721,4,2190
4239,0,2190
2237,1,2190
2624,1,2190
3276,0,2190
1152,1,2190
2793,3,2190
5493,6,2190
6823,1,2190
3436,1,2191
6279,0,2191
78,6,2191
370,2,2192
3715,5,2192
4723,2,2192
7407,1,2192
797,2,2192
999,4,2193
4932,6,2193
583,4,2193
4372,6,2193
5225,3,2193
5480,1,2193
4533,0,2193
2891,6,2193
3949,2,2193
4080,1,2194
4597,1,2194
5016,0,2194
7131,3,2194
1393,3,2194
1423,4,2195
7332,1,2195
2980,4,2196
3975,1,2196
6664,4,2196
6718,3,2196
2179,6,2196
4220,6,2196
5683,6,2196
2046,6,2196
5728,3,2196
6451,6,2197
4205,1,2197
2986,6,2197
4357,3,2197
3611,5,2197
7460,3,2198
7475,0,2198
2844,4,2198
3125,3,2199
5868,2,2199
6813,6,2199
3302,1,2199
5249,6,2199
6858,2,2200
1022,0,2200
3314,6,2200
5009,5,2200
2952,2,2200
3823,4,2200
4510,2,2201
5967,2,2201
2973,2,2201
7196,1,2201
2609,3,2202
5248,2,2202
632,3,2202
1056,4,2203
2192,1,2204
6265,4,2204
6535,0,2204
1483,3,2204
2910,6,2205
4063,2,2206
1252,5,2207
3500,3,2207
843,5,2207
6072,6,2208
7387,3,2209
2321,6,2209
5719,1,2209
197,0,2209
493,3,2210
4794,3,2210
5886,6,2210
4753,5,2210
84,2,2210
5421,4,2210
3344,0,2211
1213,0,2211
4373,1,2211
1206,2,2211
6640,6,2211
