没什么用拿来占位的第一行，这是第8个文件
0,3070,17,74
1,9997,46,42
2,1844,51,58
3,2447,53,32
4,9420,65,66
5,6143,25,22
6,6238,40,62
7,5924,47,77
8,225,11,21
9,2638,34,67
10,7290,53,83
11,4389,49,52
12,2177,21,65
13,1981,52,78
14,3766,45,80
15,3301,57,84
16,7127,35,89
17,3011,4,1
18,1592,17,28
19,554,16,37
20,875,10,6
21,856,0,17
22,1374,43,69
23,7290,51,42
24,3288,48,22
25,7749,65,75
26,547,45,24
27,8666,48,84
28,5165,6,72
29,6047,29,6
30,5727,27,74
31,4922,0,17
32,4980,30,75
33,10096,49,84
34,9365,28,52
35,5910,49,22
36,8225,3,37
37,6844,32,3
38,3745,31,85
39,10153,29,36
40,4353,27,55
41,9338,44,47
42,7497,29,62
43,1006,53,75
44,5197,3,31
45,4187,56,7
46,9924,20,66
47,1239,13,5
48,789,40,26
49,1519,35,22
50,6332,30,29
51,5104,19,74
52,9689,4,62
53,1813,9,83
54,2117,4,23
55,2889,18,14
56,877,1,85
57,9978,47,37
58,5858,37,42
59,4681,28,59
60,6197,16,27
61,428,44,18
62,7999,12,27
63,3241,1,61
64,4897,60,46
65,2685,18,33
66,4865,7,44
67,8662,48,70
68,1271,39,3
69,10788,28,37
70,3365,44,31
71,7706,64,61
72,148,65,84
73,1541,9,27
74,6593,33,32
75,7149,7,61
76,9747,54,32
77,2312,10,54
78,1784,55,20
79,4249,62,44
80,4929,16,80
81,10154,64,22
82,5381,59,77
83,6592,54,61
84,3009,9,78
85,3043,12,18
86,935,48,48
87,10913,35,76
88,7602,37,69
89,10211,40,70
90,1420,57,46
91,777,21,47
92,8709,42,44
93,4918,31,20
94,9940,41,57
95,375,65,44
96,908,20,80
97,3051,14,54
98,9168,45,56
99,9529,1,66
100,1570,11,55
101,2007,52,52
102,9896,54,29
103,3385,15,2
104,10718,11,88
105,783,43,49
106,7432,33,36
107,9763,4,33
108,10088,33,73
109,10190,42,84
110,5670,59,66
111,3807,1,74
112,8459,50,64
113,9302,47,43
114,6631,46,51
115,3455,6,8
116,2816,6,64
117,7999,28,1
118,5564,56,70
119,5465,12,29
120,9264,35,14
121,7379,33,2
122,2938,44,63
123,9354,9,38
124,7192,10,81
125,8742,6,68
126,5731,28,22
127,7714,13,65
128,446,9,72
129,6446,29,10
130,10889,40,55
131,9050,4,83
132,583,23,78
133,86,19,24
134,2295,40,56
135,6928,31,82
136,3767,35,62
137,4946,52,31
138,9228,21,21
139,4700,58,16
140,1553,54,54
141,7806,54,22
142,5267,24,61
143,9448,66,10
144,596,9,68
145,3396,19,40
146,10303,17,44
147,4484,10,32
148,2585,10,49
149,1521,56,53
150,9110,44,6
151,1613,26,9
152,8410,51,64
153,1789,29,77
154,4456,54,18
155,3954,2,57
156,6672,30,16
157,3396,32,27
158,8135,38,87
159,6392,58,68
160,6962,3,44
161,7383,64,71
162,8056,45,75
163,9563,53,23
164,5693,40,3
165,9741,46,72
166,4281,52,42
167,137,26,87
168,2252,21,57
169,207,24,85
170,7348,9,8
171,3227,66,80
172,355,12,54
173,1644,41,81
174,7895,66,12
175,8703,15,27
176,1166,57,52
177,8938,58,65
178,9799,28,29
179,37,62,82
180,819,65,76
181,1608,49,61
182,4015,39,45
183,5449,53,68
184,10051,38,72
185,276,14,76
186,2076,51,68
187,2474,45,86
188,4866,30,67
189,90,60,76
190,3185,9,45
191,1465,15,63
192,10959,25,44
193,2780,35,41
194,3786,30,30
195,2374,19,81
196,10635,14,20
197,8498,35,88
198,803,23,61
199,3153,18,61
200,4755,59,84
201,4308,40,25
202,2685,27,9
203,7298,31,44
204,6437,28,76
205,7997,50,29
206,3384,29,38
207,4763,56,45
208,10071,38,47
209,7108,37,71
210,612,0,20
211,51,41,15
212,736,25,4
213,6680,9,53
214,3684,29,74
215,6502,6,49
216,10706,55,31
217,1075,59,42
218,4433,14,78
219,3647,33,28
220,7454,42,55
221,1743,2,70
222,7625,28,24
223,5411,45,6
224,232,38,76
225,4523,4,65
226,3359,31,73
227,7376,65,54
228,3069,24,5
229,2242,50,9
230,10398,25,59
231,1644,44,39
232,10935,63,84
233,1659,25,24
234,3114,13,13
235,10736,20,38
236,4224,13,37
237,4257,5,3
238,9302,2,47
239,2725,41,60
240,9689,60,45
241,6454,59,42
242,6421,12,45
243,1679,28,77
244,5201,34,14
245,3376,25,18
246,2704,8,4
247,5243,55,46
248,3419,9,75
249,10312,33,57
250,1274,11,19
251,5757,18,81
252,5855,56,1
253,6841,20,25
254,7829,39,1
255,9049,66,5
256,6377,23,79
257,3170,8,5
258,9155,19,60
259,3050,30,25
260,446,25,18
261,3094,46,9
262,1635,4,36
263,9357,28,6
264,8269,45,30
265,6189,51,54
266,500,15,26
267,8777,18,71
268,2276,65,57
269,3652,42,8
270,2276,24,51
271,3893,53,28
272,3956,4,4
273,8885,41,45
274,3063,24,26
275,8986,55,73
276,4085,58,69
277,10711,8,62
278,5810,45,31
279,1448,26,71
280,1641,2,40
281,7661,1,89
282,7968,41,77
283,3714,11,47
284,8794,0,25
285,4332,62,9
286,6434,64,27
287,10474,44,44
288,10975,46,43
289,6090,53,39
290,3572,14,11
291,10164,54,87
292,3013,3,8
293,9699,31,32
294,2634,50,30
295,1085,38,75
296,240,64,43
297,599,26,70
298,2290,41,47
299,7587,8,52
300,9143,36,5
301,2935,33,65
302,3857,52,83
303,2510,46,84
304,3836,58,23
305,10897,45,37
306,8327,13,86
307,4913,36,39
308,9015,40,69
309,9146,37,5
310,4402,35,74
311,1126,36,47
312,4626,59,58
313,3223,11,5
314,5332,36,22
315,6396,2,68
316,10745,54,16
317,5164,38,48
318,128,34,75
319,6609,2,49
320,4754,31,76
321,4429,51,32
322,7149,17,5
323,9632,48,1
324,8223,41,6
325,7907,64,28
326,1121,21,52
327,7752,61,76
328,103,8,79
329,110,54,85
330,9064,7,35
331,3107,54,87
332,877,45,40
333,1527,48,87
334,9918,26,67
335,3942,4,68
336,790,12,83
337,2494,28,18
338,2965,6,1
339,218,3,11
340,5750,23,9
341,1963,17,44
342,3334,39,8
343,5839,30,47
344,10350,20,9
345,4901,44,72
346,6887,4,79
347,2701,22,23
348,2210,2,64
349,837,62,7
350,9895,21,35
351,9784,60,88
352,9636,14,43
353,3249,18,82
354,2604,1,70
355,9629,56,80
356,5525,29,50
357,9469,44,10
358,2508,43,78
359,9097,19,89
360,9697,59,81
361,2370,54,66
362,3574,58,43
363,5539,0,27
364,7438,12,39
365,10541,52,33
366,10141,8,32
367,9379,26,7
368,10749,17,42
369,8567,39,69
370,9345,44,10
371,3889,39,51
372,457,8,79
373,7087,41,36
374,7617,1,56
375,1396,8,59
376,380,23,27
377,4400,51,82
378,3563,46,46
379,8728,12,27
380,1083,28,9
381,10170,48,26
382,4124,66,32
383,5933,45,46
384,7844,22,84
385,1461,46,57
386,9764,58,24
387,7629,36,77
388,4524,24,47
389,604,34,35
390,3375,66,16
391,6827,64,27
392,7035,30,88
393,7571,7,40
394,7677,46,66
395,1439,58,48
396,10397,12,39
397,5394,33,49
398,4457,47,39
399,3390,5,51
400,10760,12,19
401,559,62,18
402,3378,44,31
403,8674,0,27
404,1533,39,16
405,9221,61,55
406,7188,42,89
407,4462,39,12
408,7794,36,59
409,1098,13,76
410,6455,48,67
411,2946,54,41
412,9389,62,44
413,1611,55,42
414,7545,62,12
415,2034,37,37
416,8537,61,19
417,8521,41,46
418,7263,13,84
419,638,18,67
420,2600,24,51
421,3173,14,75
422,534,18,74
423,1717,51,48
424,7997,52,57
425,5050,52,11
426,5315,9,68
427,8187,3,88
428,10411,66,8
429,5444,46,66
430,1379,49,69
431,4272,19,33
432,10736,36,88
433,2148,60,85
434,9182,26,50
435,370,22,44
436,9284,10,30
437,10111,66,9
438,1016,12,14
439,3144,51,35
440,6593,47,60
441,6816,64,66
442,462,6,4
443,7920,53,51
444,8800,27,25
445,1999,5,25
446,5253,43,67
447,2746,16,78
448,7704,34,38
449,5388,41,74
450,9787,7,29
451,10150,40,87
452,3351,21,77
453,7221,34,72
454,8531,15,75
455,4278,32,31
456,1863,21,15
457,4249,41,72
458,10974,13,45
459,1799,36,52
460,4169,57,68
461,10814,7,7
462,4005,39,78
463,5477,6,34
464,82,35,71
465,5648,35,60
466,546,29,44
467,7411,43,75
468,5706,28,71
469,7445,46,69
470,4773,47,57
471,8986,63,73
472,2546,39,26
473,1619,0,32
474,9420,48,50
475,8806,43,39
476,10421,42,22
477,10871,36,87
478,4252,43,24
479,9267,47,2
480,656,38,72
481,7853,42,40
482,10359,32,81
483,525,29,25
484,9922,18,33
485,7784,13,1
486,7037,13,71
487,3247,6,79
488,9311,17,6
489,5553,43,31
490,7124,52,27
491,9544,3,60
492,1628,1,71
493,7027,54,68
494,5274,17,64
495,2746,60,84
496,7442,33,77
497,2613,17,18
498,4316,21,50
499,960,40,19
500,10991,37,60
501,6180,59,52
502,216,36,89
503,6645,41,17
504,5085,7,25
505,9658,16,27
506,4819,11,61
507,5691,17,60
508,9792,37,21
509,4078,47,78
510,167,12,32
511,7363,20,21
512,2869,47,39
513,1749,24,56
514,2175,32,72
515,7771,22,32
516,4321,40,46
517,9861,33,7
518,10343,7,15
519,10371,48,8
520,9203,30,18
521,5312,24,24
522,8243,66,65
523,8623,23,55
524,9533,51,82
525,542,17,55
526,8748,31,57
527,10944,27,75
528,1094,21,60
529,3161,51,82
530,3161,7,70
531,9731,27,85
532,9402,35,21
533,4743,19,55
534,4749,20,49
535,3504,63,25
536,10667,46,55
537,5110,49,20
538,1173,20,69
539,10998,15,44
540,8015,13,24
541,1038,61,83
542,2134,11,19
543,3171,29,27
544,3546,55,27
545,1488,5,47
546,63,51,7
547,10648,32,84
548,7751,16,62
549,4066,60,89
550,1316,11,16
551,3998,1,38
552,128,36,1
553,8948,17,12
554,6081,33,83
555,3411,2,71
556,10126,25,75
557,6679,18,40
558,4013,56,64
559,5574,12,70
560,1169,53,74
561,1016,3,33
562,10139,23,75
563,9645,14,43
564,4276,31,80
565,1131,9,11
566,10010,45,17
567,6987,53,17
568,3467,13,30
569,2975,14,36
570,10212,21,78
571,8839,46,1
572,4598,33,87
573,8270,45,21
574,3379,10,73
575,6820,51,47
576,6730,22,56
577,7874,58,62
578,9900,7,59
579,9558,38,40
580,6971,59,73
581,9748,49,17
582,2240,59,43
583,276,25,39
584,1805,15,17
585,10555,29,36
586,3992,18,33
587,9538,58,15
588,7926,50,21
589,3170,0,48
590,3195,55,9
591,6816,17,66
592,8754,39,73
593,8146,10,16
594,5989,13,47
595,8910,27,47
596,7039,63,70
597,1737,31,65
598,2342,18,26
599,7616,22,27
600,5591,56,35
601,6476,7,85
602,8111,23,65
603,8795,36,40
604,1095,8,51
605,4093,16,14
606,2607,44,87
607,3368,47,36
608,3247,16,34
609,1145,26,26
610,322,14,8
611,7748,22,7
612,8820,0,63
613,8127,7,16
614,10650,17,84
615,2489,30,80
616,1255,42,86
617,10938,3,65
618,5725,55,33
619,9244,14,31
620,2665,65,18
621,2534,46,46
622,4666,57,71
623,6815,20,30
624,8478,64,5
625,6994,16,44
626,272,39,58
627,8703,62,28
628,5727,65,18
629,10980,17,77
630,6134,7,51
631,3075,58,20
632,1982,26,68
633,2318,20,82
634,10525,25,33
635,8050,17,82
636,1336,45,88
637,3990,55,47
638,6027,9,17
639,4397,8,9
640,8893,11,3
641,2540,49,6
642,4084,10,46
643,8994,30,30
644,5747,14,40
645,4993,31,3
646,2924,44,88
647,795,12,45
648,7191,55,50
649,1892,28,24
650,9085,45,19
651,3138,39,7
652,10936,56,78
653,1793,35,58
654,4522,14,20
655,7954,40,12
656,8080,62,34
657,7525,4,52
658,1639,60,28
659,852,29,89
660,7495,60,22
661,3349,62,34
662,4840,24,10
663,5302,24,62
664,9403,32,71
665,5669,22,2
666,6853,28,25
667,937,13,5
668,7614,47,55
669,10911,57,56
670,4224,33,83
671,1150,21,50
672,4227,18,28
673,6539,36,17
674,10783,5,70
675,7001,55,70
676,7241,18,20
677,1074,39,73
678,296,47,50
679,5800,46,1
680,6126,16,38
681,1710,51,22
682,9043,7,70
683,6059,24,61
684,5550,20,73
685,3391,42,80
686,7533,30,51
687,4057,46,83
688,2839,45,7
689,3166,3,5
690,1944,50,53
691,4317,29,39
692,2633,35,63
693,1732,43,45
694,618,43,23
695,3990,52,1
696,2572,8,46
697,3217,39,4
698,6861,9,81
699,1468,48,40
700,6598,29,71
701,9178,37,77
702,8005,41,19
703,9657,11,13
704,1024,50,8
705,3888,46,75
706,5601,55,59
707,2403,27,46
708,6368,37,64
709,6790,65,51
710,820,22,74
711,3232,60,36
712,791,61,24
713,8835,17,87
714,2774,1,60
715,1510,18,84
716,8432,41,81
717,2777,19,34
718,8249,47,27
719,5688,54,65
720,2961,60,85
721,2013,50,73
722,9512,51,45
723,3739,50,84
724,2128,21,56
725,2944,26,6
726,3881,0,45
727,5158,35,39
728,6048,20,14
729,58,64,50
730,4360,14,52
731,3551,18,69
732,6810,28,21
733,2492,53,14
734,2606,21,82
735,10527,16,34
736,5792,50,53
737,1056,46,21
738,5018,30,26
739,4397,7,21
740,8334,42,11
741,4296,6,70
742,220,44,55
743,3191,33,10
744,4748,57,23
745,5312,51,63
746,97,49,79
747,6182,26,63
748,9046,1,48
749,3586,38,60
750,193,40,51
751,10475,34,62
752,10502,54,30
753,7432,34,1
754,5003,7,34
755,7695,29,30
756,9803,58,38
757,4208,63,58
758,7066,62,61
759,4778,25,15
760,10751,33,36
761,7346,34,87
762,464,45,12
763,7914,45,78
764,10188,37,73
765,1243,27,80
766,4956,46,43
767,5120,12,13
768,5140,5,34
769,7683,37,62
770,8495,32,30
771,7263,66,58
772,10633,62,38
773,7824,48,46
774,10675,6,2
775,8989,12,40
776,5724,50,66
777,3330,34,1
778,10340,57,65
779,446,4,60
780,10233,64,46
781,598,58,72
782,1663,5,89
783,4281,9,81
784,4883,56,3
785,10824,35,46
786,5445,25,37
787,5606,3,59
788,2162,14,13
789,6881,4,5
790,190,15,26
791,6190,15,23
792,1578,3,59
793,8818,26,34
794,5175,60,26
795,9485,44,62
796,5693,5,44
797,9755,55,80
798,7142,7,49
799,5345,0,51
800,9695,20,13
801,9038,50,76
802,1988,5,8
803,1529,50,45
804,2133,13,54
805,8177,3,38
806,6651,32,57
807,3277,66,87
808,6089,39,63
809,1074,9,48
810,10677,29,35
811,5834,65,69
812,9144,39,43
813,268,25,46
814,7839,48,24
815,3739,47,67
816,3496,8,44
817,10202,56,11
818,1167,27,28
819,9199,19,17
820,1883,19,4
821,1408,43,15
822,2963,22,72
823,10477,60,76
824,10769,66,83
825,2716,50,29
826,4450,8,88
827,2016,60,34
828,7520,29,81
829,10806,56,75
830,1515,57,1
831,5045,19,70
832,2139,9,2
833,1079,16,26
834,5746,56,8
835,976,9,23
836,1241,29,20
837,4544,33,77
838,5513,19,12
839,10235,44,67
840,8783,0,64
841,3186,50,39
842,10277,9,58
843,10903,50,76
844,5331,14,71
845,10047,16,88
846,494,4,83
847,4518,35,9
848,7970,33,10
849,3368,9,69
850,2261,16,1
851,6531,39,32
852,4234,22,22
853,684,36,40
854,8708,59,7
855,6076,55,25
856,6501,59,13
857,5786,46,80
858,8298,25,13
859,1908,27,72
860,6069,41,18
861,2647,25,29
862,10039,14,19
863,8382,52,11
864,1106,5,29
865,2605,45,80
866,9910,30,32
867,8556,42,81
868,10144,45,58
869,6834,60,43
870,2563,12,33
871,6114,37,48
872,9672,50,15
873,3867,11,12
874,10600,20,49
875,6906,43,18
876,479,28,7
877,2813,63,52
878,1129,34,72
879,1045,7,55
880,8279,59,46
881,5443,5,89
882,7717,35,82
883,2037,55,46
884,8734,51,87
885,8221,15,11
886,6571,20,87
887,1638,7,61
888,1559,41,55
889,3632,62,82
890,9763,65,35
891,6374,7,42
892,7111,15,86
893,12,19,76
894,4458,39,86
895,1907,62,35
896,5962,33,1
897,6886,34,81
898,4585,5,67
899,9203,60,16
900,5573,8,14
901,9609,61,72
902,5424,57,58
903,7393,28,32
904,3679,20,71
905,7233,36,68
906,5311,18,18
907,9392,46,39
908,288,49,48
909,5833,61,4
910,2717,56,74
911,1572,59,14
912,10191,42,44
913,5642,41,67
914,9610,60,62
915,180,35,26
916,1276,48,81
917,3765,52,45
918,2987,22,2
919,9150,48,71
920,8589,8,45
921,8713,52,68
922,9601,36,71
923,5011,10,5
924,10659,9,11
925,6649,57,87
926,10593,30,65
927,6451,30,58
928,1108,41,11
929,6205,17,58
930,1888,20,36
931,784,25,4
932,1501,8,31
933,9463,62,87
934,1414,63,25
935,681,65,25
936,8199,21,65
937,9630,50,8
938,9662,15,47
939,6990,31,28
940,2742,44,23
941,1987,43,15
942,6295,38,61
943,3856,53,5
944,2665,31,24
945,1330,48,46
946,4735,6,51
947,803,20,9
948,4299,27,52
949,9561,47,70
950,3739,30,23
951,8772,33,20
952,2725,59,41
953,3846,27,67
954,8499,65,56
955,7692,15,19
956,8075,1,20
957,592,37,78
958,340,52,73
959,2131,5,15
960,1169,63,49
961,1694,13,77
962,4489,64,13
963,2405,57,65
964,4906,21,54
965,7109,3,46
966,7342,50,45
967,7507,51,69
968,6234,23,14
969,2183,31,38
970,7049,24,12
971,7869,28,47
972,333,38,68
973,4087,25,47
974,7283,58,9
975,6288,53,68
976,2431,56,24
977,5151,25,37
978,4250,46,6
979,1675,46,2
980,689,7,7
981,5032,41,87
982,3825,49,60
983,8442,38,35
984,3079,37,55
985,9586,61,63
986,5008,9,32
987,8418,15,49
988,9407,51,57
989,10667,51,18
990,5680,20,78
991,8965,22,85
992,217,37,49
993,3572,11,4
994,1785,35,58
995,2115,47,65
996,670,34,69
997,7144,63,25
998,9394,2,46
999,5007,40,34
1000,9516,60,71
1001,5618,19,11
1002,3533,28,58
1003,8299,43,78
1004,10649,6,51
1005,9217,24,52
1006,7939,35,14
1007,2949,27,28
1008,1750,25,40
1009,6238,43,11
1010,9441,43,10
1011,5750,66,42
1012,8844,3,15
1013,2901,36,12
1014,7360,37,66
1015,5653,43,75
1016,7364,33,35
1017,8852,65,88
1018,7535,5,83
1019,1819,5,75
1020,4723,31,38
1021,10925,37,25
1022,3446,12,77
1023,2150,61,20
1024,10609,44,12
1025,2311,46,89
1026,7667,14,69
1027,10049,33,20
1028,5602,17,57
1029,1366,50,46
1030,7051,57,43
1031,7821,48,51
1032,2997,42,58
1033,7110,35,78
1034,8812,52,9
1035,10101,34,80
1036,6843,21,8
1037,3032,31,73
1038,1617,9,58
1039,1994,13,24
1040,4105,54,47
1041,4038,40,26
1042,3598,6,67
1043,6924,55,30
1044,1973,55,37
1045,7104,60,63
1046,3617,48,27
1047,5931,0,74
1048,7194,50,26
1049,8643,36,74
1050,9746,13,5
1051,6577,29,78
1052,10059,54,71
1053,3989,34,18
1054,1518,63,4
1055,4605,36,41
1056,6913,14,60
1057,5108,13,40
1058,590,15,46
1059,9961,20,21
1060,1586,30,56
1061,6866,1,80
1062,9271,15,78
1063,5501,14,39
1064,2664,34,40
1065,9573,10,45
1066,975,43,22
1067,10417,3,21
1068,10282,23,4
1069,2187,44,50
1070,10125,31,27
1071,5199,21,70
1072,4798,20,48
1073,3872,36,73
1074,6992,57,39
1075,9835,37,73
1076,8503,54,57
1077,6614,5,41
1078,10098,8,52
1079,6500,48,26
1080,6815,9,38
1081,9787,6,46
1082,10994,51,16
1083,9492,16,42
1084,623,50,51
1085,5552,1,2
1086,586,22,2
1087,5989,9,43
1088,2517,44,8
1089,1759,23,32
1090,7380,35,1
1091,7612,43,59
1092,9321,14,19
1093,2129,13,46
1094,7241,56,22
1095,2968,9,77
1096,9882,17,31
1097,661,56,61
1098,5369,31,54
1099,8344,13,13
1100,7067,65,75
1101,7720,34,45
1102,2147,25,14
1103,10851,42,8
1104,7055,53,53
1105,6399,0,77
1106,10068,2,18
1107,6917,48,66
1108,3559,57,61
1109,10093,23,76
1110,2369,61,2
1111,9201,62,33
1112,7377,15,34
1113,3944,24,89
1114,3691,19,16
1115,944,2,42
1116,3606,58,79
1117,1262,8,84
1118,2253,13,10
1119,9094,66,41
1120,3897,57,54
1121,7393,38,49
1122,2840,3,18
1123,6614,33,45
1124,5141,23,41
1125,10364,31,7
1126,3251,64,39
1127,7035,41,58
1128,378,0,11
1129,10647,6,19
1130,6889,40,27
1131,4820,16,42
1132,5861,19,65
1133,9808,24,64
1134,10215,7,23
1135,3137,55,40
1136,3619,34,57
1137,4432,14,68
1138,3845,59,5
1139,5416,43,39
1140,10589,6,46
1141,10732,10,49
1142,6398,50,13
1143,4962,23,61
1144,1720,56,35
1145,362,16,19
1146,6537,7,74
1147,10497,3,35
1148,7208,65,74
1149,9922,53,44
1150,5732,18,75
1151,888,49,85
1152,2780,52,80
1153,7953,30,32
1154,7315,16,73
1155,10710,51,21
1156,8854,65,38
1157,4997,22,6
1158,6172,14,72
1159,6462,24,1
1160,3159,8,77
1161,7857,41,59
1162,3375,55,79
1163,8924,1,43
1164,9961,38,16
1165,10404,6,41
1166,2389,12,69
1167,9182,39,89
1168,6919,51,79
1169,1795,58,65
1170,10227,36,18
1171,9803,57,74
1172,4959,33,80
1173,2091,14,71
1174,10864,5,40
1175,6294,48,88
1176,6798,6,78
1177,5560,39,38
1178,2076,65,3
1179,5905,66,45
1180,7320,63,53
1181,1053,22,34
1182,9990,28,49
1183,6263,49,67
1184,8824,49,53
1185,5339,43,77
1186,8869,1,48
1187,1565,19,4
1188,6477,21,61
1189,5426,2,24
1190,9577,55,25
1191,8735,20,29
1192,4462,23,7
1193,2484,18,57
1194,723,40,45
1195,493,60,8
1196,3549,17,7
1197,9928,8,88
1198,514,5,50
1199,1875,25,16
1200,9508,44,71
1201,9288,31,10
1202,2369,9,62
1203,7062,13,61
1204,1105,40,55
1205,64,11,16
1206,7882,26,53
1207,3060,57,45
1208,2158,59,72
1209,7250,65,25
1210,4594,57,83
1211,3861,65,8
1212,6103,45,11
1213,10309,24,30
1214,741,53,86
1215,1926,64,75
1216,8202,49,29
1217,6438,11,84
1218,2901,35,44
1219,1716,42,34
1220,2012,19,57
1221,14,19,68
1222,9160,31,75
1223,9560,26,17
1224,6048,57,60
1225,1699,12,72
1226,8005,53,60
1227,220,29,73
1228,7917,66,66
1229,963,52,65
1230,5584,46,42
1231,6934,10,22
1232,8004,57,80
1233,2516,14,9
1234,3826,28,71
1235,9094,22,52
1236,2681,25,11
1237,8171,62,45
1238,6624,23,42
1239,2549,36,51
1240,3195,31,29
1241,6861,16,81
1242,4054,23,36
1243,3229,14,14
1244,3694,30,68
1245,8543,58,59
1246,8700,61,40
1247,1367,5,17
1248,8685,2,74
1249,9202,3,30
1250,9337,17,30
1251,6397,64,86
1252,5101,12,64
1253,5959,60,85
1254,5178,51,51
1255,8806,24,68
1256,9893,26,6
1257,5442,9,80
1258,378,53,6
1259,264,6,71
1260,8415,4,73
1261,8414,43,52
1262,7194,33,53
1263,8814,15,42
1264,8734,37,6
1265,9187,26,60
1266,1209,56,32
1267,7890,52,21
1268,10694,8,4
1269,7598,32,22
1270,5852,43,36
1271,6300,38,75
1272,7154,0,62
1273,3818,19,34
1274,10520,61,25
1275,8955,21,57
1276,10015,41,57
1277,401,49,18
1278,5829,0,68
1279,4337,46,13
1280,5124,56,82
1281,8880,66,59
1282,11000,22,7
1283,7936,4,33
1284,7999,5,22
1285,3014,44,46
1286,4139,11,39
1287,10265,65,50
1288,9538,14,26
1289,2335,13,39
1290,10919,18,4
1291,10704,32,81
1292,10103,15,77
1293,7661,51,44
1294,3543,23,45
1295,8836,16,87
1296,8372,25,50
1297,5713,22,10
1298,100,9,9
1299,10873,61,52
1300,3983,60,70
1301,7280,15,32
1302,7416,48,12
1303,544,42,71
1304,3833,17,87
1305,8154,33,62
1306,462,11,28
1307,6475,27,88
1308,4593,46,34
1309,645,34,24
1310,3670,5,23
1311,5440,48,47
1312,6186,12,19
1313,8259,19,13
1314,8594,40,16
1315,247,64,5
1316,1174,17,25
1317,569,63,48
1318,49,14,34
1319,6799,53,9
1320,3504,60,32
1321,5786,19,19
1322,10997,63,70
1323,9591,56,85
1324,9227,17,38
1325,7152,35,86
1326,9849,10,70
1327,8393,34,38
1328,6146,64,21
1329,5557,41,51
1330,8852,44,88
1331,9013,66,69
1332,4670,57,23
1333,3238,64,74
1334,7613,30,46
1335,1979,39,48
1336,3136,57,30
1337,547,28,41
1338,3038,14,80
1339,4202,44,2
1340,9386,17,52
1341,6555,41,53
1342,5853,13,72
1343,4817,47,61
1344,7000,27,32
1345,6052,62,89
1346,10867,32,80
1347,2970,37,51
1348,9633,58,29
1349,4202,8,68
1350,9177,8,20
1351,8415,1,29
1352,5348,58,89
1353,7029,24,70
1354,9696,39,12
1355,5279,37,62
1356,3281,36,84
1357,2550,46,36
1358,478,34,65
1359,7915,15,81
1360,8417,30,89
1361,2188,55,65
1362,9239,40,11
1363,1239,25,38
1364,8131,24,63
1365,6878,34,42
1366,8106,27,66
1367,3952,43,31
1368,10665,10,22
1369,6931,11,6
1370,1655,4,52
1371,1870,42,78
1372,5482,32,2
1373,9697,5,73
1374,10681,7,17
1375,2083,66,43
1376,5656,60,83
1377,10268,39,38
1378,1590,23,48
1379,8904,37,6
1380,5763,5,1
1381,6046,36,54
1382,7169,48,80
1383,3477,48,57
1384,10648,60,32
1385,1431,7,83
1386,3106,27,71
1387,7951,54,78
1388,1221,34,52
1389,688,20,55
1390,10323,59,35
1391,3190,31,56
1392,5829,59,50
1393,5478,32,72
1394,5726,58,4
1395,3705,27,18
1396,6290,25,68
1397,4292,62,63
1398,10310,63,34
1399,4359,56,1
1400,6721,35,81
1401,5699,38,36
1402,7866,42,11
1403,7702,28,51
1404,8609,1,6
1405,5562,53,3
1406,5347,66,86
1407,4973,49,24
1408,1353,43,78
1409,9430,21,72
1410,7459,21,33
1411,9850,14,50
1412,5353,38,88
1413,1135,7,48
1414,673,35,31
1415,5966,49,23
1416,9796,23,85
1417,6621,35,87
1418,4391,39,60
1419,6678,1,13
1420,3169,10,21
1421,4186,23,73
1422,8975,56,26
1423,10011,1,39
1424,4125,7,28
1425,10393,65,41
1426,10519,2,72
1427,2146,27,57
1428,564,36,34
1429,7434,57,81
1430,7467,31,43
1431,9735,24,44
1432,8937,60,7
1433,6641,64,33
1434,10549,46,14
1435,7269,25,46
1436,4714,54,41
1437,8230,50,84
1438,3142,28,43
1439,1802,66,84
1440,4992,16,32
1441,521,19,30
1442,9240,54,40
1443,5853,10,59
1444,4845,61,1
1445,6888,58,30
1446,6948,0,34
1447,10876,61,10
1448,941,60,86
1449,5884,51,34
1450,8032,54,66
1451,4257,62,23
1452,9745,64,89
1453,9117,51,22
1454,6088,41,60
1455,4782,25,74
1456,6943,17,15
1457,3441,21,43
1458,9774,30,81
1459,2153,63,29
1460,1362,12,32
1461,6221,40,23
1462,4464,39,67
1463,7379,36,58
1464,1958,11,74
1465,7397,44,38
1466,8964,9,39
1467,5076,28,74
1468,1611,0,47
1469,1709,55,46
1470,9525,25,19
1471,10402,42,41
1472,2507,27,10
1473,10785,32,7
1474,10440,19,25
1475,3963,30,40
1476,2946,25,16
1477,3336,2,74
1478,7362,58,45
1479,4962,35,38
1480,4373,0,63
1481,2626,9,29
1482,6330,7,48
1483,3228,24,30
1484,7140,29,84
1485,10802,63,24
1486,1699,51,57
1487,6420,61,86
1488,2462,63,85
1489,8246,3,69
1490,3925,47,88
1491,6564,4,16
1492,384,50,11
1493,3199,40,5
1494,2741,61,54
1495,9615,23,77
1496,2922,22,42
1497,2624,17,56
1498,5150,36,58
1499,3462,30,6
1500,7915,3,33
1501,2091,49,1
1502,5039,25,41
1503,10616,42,71
1504,7608,0,54
1505,6454,50,81
1506,2467,57,34
1507,9592,29,41
1508,2870,34,84
1509,660,49,75
1510,10277,8,51
1511,741,44,6
1512,10030,1,80
1513,2824,20,53
1514,10646,40,66
1515,1341,42,24
1516,10061,39,15
1517,800,33,53
1518,6682,0,67
1519,10520,20,51
1520,9558,65,8
1521,10074,12,25
1522,9983,52,71
1523,9668,34,47
1524,3680,16,68
1525,5758,58,52
1526,5870,50,77
1527,6937,14,5
1528,5285,53,3
1529,3713,1,83
1530,8034,39,73
1531,6513,38,27
1532,3594,29,11
1533,4315,5,22
1534,1994,24,18
1535,1888,36,75
1536,1802,26,6
1537,1849,50,44
1538,2973,3,52
1539,10395,5,24
1540,2774,37,12
1541,1388,57,43
1542,9328,44,55
1543,1271,65,39
1544,9097,6,69
1545,5747,10,33
1546,10617,34,42
1547,7063,1,66
1548,2941,11,24
1549,2579,31,27
1550,10202,64,14
1551,2366,9,82
1552,2497,62,31
1553,9577,25,21
1554,2627,65,31
1555,4972,16,40
1556,7427,51,32
1557,2509,38,83
1558,10506,57,41
1559,3703,44,86
1560,10163,35,78
1561,4921,35,88
1562,7840,49,10
1563,9162,57,9
1564,9257,46,39
1565,7766,7,73
1566,8930,45,52
1567,3548,17,24
1568,6822,8,55
1569,8370,54,85
1570,1292,9,72
1571,8008,29,25
1572,1609,20,10
1573,71,43,58
1574,7016,12,52
1575,893,35,15
1576,9447,37,47
1577,10296,52,33
1578,4206,15,37
1579,2765,38,16
1580,10904,0,85
1581,8175,50,59
1582,3239,30,61
1583,5649,37,34
1584,9277,44,63
1585,10453,18,68
1586,5501,8,44
1587,10494,31,45
1588,8294,60,85
1589,758,66,6
1590,236,12,4
1591,1947,0,89
1592,8458,49,82
1593,5608,23,13
1594,7263,65,46
1595,679,1,65
1596,6972,8,74
1597,10721,64,13
1598,528,1,39
1599,2862,13,28
1600,8798,35,63
1601,3921,28,39
1602,3296,4,1
1603,6178,18,69
1604,1638,45,12
1605,10043,32,81
1606,1638,48,66
1607,5517,62,82
1608,3680,60,5
1609,8979,40,26
1610,9236,25,48
1611,4354,48,68
1612,154,41,31
1613,6931,52,43
1614,5981,1,48
1615,8934,49,40
1616,6593,49,88
1617,2106,24,79
1618,10672,57,57
1619,5231,24,40
1620,10893,57,32
1621,8245,3,60
1622,10234,63,56
1623,3317,1,79
1624,8804,9,7
1625,959,0,64
1626,4812,43,46
1627,2981,46,26
1628,2244,7,40
1629,9422,28,58
1630,10082,38,40
1631,4373,40,50
1632,4862,61,35
1633,8550,57,41
1634,10612,46,24
1635,1687,55,40
1636,5168,18,36
1637,9341,0,54
1638,2426,12,44
1639,5399,13,74
1640,1294,29,38
1641,7995,17,48
1642,10206,58,38
1643,10432,44,17
1644,2252,27,4
1645,7350,57,68
1646,4011,34,27
1647,5123,40,56
1648,8848,16,56
1649,3856,54,16
1650,6377,42,65
1651,7656,6,56
1652,2585,16,71
1653,1398,2,75
1654,1114,65,59
1655,1889,15,73
1656,10977,51,2
1657,7246,34,2
1658,4676,59,10
1659,5510,51,86
1660,8170,21,42
1661,7792,9,75
1662,4046,3,9
1663,8848,16,14
1664,6395,38,18
1665,9652,48,43
1666,3007,52,17
1667,8925,17,20
1668,10800,12,16
1669,8707,64,70
1670,10396,4,56
1671,6161,62,54
1672,8699,3,89
1673,6215,20,44
1674,494,57,89
1675,7138,58,6
1676,497,30,39
1677,8933,23,36
1678,4570,10,8
1679,9605,26,77
1680,5895,56,56
1681,4519,27,56
1682,10781,12,20
1683,9969,28,85
1684,1129,9,59
1685,1078,5,21
1686,9351,64,45
1687,10981,3,87
1688,8509,58,16
1689,316,37,84
1690,2910,7,20
1691,2460,40,67
1692,9111,45,30
1693,4906,42,30
1694,3398,32,13
1695,6276,19,85
1696,8247,2,43
1697,9967,33,60
1698,710,12,42
1699,2277,19,6
1700,6078,1,43
1701,9157,13,30
1702,6673,33,42
1703,9676,47,79
1704,7086,26,5
1705,8042,27,42
1706,35,59,17
1707,10263,17,57
1708,9956,58,19
1709,3683,10,45
1710,5751,48,9
1711,56,29,79
1712,10762,64,43
1713,9355,49,32
1714,8154,61,62
1715,5936,9,60
1716,3778,16,22
1717,4734,29,60
1718,136,0,37
1719,7140,6,58
1720,6414,17,28
1721,5571,23,9
1722,7069,30,25
1723,9020,1,81
1724,7680,28,74
1725,6446,26,60
1726,594,31,58
1727,3074,45,65
1728,8148,51,6
1729,5526,12,35
1730,4539,30,89
1731,8914,41,33
1732,5807,58,7
1733,4241,63,54
1734,2892,37,50
1735,197,6,67
1736,4197,16,33
1737,6279,57,10
1738,5705,31,8
1739,3783,12,24
1740,1842,27,13
1741,1689,42,71
1742,1027,52,33
1743,1969,38,74
1744,2870,66,25
1745,3235,30,59
1746,6646,39,11
1747,10584,61,36
1748,135,6,82
1749,3730,60,7
1750,2563,45,47
1751,697,62,72
1752,8406,50,24
1753,6053,7,38
1754,9715,17,83
1755,9013,26,76
1756,4098,27,9
1757,6563,35,51
1758,10834,61,88
1759,705,24,13
1760,8407,20,17
1761,7829,11,75
1762,3181,40,65
1763,7325,48,36
1764,149,30,41
1765,8896,40,20
1766,3114,2,81
1767,6647,31,13
1768,3775,35,3
1769,4905,12,79
1770,2819,40,88
1771,10359,13,86
1772,9565,57,9
1773,3814,23,46
1774,6075,16,48
1775,8217,52,17
1776,4827,27,55
1777,198,64,38
1778,968,41,25
1779,4921,31,7
1780,4786,28,58
1781,7828,43,1
1782,6097,56,85
1783,5646,0,66
1784,3878,16,25
1785,1861,22,89
1786,8606,26,21
1787,6211,7,7
1788,5942,0,10
1789,7633,49,70
1790,988,29,1
1791,10117,44,86
1792,7496,37,64
1793,3361,0,45
1794,2684,48,18
1795,7965,43,69
1796,10803,59,61
1797,959,65,51
1798,9432,25,8
1799,9347,43,23
1800,5608,29,17
1801,3387,8,34
1802,2041,25,26
1803,4838,5,44
1804,4592,53,68
1805,9729,3,56
1806,6464,22,46
1807,10625,22,70
1808,2761,33,54
1809,10542,13,66
1810,1186,10,89
1811,8534,20,48
1812,7412,2,9
1813,3918,30,33
1814,6049,36,29
1815,6681,38,22
1816,7676,8,55
1817,6637,55,14
1818,3480,37,39
1819,4145,38,72
1820,7617,56,71
1821,3883,38,38
1822,5413,62,11
1823,8701,13,33
1824,10812,27,81
1825,9725,2,15
1826,7110,13,83
1827,416,2,78
1828,3954,52,71
1829,5155,4,4
1830,2365,18,55
1831,5895,7,83
1832,5780,62,56
1833,6412,25,88
1834,3979,52,65
1835,5426,45,56
1836,3185,59,71
1837,10014,15,23
1838,5891,53,46
1839,9280,38,84
1840,6369,17,44
1841,697,1,38
1842,3149,26,2
1843,10135,29,10
1844,3574,57,72
1845,7570,61,61
1846,4450,31,86
1847,1891,59,47
1848,6528,15,66
1849,4544,55,72
1850,8732,50,22
1851,2356,21,33
1852,7353,59,30
1853,2433,58,67
1854,9646,30,66
1855,509,55,63
1856,4393,34,4
1857,111,63,84
1858,10079,28,2
1859,5250,48,27
1860,4129,12,30
1861,9080,4,88
1862,3999,31,81
1863,8016,39,66
1864,5542,3,63
1865,557,24,46
1866,3189,48,27
1867,918,50,32
1868,8463,31,38
1869,1065,9,24
1870,7651,7,72
1871,3943,8,70
1872,1636,48,55
1873,8582,19,52
1874,10565,18,69
1875,2509,1,44
1876,2983,13,15
1877,5438,35,22
1878,3114,60,23
1879,2540,36,16
1880,8258,36,72
1881,704,42,57
1882,1881,26,69
1883,10493,47,72
1884,6973,13,64
1885,3318,55,22
1886,8684,45,8
1887,10167,49,47
1888,5526,30,24
1889,9542,34,71
1890,5466,8,38
1891,8424,32,21
1892,7849,9,84
1893,5387,22,19
1894,5108,42,23
1895,1554,7,71
1896,6281,40,51
1897,5181,40,12
1898,7819,23,74
1899,3010,20,31
1900,7522,58,15
1901,2300,60,10
1902,4640,17,16
1903,5175,62,67
1904,6192,64,80
1905,4903,24,78
1906,6167,27,59
1907,4319,3,60
1908,2444,21,80
1909,6007,40,8
1910,6548,31,80
1911,3676,47,58
1912,445,12,86
1913,7383,36,76
1914,6688,17,78
1915,5331,51,86
1916,6630,27,12
1917,1972,57,61
1918,10173,39,14
1919,8460,54,5
1920,4024,54,36
1921,9386,63,13
1922,10968,47,22
1923,5620,49,36
1924,1080,8,5
1925,2454,50,63
1926,2647,65,13
1927,5588,27,83
1928,7809,42,17
1929,8479,66,21
1930,10609,4,82
1931,10720,47,58
1932,2462,4,69
1933,10124,28,20
1934,8231,46,87
1935,5327,23,17
1936,6314,33,63
1937,6358,55,40
1938,1129,41,74
1939,6422,62,89
1940,6243,60,24
1941,845,31,48
1942,4901,56,62
1943,7857,31,63
1944,8446,42,59
1945,4707,39,60
1946,1971,40,41
1947,9219,22,56
1948,6421,8,77
1949,6103,21,28
1950,8075,32,25
1951,3009,27,36
1952,7346,19,52
1953,10053,6,70
1954,8103,20,83
1955,4925,3,48
1956,2974,55,29
1957,7247,25,36
1958,1332,24,86
1959,6389,43,15
1960,6544,65,45
1961,6111,44,12
1962,2455,10,63
1963,391,1,87
1964,10042,29,38
1965,341,6,23
1966,7262,55,58
1967,6471,9,51
1968,6677,57,62
1969,6655,23,54
1970,6530,2,48
1971,10194,39,89
1972,3545,64,68
1973,8781,49,46
1974,3110,60,64
1975,8328,56,46
1976,9494,43,29
1977,10930,44,31
1978,6151,16,62
1979,6281,17,20
1980,8774,36,43
1981,6000,37,68
1982,8023,64,62
1983,8836,54,76
1984,1196,29,25
1985,4204,27,78
1986,3137,51,39
1987,3320,22,25
1988,9647,51,70
1989,8505,26,83
1990,3930,59,32
1991,2465,29,51
1992,3925,32,62
1993,8412,26,61
1994,7669,48,23
1995,5440,43,74
1996,10713,17,13
1997,8751,9,54
1998,10727,44,68
1999,1317,46,71
2000,528,4,73
2001,3889,22,76
2002,1945,54,11
2003,9241,66,79
2004,1556,22,59
2005,6353,0,57
2006,1309,6,75
2007,6919,34,50
2008,5815,44,36
2009,1796,20,25
2010,3494,45,16
2011,8684,40,27
2012,6068,57,14
2013,1317,11,39
2014,5618,57,21
2015,519,5,6
2016,9871,0,72
2017,10865,10,78
2018,4468,7,72
2019,327,59,33
2020,3002,59,65
2021,9365,15,44
2022,9289,24,20
2023,1994,51,8
2024,597,5,48
2025,1764,3,6
2026,10936,37,45
2027,10528,58,20
2028,6938,42,75
2029,10893,1,52
2030,8765,48,68
2031,9730,3,83
2032,2731,23,61
2033,7010,61,56
2034,5863,17,36
2035,9492,64,80
2036,2251,33,89
2037,1151,66,70
2038,10758,29,72
2039,8591,2,64
2040,5093,3,70
2041,6108,46,38
2042,673,37,83
2043,5853,49,63
2044,3318,45,15
2045,1036,65,72
2046,10526,63,83
2047,2362,57,30
2048,7056,57,35
2049,779,5,57
2050,3507,9,61
2051,943,45,68
2052,2453,45,76
2053,3971,50,81
2054,3548,60,70
2055,8076,47,22
2056,2021,31,54
2057,4968,16,32
2058,10146,43,86
2059,142,20,24
2060,1552,50,8
2061,7437,30,39
2062,1581,13,20
2063,8715,38,13
2064,5200,35,50
2065,7899,3,11
2066,1951,6,19
2067,7662,45,73
2068,1830,52,86
2069,6213,55,63
2070,1104,58,44
2071,2597,13,55
2072,5798,34,44
2073,2731,24,27
2074,10250,16,65
2075,9670,23,39
2076,2028,58,87
2077,2551,2,26
2078,8898,44,39
2079,2178,9,27
2080,2819,36,2
2081,8031,66,2
2082,5403,28,27
2083,2093,1,85
2084,2070,19,79
2085,8882,25,32
2086,10956,15,32
2087,1664,20,88
2088,10326,7,75
2089,3087,19,55
2090,6793,8,30
2091,9642,26,52
2092,1776,3,25
2093,4421,1,36
2094,8997,43,29
2095,1054,63,77
2096,8139,14,12
2097,1554,53,31
2098,4666,60,49
2099,5951,1,64
2100,5325,17,71
2101,3893,15,23
2102,4249,58,20
2103,5896,62,83
2104,6859,36,82
2105,91,63,14
2106,6263,15,6
2107,5400,52,78
2108,4758,41,9
2109,10882,10,82
2110,6300,19,13
2111,9536,4,69
2112,4268,65,74
2113,9249,28,76
2114,9277,29,50
2115,1715,54,27
2116,150,45,40
2117,10831,34,30
2118,9479,7,85
2119,6419,57,34
2120,2386,52,20
2121,227,66,74
2122,7232,10,23
2123,7880,38,26
2124,4239,16,73
2125,10010,4,14
2126,4246,49,38
2127,6084,48,88
2128,10782,3,16
2129,3357,43,50
2130,9407,34,7
2131,3608,28,68
2132,3205,6,79
2133,1446,10,80
2134,4226,1,65
2135,1107,51,26
2136,9476,21,89
2137,7298,11,13
2138,8621,6,75
2139,9554,47,17
2140,1331,27,31
2141,1251,49,40
2142,10202,35,45
2143,8098,65,30
2144,244,52,4
2145,2212,40,15
2146,7068,51,1
2147,3962,47,67
2148,8428,28,20
2149,7945,53,77
2150,8930,44,71
2151,5122,55,21
2152,7745,17,23
2153,2032,42,32
2154,564,34,72
2155,5229,26,37
2156,6388,39,53
2157,8286,40,66
2158,8358,8,9
2159,6385,49,74
2160,5723,38,43
2161,7130,42,78
2162,3214,39,24
2163,10530,2,25
2164,6173,59,27
2165,1424,42,49
2166,3686,55,6
2167,5137,50,7
2168,4426,40,86
2169,7822,46,74
2170,9934,0,53
2171,7389,44,31
2172,10844,62,47
2173,1446,5,80
2174,5346,38,69
2175,789,14,39
2176,9632,39,5
2177,10648,65,56
2178,7798,55,34
2179,862,6,47
2180,8783,36,83
2181,9843,7,56
2182,6811,41,52
2183,1135,37,50
2184,3495,37,59
2185,8158,9,15
2186,9353,13,89
2187,2466,3,43
2188,488,55,9
2189,9424,25,85
2190,7363,47,10
2191,8674,42,47
2192,9488,2,53
2193,6722,33,6
2194,10904,5,42
2195,3856,42,53
2196,5057,21,44
2197,2488,64,42
2198,3637,36,74
2199,4282,63,26
2200,3595,56,15
2201,9159,32,4
2202,8714,54,23
2203,2102,49,6
2204,6474,22,78
2205,7526,30,62
2206,1342,18,39
2207,4611,44,82
2208,5979,37,68
2209,2244,21,6
2210,5267,52,10
2211,6534,48,73
2212,183,35,50
2213,8728,37,59
2214,303,40,16
2215,2756,15,45
2216,4595,38,4
2217,1820,23,4
2218,10250,23,20
2219,8371,43,59
2220,5607,58,7
2221,672,48,28
2222,2239,5,56
2223,149,32,78
2224,1121,62,32
2225,5060,66,48
2226,7173,3,23
2227,1517,62,88
2228,3930,23,41
2229,4698,40,64
2230,4158,8,73
2231,9847,34,13
2232,4981,17,89
2233,6921,10,54
2234,6767,12,26
2235,7050,47,60
2236,1941,26,83
2237,3783,2,23
2238,10890,3,71
2239,2535,48,29
2240,7665,43,78
2241,899,57,6
2242,6066,3,40
2243,8403,2,7
2244,3285,24,54
2245,2016,41,86
2246,1053,51,13
2247,4992,61,15
2248,2299,9,30
2249,7927,3,55
2250,8247,19,80
2251,217,50,46
2252,8859,9,2
2253,1060,20,2
2254,6024,14,58
2255,9167,21,23
2256,6902,23,78
2257,6400,56,44
2258,529,49,53
2259,4220,25,56
2260,2521,9,5
2261,10589,59,84
2262,9976,59,60
2263,5661,43,21
2264,2212,38,65
2265,101,39,16
2266,6375,11,68
2267,5680,13,36
2268,10446,15,31
2269,9562,19,57
2270,10266,7,52
2271,575,39,27
2272,9682,39,76
2273,4358,10,60
2274,6355,39,51
2275,5607,49,36
2276,8833,64,79
2277,3732,20,34
2278,1,60,73
2279,6232,11,2
2280,4409,8,31
2281,2778,5,84
2282,1555,2,27
2283,3302,7,63
2284,4374,40,36
2285,9202,17,4
2286,8897,25,56
2287,6415,3,25
2288,5803,9,87
2289,9943,58,26
2290,9700,40,75
2291,9948,17,40
2292,1626,29,47
2293,8061,20,67
2294,10562,48,53
2295,2692,19,70
2296,6551,55,44
2297,8866,34,65
2298,6667,19,78
2299,10401,10,48
2300,7629,59,53
2301,2321,22,76
2302,6050,6,32
2303,6498,50,41
2304,8022,66,51
2305,2032,7,66
2306,2784,8,11
2307,10460,65,8
2308,497,31,1
2309,1191,18,64
2310,3828,2,41
2311,10466,43,52
2312,6586,63,69
2313,7095,30,73
2314,1941,35,38
2315,203,52,43
2316,8730,64,46
2317,5770,12,58
2318,2441,52,14
2319,4546,8,45
2320,8674,55,65
2321,9581,51,80
2322,3862,45,42
2323,8846,1,39
2324,8241,6,28
2325,6314,40,15
2326,3403,7,48
2327,8411,44,14
2328,8203,53,89
2329,9445,52,61
2330,539,2,89
2331,2464,29,68
2332,244,38,73
2333,6225,52,48
2334,9608,4,54
2335,9765,11,74
2336,6376,47,41
2337,6928,53,31
2338,10880,27,28
2339,7730,18,77
2340,1018,43,41
2341,7925,55,71
2342,5916,30,62
2343,1577,50,60
2344,6705,10,3
2345,1241,13,41
2346,7387,61,36
2347,3226,34,35
2348,7878,11,26
2349,10432,62,68
2350,9137,27,5
2351,4018,11,79
2352,10951,50,58
2353,5501,21,49
2354,7513,43,24
2355,3227,22,32
2356,9957,48,43
2357,5161,62,81
2358,3544,8,70
2359,7012,6,11
2360,659,41,74
2361,725,48,80
2362,4971,6,52
2363,9695,20,40
2364,7770,8,46
2365,155,59,34
2366,7614,66,11
2367,5874,11,38
2368,10510,31,58
2369,1753,3,29
2370,9333,45,29
2371,3619,66,7
2372,5888,5,35
2373,8702,26,16
2374,4991,62,33
2375,6161,56,65
2376,102,38,40
2377,7551,52,40
2378,9733,15,52
2379,8230,40,36
2380,121,37,59
2381,10245,52,15
2382,9619,28,47
2383,546,32,14
2384,10526,36,51
2385,3070,33,71
2386,5757,27,81
2387,6543,17,58
2388,1941,15,13
2389,6494,31,84
2390,5212,37,58
2391,5811,8,52
2392,1958,9,79
2393,8031,48,34
2394,7021,27,47
2395,9049,39,73
2396,3268,59,79
2397,5939,53,30
2398,5640,34,30
2399,1880,15,70
2400,7410,33,44
2401,916,0,25
2402,10368,66,42
2403,8653,53,61
2404,9177,36,76
2405,3577,63,7
2406,366,39,74
2407,1997,3,71
2408,2668,40,38
2409,3463,16,70
2410,3965,55,3
2411,4292,59,27
2412,8394,15,69
2413,1536,33,85
2414,10968,13,88
2415,3215,8,85
2416,3346,1,55
2417,8469,19,13
2418,7830,62,38
2419,9667,46,30
2420,3175,51,51
2421,6919,14,25
2422,4709,61,46
2423,9501,17,14
2424,9678,47,53
2425,3612,28,7
2426,9000,49,16
2427,813,52,45
2428,6988,41,58
2429,2518,49,61
2430,6578,58,79
2431,632,19,44
2432,2893,32,26
2433,1728,47,42
2434,1846,16,87
2435,7718,9,78
2436,3272,24,1
2437,10874,32,38
2438,4224,36,83
2439,5636,62,84
2440,1277,7,66
2441,3759,61,8
2442,77,50,48
2443,7273,21,76
2444,9586,9,87
2445,6982,44,34
2446,2675,35,69
2447,2363,32,23
2448,5866,56,20
2449,10012,2,7
2450,4821,33,36
2451,4466,16,68
2452,7218,50,61
2453,6785,11,15
2454,4019,35,76
2455,3893,2,75
2456,3722,25,17
2457,3859,51,50
2458,2762,17,87
2459,3476,48,71
2460,3814,41,20
2461,6409,5,54
2462,7189,60,40
2463,2749,37,3
2464,5818,50,27
2465,9593,65,22
2466,8438,7,64
2467,10329,19,86
2468,4139,15,83
2469,7444,31,2
2470,3879,13,16
2471,8071,34,34
2472,1778,39,63
2473,4726,62,39
2474,6890,39,81
2475,6855,48,75
2476,603,33,76
2477,1808,12,65
2478,1833,52,85
2479,6542,7,66
2480,8651,65,37
2481,10628,42,33
2482,8290,5,53
2483,8854,37,70
2484,1808,66,31
2485,10818,44,10
2486,480,25,16
2487,5163,49,85
2488,9078,52,1
2489,6338,34,28
2490,2771,43,79
2491,10837,20,19
2492,6298,20,56
2493,9694,3,7
2494,4124,6,74
2495,4055,12,38
2496,1783,19,77
2497,5744,52,53
2498,6618,12,28
2499,8545,50,41
2500,1671,62,69
2501,874,11,62
2502,3225,17,6
2503,10501,51,54
2504,10131,41,64
2505,9004,45,51
2506,2975,43,87
2507,5997,52,4
2508,8879,1,44
2509,2453,43,1
2510,6611,35,52
2511,10355,26,77
2512,4665,7,20
2513,6478,2,89
2514,7350,46,42
2515,440,6,86
2516,7566,26,53
2517,4855,64,2
2518,4524,54,17
2519,2300,30,33
2520,9224,61,75
2521,3714,56,67
2522,7607,37,49
2523,1255,57,53
2524,3001,53,40
2525,5967,31,17
2526,10264,22,21
2527,1970,44,62
2528,2532,32,13
2529,9919,0,35
2530,8324,63,57
2531,1769,34,13
2532,4478,7,32
2533,6325,66,30
2534,9162,29,15
2535,5824,54,7
2536,5313,2,32
2537,1957,50,88
2538,1751,16,22
2539,4926,19,34
2540,7638,51,57
2541,3145,32,7
2542,4153,38,50
2543,6680,42,5
2544,8553,31,50
2545,6123,50,2
2546,2180,22,59
2547,4290,24,26
2548,8659,3,84
2549,8810,30,48
2550,9396,1,83
2551,10991,11,87
2552,6309,33,14
2553,2956,53,67
2554,4538,61,77
2555,3056,11,38
2556,6828,1,56
2557,6468,3,83
2558,1593,61,26
2559,10439,24,51
2560,9924,42,60
2561,8372,45,40
2562,7550,0,72
2563,3288,15,31
2564,1910,5,58
2565,6283,18,55
2566,8876,57,7
2567,6355,41,10
2568,3028,54,19
2569,9292,30,32
2570,1776,37,83
2571,10118,44,27
2572,4462,50,26
2573,2311,26,40
2574,1698,65,6
2575,2526,30,85
2576,2269,55,78
2577,3107,63,87
2578,3033,44,27
2579,8352,19,2
2580,8226,1,59
2581,3402,27,59
2582,4870,40,86
2583,1642,23,66
2584,2969,13,86
2585,7092,4,45
2586,3716,59,69
2587,4370,27,36
2588,2171,47,72
2589,3414,13,2
2590,5186,66,77
2591,114,31,43
2592,7570,3,7
2593,2103,66,40
2594,351,34,18
2595,8928,64,85
2596,7412,56,30
2597,7030,0,81
2598,5490,55,46
2599,3465,58,34
2600,3952,22,7
2601,6373,52,49
2602,9846,41,28
2603,10184,24,60
2604,1049,27,26
2605,3787,65,22
2606,3627,51,43
2607,5188,58,33
2608,2930,64,77
2609,8533,13,47
2610,10699,42,9
2611,9005,52,67
2612,9205,36,12
2613,5168,18,39
2614,9534,5,37
2615,3271,26,22
2616,9176,20,85
2617,4258,63,70
2618,10944,47,35
2619,9404,38,51
2620,3050,66,32
2621,1771,47,74
2622,3330,62,65
2623,8999,15,9
2624,9880,6,36
2625,6324,36,74
2626,962,18,72
2627,1204,8,39
2628,3080,8,10
2629,3431,5,74
2630,5721,25,43
2631,5254,6,11
2632,10754,18,26
2633,7713,2,72
2634,18,16,50
2635,2071,19,32
2636,4305,45,16
2637,1698,11,45
2638,4143,42,83
2639,1216,1,7
2640,1449,3,18
2641,9245,5,80
2642,9256,28,38
2643,4391,58,79
2644,10816,47,87
2645,5064,16,31
2646,3759,9,20
2647,5074,63,73
2648,4620,24,79
2649,2340,23,7
2650,9989,49,39
2651,8616,16,51
2652,2344,7,6
2653,3149,16,55
2654,2733,59,8
2655,8625,25,33
2656,5147,52,25
2657,316,7,78
2658,3984,65,29
2659,10582,52,22
2660,3891,21,40
2661,632,33,36
2662,8410,9,21
2663,2627,2,64
2664,9051,64,80
2665,3346,28,8
2666,9584,64,78
2667,3771,17,84
2668,7254,48,70
2669,4527,17,28
2670,7804,42,8
2671,7534,26,6
2672,6665,25,34
2673,9750,33,62
2674,6233,43,13
2675,6931,52,61
2676,3554,25,82
2677,4564,55,72
2678,1684,56,58
2679,4236,35,9
2680,9856,66,62
2681,236,14,79
2682,8345,63,87
2683,9820,20,68
2684,3867,35,34
2685,4217,32,57
2686,8494,4,81
2687,10845,3,41
2688,2937,20,37
2689,8402,54,8
2690,9524,39,86
2691,10193,48,65
2692,41,29,70
2693,829,8,53
2694,4184,55,79
2695,10507,33,4
2696,1144,5,13
2697,7678,51,6
2698,5583,39,87
2699,2114,33,60
2700,1795,18,61
2701,10079,19,10
2702,8553,31,1
2703,10179,60,68
2704,9762,24,48
2705,8829,0,66
2706,10368,23,3
2707,6930,18,29
2708,728,41,60
2709,501,13,86
2710,5779,53,26
2711,473,27,75
2712,4468,33,43
2713,6458,66,83
2714,7616,31,41
2715,9456,47,37
2716,1249,11,84
2717,8785,45,60
2718,1260,36,51
2719,3612,54,26
2720,6944,20,82
2721,5077,40,58
2722,4258,46,42
2723,2176,34,81
2724,2011,61,3
2725,5595,0,44
2726,6138,18,73
2727,2430,20,14
2728,6852,24,71
2729,2988,35,42
2730,6301,19,52
2731,5235,12,28
2732,5924,50,25
2733,3567,13,42
2734,2048,13,35
2735,8776,56,30
2736,1930,10,68
2737,5231,66,64
2738,5959,42,67
2739,2490,28,26
2740,6324,4,70
2741,8295,42,26
2742,1819,34,10
2743,9420,47,66
2744,2203,65,8
2745,1136,1,76
2746,7025,53,63
2747,7766,15,50
2748,5848,33,9
2749,178,9,34
2750,7719,14,62
2751,4767,18,84
2752,9749,28,24
2753,4922,23,79
2754,3462,5,18
2755,9731,18,88
2756,1028,46,66
2757,5489,7,23
2758,3543,40,18
2759,6747,50,8
2760,4734,24,58
2761,6158,47,39
2762,7605,65,2
2763,1646,11,60
2764,7552,51,8
2765,3017,45,81
2766,10170,51,19
2767,291,46,44
2768,6906,47,87
2769,10030,11,80
2770,9800,50,25
2771,1538,3,36
2772,9242,27,5
2773,10380,41,7
2774,8074,58,19
2775,2175,59,26
2776,9522,63,35
2777,4139,56,65
2778,7143,4,53
2779,8679,6,30
2780,4979,40,51
2781,1410,3,67
2782,5090,31,5
2783,6119,34,87
2784,7066,53,36
2785,5098,43,69
2786,1296,22,30
2787,2983,53,27
2788,704,9,39
2789,4297,15,83
2790,3212,54,31
2791,10831,33,9
2792,5014,66,76
2793,10663,34,78
2794,3479,33,74
2795,8309,46,71
2796,2226,52,15
2797,6398,52,80
2798,1467,27,64
2799,2988,39,10
2800,3693,34,40
2801,29,44,68
2802,9238,56,16
2803,2857,48,1
2804,9321,43,50
2805,9999,34,71
2806,769,12,44
2807,2152,41,3
2808,9638,43,80
2809,10722,40,37
2810,3081,21,58
2811,5045,61,38
2812,4672,11,43
2813,755,55,11
2814,5707,41,28
2815,9298,7,39
2816,7977,28,1
2817,687,61,77
2818,6114,23,70
2819,2963,26,87
2820,8881,51,74
2821,5080,53,63
2822,4742,14,62
2823,1880,2,56
2824,7158,18,77
2825,6757,11,21
2826,6634,11,25
2827,366,53,57
2828,10054,56,85
2829,1812,30,18
2830,5332,15,41
2831,10954,28,61
2832,1409,30,34
2833,7936,43,18
2834,2743,16,82
2835,6151,59,28
2836,6157,22,39
2837,5883,51,45
2838,7480,3,72
2839,7234,6,21
2840,9569,15,83
2841,1861,20,4
2842,7212,65,65
2843,5940,10,64
2844,9799,46,77
2845,7200,62,66
2846,7440,32,89
2847,7494,53,81
2848,10400,50,27
2849,2625,15,87
2850,481,24,13
2851,1850,12,77
2852,3161,31,76
2853,9157,46,71
2854,10716,9,49
2855,6347,7,87
2856,2807,50,27
2857,6729,33,49
2858,1181,26,9
2859,2512,19,79
2860,3887,42,33
2861,1988,9,21
2862,7768,65,37
2863,2989,57,25
2864,6585,45,2
2865,6355,12,5
2866,3745,33,83
2867,9615,15,52
2868,7849,9,23
2869,8277,53,22
2870,9484,51,26
2871,7687,53,6
2872,7098,12,10
2873,3928,28,12
2874,6468,27,77
2875,4869,5,35
2876,6329,41,85
2877,7289,51,27
2878,6592,20,6
2879,3639,33,50
2880,5758,38,67
2881,76,44,24
2882,4148,11,87
2883,10133,56,85
2884,2835,22,23
2885,8674,4,36
2886,9644,59,56
2887,10904,52,86
2888,10533,33,41
2889,7359,47,18
2890,8599,28,6
2891,4785,52,82
2892,8906,45,66
2893,432,39,59
2894,1999,42,63
2895,544,31,81
2896,2421,3,71
2897,373,41,72
2898,4015,10,23
2899,1547,20,36
2900,5949,41,21
2901,11000,7,48
2902,7092,54,54
2903,1321,11,28
2904,10967,40,46
2905,9497,19,73
2906,4132,36,77
2907,3552,16,53
2908,4045,43,71
2909,1203,54,26
2910,9663,15,10
2911,4536,48,2
2912,7896,47,25
2913,1890,7,53
2914,10003,34,60
2915,4421,51,89
2916,2466,44,42
2917,7484,24,41
2918,10732,58,15
2919,9388,47,71
2920,2164,5,3
2921,2362,26,61
2922,10061,29,83
2923,5872,59,65
2924,1224,23,45
2925,2821,12,61
2926,6502,8,60
2927,10743,65,46
2928,2564,5,23
2929,7979,56,34
2930,238,56,27
2931,4937,45,22
2932,4780,64,21
2933,6857,17,11
2934,1488,16,63
2935,1992,16,21
2936,6865,55,48
2937,591,33,19
2938,2424,52,31
2939,5410,36,21
2940,10751,24,81
2941,10812,63,20
2942,1482,52,18
2943,1654,22,31
2944,4571,14,46
2945,587,28,33
2946,5123,0,34
2947,9643,6,46
2948,4335,54,87
2949,8578,36,60
2950,1111,32,56
2951,6099,30,32
2952,6253,41,6
2953,2987,60,35
2954,8468,45,7
2955,8974,4,55
2956,4975,32,60
2957,5324,21,15
2958,1116,36,54
2959,3561,65,66
2960,3343,14,62
2961,9347,40,2
2962,6862,38,84
2963,3018,54,18
2964,4671,57,59
2965,2310,63,23
2966,277,3,64
2967,5437,35,51
2968,1084,40,2
2969,6937,37,58
2970,111,64,61
2971,2354,59,26
2972,4831,54,60
2973,375,34,2
2974,10286,5,62
2975,8488,14,61
2976,8919,6,53
2977,5701,15,50
2978,10828,47,52
2979,6634,39,35
2980,4048,28,12
2981,4181,46,60
2982,2130,5,34
2983,204,15,26
2984,7685,36,5
2985,2393,28,21
2986,9005,14,62
2987,8144,41,75
2988,9836,65,52
2989,1846,20,69
2990,1085,23,79
2991,4600,37,78
2992,10737,53,67
2993,4358,42,61
2994,4184,8,57
2995,1532,27,46
2996,1065,9,71
2997,5409,60,61
2998,9002,64,23
2999,6629,27,24
3000,2876,37,53
3001,205,41,60
3002,5672,31,25
3003,10757,30,7
3004,890,54,29
3005,3651,58,42
3006,1585,7,61
3007,3610,24,48
3008,6779,6,54
3009,10918,51,41
3010,5366,32,65
3011,2818,10,70
3012,9806,14,49
3013,4107,1,34
3014,1628,52,29
3015,10054,2,15
3016,7424,49,81
3017,9800,37,64
3018,973,26,17
3019,4129,31,13
3020,1467,4,54
3021,5069,37,18
3022,10888,31,5
3023,7659,41,13
3024,4444,7,36
3025,5426,56,19
3026,1136,31,30
3027,3639,7,5
3028,7343,13,70
3029,1601,46,71
3030,6394,65,8
3031,244,7,66
3032,7709,14,59
3033,3811,0,34
3034,7955,29,19
3035,6086,21,41
3036,8150,52,54
3037,7085,61,73
3038,8851,57,55
3039,9226,28,33
3040,10481,10,2
3041,9332,2,27
3042,6245,46,20
3043,4729,57,53
3044,8892,36,68
3045,9360,35,28
3046,7538,23,35
3047,2203,16,35
3048,3153,35,3
3049,360,40,44
3050,306,11,80
3051,9159,20,77
3052,5285,54,74
3053,4275,10,53
3054,2786,64,3
3055,5261,56,26
3056,10830,43,52
3057,980,55,42
3058,1350,0,69
3059,10633,25,67
3060,8431,60,85
3061,5841,53,63
3062,9401,43,21
3063,9525,30,84
3064,10021,64,42
3065,10197,8,44
3066,2784,16,88
3067,9285,8,4
3068,8488,11,20
3069,4538,65,57
3070,2717,33,57
3071,4857,58,23
3072,6937,25,3
3073,6553,48,15
3074,2137,50,68
3075,229,33,50
3076,1540,49,55
3077,4958,39,73
3078,4039,35,49
3079,1933,23,30
3080,10001,43,58
3081,6548,39,35
3082,3083,48,37
3083,9596,7,72
3084,3657,43,35
3085,6106,38,18
3086,8852,47,46
3087,5428,63,37
3088,5463,8,77
3089,4008,16,11
3090,697,11,16
3091,3960,5,43
3092,10989,17,42
3093,537,6,11
3094,4127,4,78
3095,1132,25,83
3096,10396,10,25
3097,6406,43,80
3098,9448,14,53
3099,8359,18,6
3100,7678,5,84
3101,1471,23,78
3102,5596,65,31
3103,9691,21,34
3104,6958,41,36
3105,10532,24,13
3106,994,37,38
3107,1883,45,8
3108,7156,55,41
3109,3556,35,73
3110,4015,57,45
3111,5182,64,14
3112,7307,12,57
3113,2473,33,78
3114,8923,16,58
3115,4370,22,76
3116,3567,5,15
3117,6716,46,31
3118,8245,24,73
3119,2616,66,60
3120,9540,19,3
3121,3011,47,6
3122,2691,21,68
3123,8569,25,7
3124,1533,33,78
3125,7709,48,69
3126,8580,64,17
3127,1189,57,35
3128,9997,20,24
3129,452,34,59
3130,2912,18,11
3131,5406,60,51
3132,757,33,80
3133,5559,19,59
3134,9855,6,67
3135,7250,1,28
3136,1979,62,64
3137,6035,25,58
3138,7948,19,15
3139,6225,34,88
3140,6775,3,81
3141,2611,35,39
3142,9914,43,19
3143,5343,6,55
3144,4722,58,68
3145,5972,31,26
3146,4816,64,48
3147,4820,12,37
3148,4050,21,67
3149,6046,15,55
3150,9480,44,38
3151,8187,27,17
3152,9881,12,64
3153,6252,36,2
3154,3516,42,81
3155,5557,30,89
3156,435,47,49
3157,5377,8,66
3158,4275,21,85
3159,4774,6,62
3160,3380,13,79
3161,9302,29,55
3162,10649,45,42
3163,8177,29,30
3164,7444,15,31
3165,9656,28,2
3166,62,50,81
3167,7344,45,63
3168,10832,19,7
3169,1177,10,37
3170,6604,52,84
3171,886,13,51
3172,10985,14,65
3173,2816,29,76
3174,6072,16,71
3175,1122,14,29
3176,9643,23,42
3177,1097,38,22
3178,9359,23,27
3179,3127,47,14
3180,1798,10,58
3181,3852,40,18
3182,178,14,44
3183,3010,61,66
3184,5247,0,39
3185,10405,41,43
3186,6743,64,78
3187,5697,49,81
3188,1643,56,4
3189,9856,4,65
3190,4460,52,37
3191,2187,28,63
3192,9986,28,43
3193,5507,32,85
3194,10277,17,84
3195,9740,17,49
3196,2551,60,2
3197,4477,11,47
3198,860,34,67
3199,2532,47,23
3200,2021,44,41
3201,5931,10,26
3202,4147,42,51
3203,7652,38,23
3204,1967,10,17
3205,1809,58,38
3206,2005,13,2
3207,7493,31,83
3208,4424,17,58
3209,10805,28,20
3210,7762,27,4
3211,10446,10,67
3212,3058,49,4
3213,7777,41,35
3214,5612,15,27
3215,6514,4,82
3216,7534,15,66
3217,6767,47,34
3218,3613,15,21
3219,10716,59,30
3220,2577,0,37
3221,1713,6,10
3222,7956,22,34
3223,645,44,84
3224,7286,2,68
3225,5154,49,68
3226,8692,18,87
3227,9452,53,39
3228,908,32,35
3229,5921,55,31
3230,9724,52,26
3231,3339,51,83
3232,6048,29,49
3233,6293,10,86
3234,5430,51,82
3235,5424,45,8
3236,10436,1,36
3237,470,65,76
3238,5019,17,34
3239,6506,26,11
3240,9438,53,27
3241,5873,7,84
3242,2312,34,5
3243,8108,47,82
3244,2743,56,14
3245,2827,42,74
3246,6225,60,30
3247,9471,42,59
3248,8331,51,83
3249,8768,54,12
3250,4203,43,8
3251,5859,35,40
3252,9152,36,29
3253,6335,19,30
3254,2755,10,14
3255,3345,46,72
3256,4611,42,2
3257,8948,18,3
3258,1455,43,24
3259,5040,32,53
3260,8326,58,78
3261,1389,22,77
3262,7215,27,67
3263,3557,34,73
3264,5354,37,47
3265,739,37,48
3266,3784,31,60
3267,5276,1,75
3268,5683,31,12
3269,1377,20,38
3270,9863,62,51
3271,7577,9,12
3272,5095,2,3
3273,4729,43,29
3274,1234,11,15
3275,2056,64,85
3276,1373,42,24
3277,5410,24,61
3278,3988,18,75
3279,735,58,82
3280,473,32,26
3281,9756,17,48
3282,10091,49,53
3283,1981,29,71
3284,5112,62,62
3285,6534,5,41
3286,5648,24,79
3287,2359,9,87
3288,10320,45,2
3289,6633,59,25
3290,9689,16,51
3291,8165,42,70
3292,3449,41,68
3293,5108,9,66
3294,8049,28,26
3295,4273,20,16
3296,7872,21,82
3297,628,12,61
3298,1168,46,72
3299,1824,52,16
3300,8675,18,62
3301,7231,21,17
3302,9773,22,3
3303,1747,5,21
3304,7530,65,77
3305,8706,45,74
3306,9684,61,52
3307,3188,21,12
3308,7979,17,80
3309,3693,33,85
3310,4415,44,42
3311,1969,49,87
3312,6112,0,66
3313,9637,11,54
3314,1173,63,32
3315,10183,34,83
3316,10202,45,71
3317,6875,39,50
3318,9618,23,63
3319,2046,27,22
3320,6496,60,40
3321,8303,5,79
3322,4633,54,51
3323,1286,65,23
3324,5721,30,84
3325,6338,11,58
3326,5058,29,71
3327,3455,55,49
3328,4508,50,52
3329,7034,62,83
3330,6558,8,70
3331,3108,57,6
3332,10209,31,64
3333,690,34,23
3334,6945,56,81
3335,3504,60,47
3336,3776,43,85
3337,4093,49,89
3338,3697,0,70
3339,5864,63,41
3340,7990,3,86
3341,1136,16,2
3342,9271,17,74
3343,10210,40,78
3344,2589,63,1
3345,9580,48,52
3346,2069,14,45
3347,7554,39,52
3348,4613,28,76
3349,2864,6,69
3350,9055,33,74
3351,2979,2,43
3352,8641,2,74
3353,6322,54,63
3354,2011,55,9
3355,10078,2,61
3356,6211,40,55
3357,6467,33,38
3358,5653,17,15
3359,5924,11,80
3360,5665,60,49
3361,5138,54,13
3362,2745,34,88
3363,4750,65,70
3364,9491,47,25
3365,4264,20,33
3366,3573,28,51
3367,2544,31,75
3368,5271,10,37
3369,6801,1,5
3370,10646,48,88
3371,7499,22,81
3372,4791,23,52
3373,7848,19,74
3374,2527,32,2
3375,2416,44,13
3376,10798,1,71
3377,10093,35,19
3378,3152,35,41
3379,1642,29,35
3380,6074,57,47
3381,5856,18,15
3382,3964,31,50
3383,392,48,1
3384,3811,6,19
3385,5233,44,24
3386,6087,30,9
3387,1582,22,29
3388,537,2,75
3389,2308,55,52
3390,10468,25,37
3391,2384,23,35
3392,2841,3,56
3393,8288,48,33
3394,1474,6,11
3395,2890,26,82
3396,10502,27,54
3397,5884,55,1
3398,2578,57,41
3399,8206,60,77
3400,9921,33,69
3401,9720,7,36
3402,4100,22,38
3403,8851,50,59
3404,5877,62,84
3405,1648,5,68
3406,5634,57,24
3407,8984,3,22
3408,8440,45,13
3409,9503,35,37
3410,2816,35,63
3411,10155,20,68
3412,4375,25,24
3413,9089,15,46
3414,7390,37,66
3415,5442,49,81
3416,6125,28,69
3417,6877,5,40
3418,9279,18,42
3419,7571,19,84
3420,10357,30,17
3421,2159,60,9
3422,5008,49,7
3423,2098,16,65
3424,1715,9,81
3425,5333,36,45
3426,7193,21,58
3427,9148,60,19
3428,6082,5,17
3429,2924,49,4
3430,7878,0,77
3431,6514,9,39
3432,4607,50,57
3433,1551,12,58
3434,10901,12,33
3435,3181,12,88
3436,4391,0,23
3437,2868,34,16
3438,5242,16,21
3439,2658,60,73
3440,10913,0,8
3441,6878,21,21
3442,9356,11,2
3443,721,12,62
3444,5765,6,25
3445,9878,64,43
3446,7500,50,87
3447,813,28,68
3448,2989,53,3
3449,8363,25,1
3450,152,48,11
3451,4418,18,4
3452,1317,14,12
3453,6858,33,17
3454,5842,9,18
3455,10982,51,5
3456,5610,27,44
3457,1623,28,16
3458,5816,61,49
3459,6975,50,4
3460,8022,27,62
3461,5835,58,10
3462,631,2,42
3463,5665,11,36
3464,2839,13,48
3465,3052,21,44
3466,9485,47,44
3467,6880,26,71
3468,457,7,73
3469,6457,42,69
3470,5537,23,66
3471,2313,51,4
3472,3663,64,82
3473,7941,39,55
3474,7221,40,74
3475,4915,40,51
3476,4604,2,73
3477,436,28,71
3478,8926,11,45
3479,8712,56,85
3480,10508,19,37
3481,5816,17,65
3482,1407,17,18
3483,948,33,18
3484,8945,17,80
3485,2943,9,23
3486,4923,29,49
3487,846,53,25
3488,5688,25,55
3489,911,25,52
3490,9193,35,86
3491,3204,32,85
3492,2130,8,36
3493,8952,32,25
3494,7336,15,86
3495,2472,20,21
3496,8410,18,30
3497,1634,7,22
3498,7081,62,1
3499,9502,24,83
3500,410,52,25
3501,4989,4,70
3502,5905,47,23
3503,9170,61,7
3504,5430,20,78
3505,8201,30,18
3506,5102,15,79
3507,735,61,87
3508,6537,63,46
3509,9432,49,67
3510,9484,8,11
3511,6200,44,71
3512,5395,56,88
3513,2180,44,58
3514,8502,60,41
3515,304,52,50
3516,2528,65,85
3517,449,44,60
3518,5912,8,1
3519,2604,16,71
3520,4787,10,78
3521,4358,8,17
3522,2167,59,62
3523,2697,56,3
3524,8602,64,65
3525,2866,65,44
3526,3664,29,48
3527,8405,10,63
3528,5370,46,21
3529,6344,17,33
3530,9828,29,25
3531,7582,2,88
3532,2243,41,69
3533,4419,24,78
3534,1279,47,55
3535,9254,63,77
3536,5895,18,5
3537,9655,45,7
3538,10270,20,13
3539,922,59,67
3540,9100,42,12
3541,8933,29,16
3542,8974,30,81
3543,1264,18,28
3544,1335,3,47
3545,6688,13,67
3546,6626,33,70
3547,6028,62,51
3548,7696,43,2
3549,1836,51,13
3550,6756,53,20
3551,5242,42,11
3552,6356,9,24
3553,7560,47,31
3554,5254,45,79
3555,5687,0,31
3556,5428,61,43
3557,5788,56,5
3558,6523,63,69
3559,4355,11,10
3560,7978,34,40
3561,2869,62,26
3562,1311,29,56
3563,3196,62,20
3564,4292,32,17
3565,8231,22,79
3566,4618,26,37
3567,10346,47,51
3568,4422,28,84
3569,5763,58,35
3570,346,62,16
3571,3567,48,15
3572,9414,28,2
3573,2508,50,36
3574,6112,15,10
3575,10560,59,58
3576,2891,63,68
3577,5434,27,43
3578,8513,63,33
3579,4878,47,16
3580,5012,31,50
3581,4671,17,43
3582,2800,49,28
3583,3403,34,49
3584,7742,54,27
3585,7720,35,62
3586,5079,13,27
3587,543,47,55
3588,6954,11,81
3589,6484,52,41
3590,5839,31,77
3591,6699,15,5
3592,7230,51,51
3593,2445,50,3
3594,4187,24,79
3595,10453,24,50
3596,5120,3,84
3597,10861,6,39
3598,318,13,75
3599,4616,1,10
3600,9868,47,10
3601,716,29,68
3602,9782,27,43
3603,2481,54,47
3604,967,9,5
3605,5056,42,80
3606,3307,28,18
3607,9612,31,21
3608,1107,27,63
3609,5952,14,43
3610,9377,39,44
3611,10097,16,3
3612,8079,13,74
3613,8473,45,39
3614,8387,13,13
3615,10857,21,46
3616,3955,21,41
3617,3759,60,48
3618,4516,35,10
3619,10827,42,72
3620,9528,48,76
3621,6456,36,7
3622,2014,20,71
3623,3431,1,6
3624,2151,30,59
3625,4712,14,85
3626,10567,44,45
3627,7539,7,43
3628,4135,25,30
3629,5378,63,79
3630,7235,4,43
3631,6220,47,43
3632,5400,20,13
3633,5910,17,62
3634,7876,42,13
3635,5970,54,27
3636,2893,13,70
3637,6657,13,72
3638,2521,52,8
3639,7294,25,73
3640,2576,12,20
3641,8743,20,48
3642,7597,31,25
3643,7214,43,24
3644,5068,0,16
3645,897,32,80
3646,3204,59,39
3647,7295,21,67
3648,8282,27,11
3649,8327,63,35
3650,7257,54,77
3651,8303,48,12
3652,2216,15,46
3653,9065,59,73
3654,5576,29,30
3655,955,58,65
3656,8561,43,17
3657,8314,29,42
3658,10102,22,71
3659,7061,65,66
3660,9272,37,60
3661,10617,26,7
3662,19,45,15
3663,4878,14,53
3664,9102,17,4
3665,9567,46,57
3666,5946,4,62
3667,1131,6,20
3668,1780,48,25
3669,1763,14,62
3670,10727,48,47
3671,9245,60,88
3672,6061,5,54
3673,2475,47,13
3674,5699,46,77
3675,9802,19,83
3676,7032,48,65
3677,591,42,41
3678,2478,56,31
3679,7622,17,45
3680,7053,54,29
3681,5675,20,59
3682,3142,66,33
3683,4021,55,64
3684,6376,63,68
3685,4782,4,74
3686,4897,52,12
3687,1929,17,76
3688,8896,62,64
3689,2899,8,45
3690,1999,4,85
3691,6818,54,20
3692,8326,33,13
3693,8893,53,33
3694,44,28,44
3695,4232,59,48
3696,375,41,35
3697,5418,12,66
3698,9492,30,4
3699,3375,58,29
3700,4534,11,68
3701,4047,55,78
3702,8806,31,35
3703,5225,64,14
3704,480,31,71
3705,8919,31,15
3706,4991,64,84
3707,2783,13,30
3708,2885,53,5
3709,7774,57,39
3710,7775,42,19
3711,9940,62,42
3712,8943,20,32
3713,1629,0,20
3714,666,57,2
3715,1429,19,24
3716,2403,26,25
3717,8484,11,82
3718,8249,10,70
3719,6648,66,52
3720,1877,39,50
3721,638,65,81
3722,1099,66,75
3723,587,6,68
3724,5642,24,24
3725,1364,29,75
3726,9279,15,24
3727,1467,21,83
3728,5345,11,4
3729,6052,15,57
3730,3018,23,26
3731,7072,15,89
3732,2612,29,33
3733,796,12,25
3734,4495,63,79
3735,10245,28,87
3736,2612,5,84
3737,8588,10,86
3738,306,21,13
3739,7355,9,68
3740,4508,46,44
3741,10541,42,28
3742,9448,7,15
3743,5468,13,36
3744,7285,10,44
3745,10862,5,40
3746,330,18,70
3747,92,24,46
3748,7631,52,71
3749,548,28,59
3750,9842,2,83
3751,2038,47,58
3752,4476,28,41
3753,7255,44,64
3754,8609,52,80
3755,10237,25,3
3756,148,27,17
3757,9622,39,57
3758,829,32,49
3759,7410,36,18
3760,9471,47,20
3761,7679,57,15
3762,457,64,89
3763,1417,64,31
3764,2705,3,42
3765,8815,10,45
3766,10344,29,37
3767,9903,34,34
3768,7431,50,54
3769,881,66,88
3770,2311,8,69
3771,5229,38,17
3772,526,16,5
3773,8649,15,23
3774,6770,49,85
3775,8469,28,34
3776,9663,9,43
3777,5977,58,2
3778,2206,34,45
3779,3629,54,88
3780,4496,64,10
3781,1298,32,26
3782,9424,56,83
3783,2700,64,65
3784,10380,18,57
3785,8074,52,50
3786,10720,59,23
3787,5115,14,14
3788,5584,8,80
3789,1956,39,2
3790,3991,59,85
3791,1512,0,60
3792,2197,2,52
3793,208,63,60
3794,7959,46,4
3795,6156,56,80
3796,10668,36,42
3797,5135,64,15
3798,6515,26,77
3799,6536,21,81
3800,8429,66,48
3801,8209,35,67
3802,6400,0,66
3803,10583,28,27
3804,5054,34,16
3805,9936,49,30
3806,696,52,12
3807,349,2,4
3808,6223,24,52
3809,7173,36,67
3810,9177,42,69
3811,8084,39,89
3812,5191,9,42
3813,9921,25,53
3814,5325,1,10
3815,6487,55,80
3816,8127,56,67
3817,1317,63,60
3818,4523,40,6
3819,3682,46,72
3820,9395,20,38
3821,10710,20,53
3822,6784,48,89
3823,2167,54,61
3824,1770,53,30
3825,8846,40,88
3826,3608,55,69
3827,5369,34,81
3828,10617,41,27
3829,3865,36,5
3830,5000,40,74
3831,2803,18,81
3832,3130,38,24
3833,6083,52,79
3834,244,54,6
3835,1668,11,87
3836,640,23,84
3837,209,42,52
3838,3073,35,62
3839,4456,61,8
3840,2882,22,69
3841,7526,29,46
3842,9177,3,50
3843,8321,38,77
3844,10935,42,68
3845,8990,50,32
3846,326,34,50
3847,6419,49,9
3848,6587,24,80
3849,10055,35,1
3850,7152,60,43
3851,9626,52,44
3852,6184,33,11
3853,3611,66,32
3854,6425,6,12
3855,3043,57,68
3856,9367,7,66
3857,2299,28,30
3858,2912,55,85
3859,10822,45,56
3860,10245,2,14
3861,6180,15,77
3862,3783,52,81
3863,3829,19,71
3864,3754,50,57
3865,6152,17,2
3866,7986,14,58
3867,8305,65,87
3868,2611,28,27
3869,9682,5,8
3870,3325,41,58
3871,8421,57,23
3872,4200,50,15
3873,6133,23,39
3874,7598,47,82
3875,6177,14,32
3876,2210,58,76
3877,7024,13,41
3878,7388,62,68
3879,1240,61,80
3880,7283,30,77
3881,4372,61,12
3882,10780,57,63
3883,2043,1,39
3884,1418,25,83
3885,9035,53,6
3886,1232,42,30
3887,5431,15,22
3888,4282,51,77
3889,9344,38,78
3890,3142,40,59
3891,6920,57,33
3892,7210,22,30
3893,7793,37,21
3894,10146,37,31
3895,726,24,26
3896,7684,30,9
3897,6005,4,37
3898,6346,9,62
3899,317,8,22
3900,10952,38,34
3901,6222,58,66
3902,7901,7,74
3903,540,3,72
3904,3622,19,54
3905,2746,2,56
3906,4088,16,86
3907,3560,19,87
3908,3483,26,54
3909,7298,47,31
3910,2894,11,8
3911,8553,32,17
3912,8999,36,47
3913,8714,49,4
3914,7390,5,37
3915,8795,45,28
3916,2316,57,26
3917,184,16,39
3918,1535,20,42
3919,8297,53,89
3920,10166,5,14
3921,1635,14,52
3922,625,39,79
3923,8047,35,37
3924,4991,5,34
3925,6304,20,55
3926,4065,21,16
3927,3603,4,35
3928,4628,25,82
3929,2485,59,62
3930,10843,31,86
3931,10004,47,9
3932,1486,30,28
3933,245,54,18
3934,6821,56,72
3935,483,22,65
3936,2033,20,7
3937,10853,49,73
3938,10855,47,81
3939,7873,4,19
3940,556,3,4
3941,2799,38,45
3942,3505,24,2
3943,672,65,11
3944,5367,42,7
3945,2977,29,28
3946,4650,20,34
3947,1699,39,29
3948,7661,52,72
3949,2070,29,26
3950,6573,23,25
3951,9335,23,36
3952,5696,27,67
3953,7278,58,39
3954,129,33,77
3955,2591,24,59
3956,9966,52,39
3957,9024,38,32
3958,3366,35,5
3959,10972,37,17
3960,9974,19,63
3961,2567,47,49
3962,9754,16,7
3963,4723,40,30
3964,7367,58,69
3965,4858,41,17
3966,32,45,51
3967,5919,24,87
3968,373,27,63
3969,7598,18,61
3970,4820,35,30
3971,1241,30,86
3972,6715,60,28
3973,395,65,36
3974,7304,60,52
3975,4512,38,16
3976,3644,61,66
3977,3052,48,59
3978,6787,6,21
3979,9157,54,47
3980,3584,19,50
3981,9992,9,9
3982,4714,47,28
3983,4447,62,15
3984,7819,26,32
3985,6311,41,43
3986,8809,63,18
3987,10334,45,84
3988,8910,8,51
3989,10254,21,56
3990,3336,39,71
3991,482,13,47
3992,1906,24,76
3993,8714,55,76
3994,5980,63,54
3995,9717,22,10
3996,5135,57,72
3997,3265,63,23
3998,1377,30,16
3999,10844,54,1
4000,10967,2,84
4001,6565,10,71
4002,7526,42,48
4003,5621,40,63
4004,1243,54,42
4005,10345,27,78
4006,9142,14,77
4007,1277,26,58
4008,801,28,12
4009,5852,59,50
4010,3587,41,38
4011,10940,58,71
4012,7256,4,45
4013,10599,9,76
4014,1063,1,24
4015,2171,8,29
4016,6881,36,2
4017,6704,66,24
4018,974,24,69
4019,9600,4,9
4020,1188,26,53
4021,3425,12,49
4022,5791,43,88
4023,7840,9,22
4024,9637,0,61
4025,8514,61,12
4026,835,49,39
4027,5085,4,81
4028,4880,23,4
4029,10246,3,22
4030,3729,14,69
4031,7296,60,28
4032,7863,17,82
4033,1957,11,31
4034,8548,33,6
4035,6880,2,70
4036,9649,64,54
4037,3997,16,58
4038,2199,2,26
4039,7409,66,15
4040,9774,17,74
4041,8936,47,61
4042,2483,63,70
4043,21,20,76
4044,1148,11,67
4045,632,2,66
4046,6938,37,11
4047,1002,34,60
4048,528,25,13
4049,4137,3,50
4050,1779,37,45
4051,5643,38,50
4052,1857,0,2
4053,4858,51,56
4054,485,66,32
4055,3080,63,79
4056,1507,36,75
4057,2896,35,58
4058,8388,63,65
4059,862,45,75
4060,10211,34,20
4061,7163,10,58
4062,3717,18,60
4063,7736,25,62
4064,10175,60,51
4065,6230,21,8
4066,7484,45,4
4067,1587,12,24
4068,3533,7,36
4069,6874,47,89
4070,8018,49,40
4071,5739,62,6
4072,2675,1,5
4073,9958,62,81
4074,5606,32,44
4075,4120,56,27
4076,6131,52,50
4077,7575,42,35
4078,5510,26,40
4079,6759,12,77
4080,6811,55,40
4081,9796,24,84
4082,10357,24,12
4083,1701,39,49
4084,8333,20,49
4085,4795,15,43
4086,2812,6,20
4087,3892,12,78
4088,6985,18,28
4089,7127,38,23
4090,9883,66,71
4091,1113,54,57
4092,9978,45,17
4093,5603,41,31
4094,10667,34,28
4095,9400,18,36
4096,5679,31,83
4097,691,0,18
4098,2319,22,40
4099,7799,37,30
4100,4357,25,54
4101,8657,53,83
4102,6791,49,78
4103,6136,14,88
4104,3297,27,81
4105,6233,3,58
4106,10414,65,21
4107,10970,15,20
4108,6828,28,89
4109,5849,32,22
4110,1438,21,6
4111,2759,17,60
4112,10959,11,64
4113,3394,61,76
4114,6116,6,30
4115,7810,16,43
4116,10917,23,88
4117,7249,50,8
4118,7753,61,80
4119,3709,6,41
4120,9299,40,47
4121,10053,64,79
4122,9436,63,39
4123,6425,17,30
4124,8973,49,17
4125,5746,61,27
4126,10848,21,6
4127,5605,44,59
4128,6410,63,24
4129,2231,50,30
4130,5570,42,39
4131,9783,65,16
4132,1527,37,43
4133,9591,43,62
4134,814,30,49
4135,6790,9,41
4136,3101,33,71
4137,2514,51,49
4138,4997,62,59
4139,6378,9,13
4140,6209,60,85
4141,5927,17,60
4142,8292,66,41
4143,6965,51,68
4144,7692,34,84
4145,3236,37,28
4146,8463,26,31
4147,7585,8,26
4148,10201,0,19
4149,4415,13,22
4150,7288,53,9
4151,6118,27,48
4152,2308,15,16
4153,7647,48,86
4154,8911,59,19
4155,4071,47,32
4156,9873,8,40
4157,8868,46,5
4158,4309,5,72
4159,7309,49,21
4160,9099,12,57
4161,6599,36,64
4162,9593,35,79
4163,8607,65,55
4164,6934,34,8
4165,3036,57,54
4166,3702,26,76
4167,5736,24,11
4168,9300,4,63
4169,2094,26,23
4170,10142,17,37
4171,9004,4,11
4172,4608,3,72
4173,7595,32,14
4174,5283,58,16
4175,3009,15,72
4176,6362,40,31
4177,4156,60,56
4178,3975,32,62
4179,2667,25,22
4180,9351,19,67
4181,9313,34,29
4182,8672,46,22
4183,3438,37,37
4184,9906,39,50
4185,42,11,10
4186,6212,49,39
4187,7640,29,41
4188,6897,46,20
4189,5941,6,49
4190,3431,8,57
4191,8465,47,13
4192,7995,60,2
4193,612,65,14
4194,5922,10,13
4195,211,63,8
4196,10866,30,74
4197,3883,21,40
4198,3054,61,5
4199,6678,36,54
4200,3497,40,31
4201,8356,40,17
4202,3553,24,88
4203,753,46,5
4204,7549,55,24
4205,4871,41,6
4206,9081,55,42
4207,9243,3,53
4208,7161,29,48
4209,513,32,67
4210,615,53,19
4211,10519,63,59
4212,4187,29,17
4213,3642,13,23
4214,3672,53,48
4215,5534,21,52
4216,6918,46,43
4217,3035,43,83
4218,6227,8,32
4219,10039,38,44
4220,763,38,56
4221,3829,66,56
4222,5701,54,80
4223,5726,11,40
4224,6867,53,82
4225,1692,40,19
4226,8469,3,79
4227,359,55,26
4228,7947,34,30
4229,3638,18,30
4230,2759,26,57
4231,2509,65,75
4232,6539,58,10
4233,1107,14,61
4234,315,12,54
4235,713,40,34
4236,4818,7,74
4237,6766,1,59
4238,4800,26,85
4239,6080,44,88
4240,117,55,89
4241,879,45,17
4242,10235,45,20
4243,8020,66,46
4244,8875,38,29
4245,1527,65,16
4246,157,51,14
4247,3036,43,43
4248,10844,16,29
4249,7809,64,26
4250,8671,41,76
4251,3194,34,58
4252,6204,43,26
4253,10051,5,82
4254,5516,65,87
4255,5761,25,79
4256,6182,59,52
4257,1894,37,19
4258,8961,31,27
4259,10975,24,15
4260,5279,34,14
4261,10335,38,13
4262,1946,34,86
4263,3,12,86
4264,10316,39,28
4265,6495,24,32
4266,4957,60,65
4267,1871,53,43
4268,1649,37,4
4269,5148,38,9
4270,2743,35,35
4271,7901,32,35
4272,1854,25,27
4273,8186,9,52
4274,10566,50,65
4275,9218,2,27
4276,8022,66,44
4277,837,24,61
4278,10346,3,32
4279,5746,21,74
4280,5843,24,79
4281,2013,3,78
4282,8449,43,83
4283,7001,53,8
4284,3777,54,45
4285,1940,61,36
4286,9603,66,58
4287,10946,45,7
4288,10215,2,57
4289,3018,1,12
4290,5033,16,42
4291,10540,66,72
4292,10223,4,46
4293,3677,65,73
4294,4254,12,60
4295,271,66,35
4296,2925,36,50
4297,3821,15,82
4298,885,23,16
4299,2061,47,34
4300,6202,42,55
4301,7400,9,47
4302,8853,30,66
4303,8470,14,5
4304,3435,54,70
4305,1963,48,13
4306,4622,66,40
4307,10785,57,58
4308,1641,45,18
4309,7183,50,82
4310,2508,27,80
4311,4459,17,68
4312,6399,39,57
4313,3426,54,61
4314,4891,32,67
4315,8275,59,74
4316,2165,13,73
4317,9516,61,76
4318,1977,32,22
4319,4705,27,35
4320,5773,32,58
4321,7863,29,67
4322,4216,0,22
4323,2704,51,11
4324,9355,12,19
4325,4069,63,16
4326,5174,20,58
4327,4592,35,17
4328,6145,8,62
4329,10715,46,30
4330,3068,46,66
4331,405,16,46
4332,10124,15,17
4333,10431,42,65
4334,1147,26,40
4335,10057,38,9
4336,3773,60,75
4337,8914,24,54
4338,10322,20,47
4339,4933,59,28
4340,4634,43,10
4341,9579,31,73
4342,9284,57,17
4343,5442,45,10
4344,3830,48,45
4345,691,31,33
4346,6651,21,46
4347,8169,64,2
4348,10818,3,65
4349,5574,23,12
4350,8140,66,54
4351,2289,64,26
4352,2939,47,61
4353,9601,32,3
4354,5332,21,84
4355,1836,25,34
4356,831,59,67
4357,3546,26,86
4358,3571,10,85
4359,7052,5,12
4360,2702,23,31
4361,9293,10,73
4362,2877,49,7
4363,6929,39,25
4364,1233,38,37
4365,8933,55,82
4366,9439,13,11
4367,6523,38,56
4368,449,20,25
4369,1540,64,52
4370,6080,45,32
4371,2998,56,39
4372,8929,11,13
4373,6451,2,36
4374,5709,56,29
4375,10534,54,80
4376,1967,12,44
4377,8658,51,55
4378,8129,34,70
4379,2548,50,63
4380,8488,53,47
4381,3441,44,6
4382,3047,36,78
4383,10243,10,55
4384,10278,48,29
4385,2187,5,83
4386,7453,6,6
4387,964,61,42
4388,3559,11,77
4389,1514,51,82
4390,4232,19,24
4391,9709,7,67
4392,9941,41,16
4393,7805,37,55
4394,10229,51,75
4395,1149,21,44
4396,6794,52,23
4397,10657,41,65
4398,5910,26,48
4399,8704,60,41
4400,9579,8,72
4401,5966,66,62
4402,9512,23,49
4403,847,23,89
4404,6071,37,17
4405,243,52,61
4406,4896,7,56
4407,2349,48,66
4408,9907,58,14
4409,9754,55,35
4410,10733,39,79
4411,1684,30,38
4412,4102,39,5
4413,5331,19,79
4414,667,46,3
4415,6685,52,28
4416,5921,59,34
4417,10533,58,73
4418,8132,8,74
4419,4627,56,69
4420,3885,0,5
4421,10137,12,84
4422,90,32,37
4423,8037,50,59
4424,134,36,26
4425,8611,59,78
4426,3967,23,81
4427,3995,29,34
4428,10705,20,45
4429,8004,5,6
4430,4597,27,24
4431,3764,12,35
4432,9120,43,35
4433,8176,9,50
4434,4129,35,13
4435,3051,56,50
4436,5182,25,23
4437,4419,33,31
4438,3110,45,27
4439,4866,2,70
4440,6087,42,16
4441,8859,20,53
4442,3865,18,64
4443,6205,24,29
4444,1563,24,50
4445,3956,48,40
4446,6716,65,70
4447,7117,32,63
4448,9394,43,45
4449,5974,21,69
4450,8541,56,25
4451,5274,66,73
4452,13,29,73
4453,3848,10,17
4454,463,27,30
4455,5694,32,5
4456,1449,35,18
4457,9748,8,82
4458,10235,48,31
4459,2614,58,42
4460,10591,44,10
4461,3412,50,1
4462,9191,22,50
4463,4048,2,13
4464,862,35,74
4465,10057,5,21
4466,8740,51,38
4467,8388,14,58
4468,7124,46,89
4469,8056,24,46
4470,7403,17,42
4471,2602,18,71
4472,160,47,6
4473,8645,5,88
4474,9909,50,80
4475,7867,23,74
4476,8826,38,88
4477,6148,28,57
4478,655,58,66
4479,1738,20,70
4480,4372,20,49
4481,8449,47,26
4482,10593,0,30
4483,10817,42,42
4484,4320,33,80
4485,4917,33,83
4486,4949,59,77
4487,8216,29,13
4488,7170,51,61
4489,1044,39,52
4490,5805,53,70
4491,7690,19,15
4492,1462,55,85
4493,7312,66,64
4494,7287,21,74
4495,4599,7,32
4496,657,44,71
4497,1848,1,27
4498,7913,25,47
4499,3973,45,18
4500,2789,19,31
4501,3115,48,82
4502,5199,51,85
4503,2904,57,23
4504,4875,40,73
4505,1372,50,1
4506,262,43,14
4507,10369,25,88
4508,7193,6,79
4509,4740,11,30
4510,4747,62,54
4511,5291,44,67
4512,3818,22,26
4513,10922,13,27
4514,6769,11,1
4515,9032,30,70
4516,9275,55,6
4517,3799,28,62
4518,818,28,28
4519,1207,6,31
4520,8360,19,78
4521,1377,35,82
4522,6004,23,13
4523,10350,56,89
4524,2079,66,16
4525,10476,23,45
4526,9491,3,53
4527,2133,49,19
4528,3601,62,60
4529,8455,1,86
4530,3372,45,5
4531,2139,30,69
4532,7872,20,4
4533,3767,1,4
4534,8433,29,71
4535,2392,28,76
4536,368,65,63
4537,2621,51,1
4538,10871,26,44
4539,5607,48,71
4540,9624,44,87
4541,3315,42,58
4542,2972,37,27
4543,6115,1,63
4544,10313,30,59
4545,5040,53,82
4546,10326,16,23
4547,4798,42,21
4548,5606,25,26
4549,4919,12,86
4550,3944,8,76
4551,2392,49,51
4552,3990,54,49
4553,6095,46,59
4554,5704,32,35
4555,9599,44,82
4556,8607,5,66
4557,7515,2,17
4558,6862,51,87
4559,7898,63,67
4560,10429,8,21
4561,6826,64,19
4562,10228,10,42
4563,209,2,69
4564,8832,56,60
4565,7585,2,85
4566,9861,17,63
4567,5025,51,12
4568,403,21,87
4569,6864,36,21
4570,8015,46,38
4571,4831,59,3
4572,626,19,17
4573,9372,30,18
4574,6535,43,23
4575,2426,22,45
4576,2086,36,9
4577,4838,34,50
4578,4481,9,31
4579,2674,53,66
4580,8281,11,85
4581,10301,8,7
4582,2477,11,37
4583,8447,39,2
4584,6008,57,47
4585,865,13,52
4586,7320,34,9
4587,9628,58,6
4588,4302,38,80
4589,5260,25,74
4590,4695,31,30
4591,6741,66,14
4592,4870,58,43
4593,3013,19,2
4594,1379,52,50
4595,8799,61,22
4596,4560,50,3
4597,876,52,55
4598,418,52,13
4599,8292,4,6
4600,714,45,54
4601,10050,21,84
4602,5777,58,53
4603,4225,59,43
4604,1413,53,6
4605,8580,52,75
4606,3799,11,48
4607,2507,32,1
4608,9542,16,49
4609,9735,56,22
4610,5760,6,7
4611,8249,10,1
4612,3152,44,52
4613,11000,35,87
4614,2535,39,62
4615,8118,15,89
4616,316,7,65
4617,6097,35,20
4618,4440,22,26
4619,10646,24,7
4620,10326,16,13
4621,10526,29,29
4622,6987,13,68
4623,634,26,61
4624,774,38,53
4625,2491,50,5
4626,5935,40,49
4627,4664,25,8
4628,10555,40,26
4629,6727,20,48
4630,10121,53,79
4631,4154,17,38
4632,9875,52,77
4633,60,31,23
4634,3285,13,54
4635,7611,20,63
4636,4320,19,13
4637,8212,38,40
4638,2145,43,10
4639,6660,17,16
4640,3195,32,34
4641,10861,12,49
4642,2555,66,15
4643,8131,56,29
4644,3236,65,43
4645,3758,34,8
4646,6812,45,34
4647,4067,37,30
4648,3969,14,36
4649,8607,13,79
4650,8976,60,76
4651,4403,35,82
4652,5412,3,14
4653,10342,27,73
4654,178,17,74
4655,6341,27,46
4656,675,40,39
4657,112,64,34
4658,669,57,37
4659,1900,58,73
4660,8178,37,56
4661,1329,65,20
4662,5154,8,67
4663,9880,19,53
4664,4565,45,21
4665,3495,50,69
4666,5632,3,59
4667,8998,23,5
4668,8454,0,11
4669,8496,26,65
4670,7136,18,4
4671,7567,60,85
4672,1003,45,20
4673,998,8,70
4674,4681,38,38
4675,6640,15,35
4676,8280,42,68
4677,7764,64,82
4678,511,16,82
4679,1489,32,60
4680,4360,40,49
4681,2396,50,58
4682,7054,49,57
4683,10393,39,80
4684,5459,65,45
4685,1077,60,25
4686,5938,1,86
4687,9718,29,1
4688,3879,59,3
4689,90,46,16
4690,250,50,68
4691,6240,57,81
4692,6038,49,52
4693,7148,51,25
4694,10801,34,52
4695,5859,42,86
4696,519,25,39
4697,9060,20,37
4698,1185,17,38
4699,7346,16,30
4700,687,60,33
4701,4047,34,28
4702,2992,47,32
4703,7174,62,65
4704,292,20,61
4705,4324,60,36
4706,8611,30,24
4707,8082,57,5
4708,4203,3,13
4709,6133,19,20
4710,9064,3,83
4711,4005,29,29
4712,9053,63,4
4713,4559,55,64
4714,5618,44,22
4715,4337,44,32
4716,6496,31,31
4717,2328,41,14
4718,3903,19,26
4719,8803,58,69
4720,1412,54,2
4721,6331,23,70
4722,1505,5,86
4723,3969,0,14
4724,1224,42,10
4725,4069,65,15
4726,7362,44,69
4727,2974,5,12
4728,2316,51,11
4729,4220,17,16
4730,9735,36,55
4731,8547,2,72
4732,4702,15,49
4733,3544,55,86
4734,3597,35,22
4735,5153,8,8
4736,1535,2,55
4737,1353,29,54
4738,6393,65,9
4739,9857,10,20
4740,6876,36,41
4741,8866,10,42
4742,8831,64,7
4743,9527,59,28
4744,2161,1,58
4745,3350,1,72
4746,133,3,58
4747,10005,21,46
4748,2295,48,70
4749,5256,35,44
4750,5690,58,81
4751,5009,54,4
4752,895,63,14
4753,8204,40,64
4754,257,37,33
4755,276,62,41
4756,3681,30,13
4757,6835,36,61
4758,4062,19,86
4759,8678,47,31
4760,5254,54,22
4761,5878,25,2
4762,10447,48,42
4763,1663,35,79
4764,7421,27,64
4765,3021,42,63
4766,4615,22,83
4767,2737,2,22
4768,1091,62,24
4769,8423,33,50
4770,3939,25,32
4771,3164,42,32
4772,6313,27,68
4773,2570,27,79
4774,1460,1,5
4775,7496,17,12
4776,10675,9,17
4777,4833,64,10
4778,4678,20,36
4779,7801,41,75
4780,4513,28,15
4781,9150,7,24
4782,4722,32,18
4783,7827,31,30
4784,2317,12,36
4785,4151,62,66
4786,2604,59,28
4787,3710,16,21
4788,3301,20,18
4789,7792,25,37
4790,3858,10,42
4791,1458,12,31
4792,4117,25,51
4793,2632,11,10
4794,3369,41,52
4795,397,58,18
4796,10088,5,14
4797,8759,20,33
4798,5442,55,8
4799,3581,56,72
4800,5300,6,8
4801,3539,63,47
4802,1461,37,65
4803,7729,5,62
4804,5266,12,26
4805,6529,8,52
4806,10367,29,83
4807,5452,17,69
4808,7618,54,19
4809,4245,42,81
4810,3134,22,39
4811,6445,24,40
4812,6031,4,87
4813,6615,11,39
4814,5022,60,38
4815,8272,46,75
4816,868,47,13
4817,2709,5,37
4818,8856,37,55
4819,2962,30,62
4820,1465,59,72
4821,1927,0,82
4822,5805,34,33
4823,6216,17,65
4824,5791,62,30
4825,3953,9,3
4826,7396,2,1
4827,6559,44,60
4828,1551,23,55
4829,8814,27,84
4830,1280,12,60
4831,6248,35,14
4832,5258,8,80
4833,2120,54,11
4834,6916,43,24
4835,9207,4,77
4836,9224,64,66
4837,8687,0,29
4838,8342,65,77
4839,9510,45,51
4840,5436,49,53
4841,1605,49,54
4842,4460,20,4
4843,9032,33,79
4844,2287,31,27
4845,8894,26,42
4846,180,64,63
4847,7662,7,81
4848,1047,62,43
4849,4895,32,69
4850,8815,66,87
4851,3271,38,56
4852,8245,16,37
4853,2837,1,16
4854,6616,60,13
4855,5722,4,14
4856,1757,26,20
4857,6820,29,54
4858,5469,40,42
4859,1606,32,15
4860,4044,49,13
4861,5414,53,50
4862,9612,29,72
4863,4598,36,69
4864,3492,27,6
4865,2209,62,62
4866,3660,13,69
4867,6068,9,46
4868,7119,2,68
4869,6506,55,53
4870,2739,48,8
4871,5956,11,50
4872,4411,29,11
4873,7265,38,71
4874,3903,21,42
4875,5257,27,61
4876,574,14,81
4877,3384,48,30
4878,10348,0,32
4879,2865,1,84
4880,10181,49,55
4881,5757,59,53
4882,8567,20,65
4883,4856,65,62
4884,8460,44,35
4885,6346,50,87
4886,4236,55,30
4887,6237,18,38
4888,8170,36,8
4889,6855,14,4
4890,8602,3,18
4891,1749,35,18
4892,7415,14,30
4893,2211,1,60
4894,1733,1,87
4895,824,22,50
4896,4046,45,9
4897,4057,16,34
4898,629,10,35
4899,880,31,35
4900,317,16,43
4901,6380,13,64
4902,3026,52,60
4903,3313,27,63
4904,10560,61,8
4905,4319,41,70
4906,845,62,44
4907,5415,38,75
4908,1765,0,59
4909,242,50,50
4910,8415,20,42
4911,1111,10,23
4912,2142,64,22
4913,4372,17,81
4914,6359,1,83
4915,5563,11,40
4916,10681,47,62
4917,6301,31,42
4918,1011,47,86
4919,629,16,44
4920,8064,35,31
4921,5215,41,64
4922,9533,2,5
4923,6433,17,83
4924,9125,20,24
4925,10693,62,2
4926,9608,16,1
4927,3620,60,6
4928,7785,11,72
4929,5434,12,78
4930,3743,61,58
4931,7732,57,76
4932,1780,64,18
4933,2266,0,31
4934,1500,43,45
4935,10043,53,65
4936,1565,5,73
4937,1261,61,23
4938,5898,43,10
4939,3888,35,26
4940,6474,20,53
4941,4772,52,1
4942,8542,58,45
4943,2628,34,8
4944,8697,14,12
4945,7164,18,52
4946,3591,56,10
4947,8657,59,36
4948,9016,58,17
4949,8030,50,58
4950,6327,2,71
4951,971,16,61
4952,10527,32,49
4953,527,53,83
4954,4108,46,68
4955,8394,16,26
4956,10724,58,70
4957,5762,4,22
4958,5775,33,87
4959,9900,37,47
4960,1570,47,47
4961,6526,56,10
4962,6555,55,78
4963,1086,8,46
4964,3382,51,77
4965,6296,8,60
4966,222,17,59
4967,8724,16,58
4968,2414,33,11
4969,9189,12,38
4970,2289,4,31
4971,10186,47,87
4972,4652,59,50
4973,1284,49,9
4974,6653,1,37
4975,3511,62,79
4976,7671,51,30
4977,3073,39,10
4978,727,20,54
4979,9648,0,23
4980,7218,14,63
4981,2114,14,88
4982,8660,33,3
4983,4380,36,11
4984,7858,9,84
4985,7497,33,67
4986,5394,22,6
4987,1272,18,14
4988,892,10,24
4989,3733,63,33
4990,6341,48,19
4991,10287,29,52
4992,2446,61,28
4993,374,15,48
4994,7508,35,88
4995,5228,53,70
4996,2183,62,9
4997,946,27,30
4998,7889,50,78
4999,8128,29,7
