1718,9,0
1128,9,0
210,9,0
4097,9,0
21,9,0
2401,12,0
1625,12,0
3058,6,0
3791,6,0
1468,10,0
473,10,0
3713,10,0
4908,3,0
4052,3,0
4821,3,0
1591,8,0
4933,8,0
3220,5,0
589,5,0
1793,7,0
3338,0,0
3033,0,0
726,4,0
4420,4,0
4723,2,0
4322,2,0
1480,11,0
3436,11,0
31,1,0
3644,1,0
1963,3,1
1598,1,1
1595,12,1
1841,6,1
56,11,1
4014,5,1
2745,8,1
2639,2,1
4774,7,1
492,7,1
4894,3,2
4563,4,2
3807,11,2
1827,6,2
3388,7,2
2330,2,2
3462,8,2
4746,10,3
339,9,3
2966,12,3
779,1,4
17,0,4
1602,1,4
4826,2,4
1085,3,4
3272,4,4
3940,5,4
4533,6,4
272,7,4
1829,8,4
4072,9,4
689,10,4
3369,11,4
4922,1,4
2025,12,4
789,0,4
3623,2,4
1404,11,4
2592,4,4
2243,1,4
2493,2,4
2449,1,4
292,3,4
3440,1,4
4599,11,4
1662,5,4
1812,0,4
3599,7,4
3814,8,4
1788,3,4
2065,4,4
4668,2,4
4171,11,4
4289,6,4
4463,10,4
4019,2,4
4708,5,4
1419,7,4
4652,8,4
4855,0,4
2125,1,4
3860,1,4
1012,11,4
1825,2,4
846,4,5
2000,4,5
3903,4,5
4045,4,5
1115,4,5
1198,4,5
2015,9,5
2696,12,5
3015,1,5
4853,6,5
1491,4,5
2128,1,5
1247,9,5
4557,0,5
2640,10,5
1122,12,5
4890,11,5
802,3,5
1106,1,5
3939,4,5
959,5,5
2920,6,5
4148,1,5
956,2,5
1685,7,5
3303,8,5
1067,1,5
4767,9,5
4727,10,5
4957,3,5
3407,11,5
2754,5,5
3116,6,5
4029,1,5
54,12,5
237,7,5
2928,8,5
1533,10,5
1310,0,5
2237,3,5
2226,4,5
4979,2,5
1189,5,5
2092,9,5
445,12,5
1380,7,5
2287,0,5
284,11,5
3428,4,5
2163,1,5
4038,6,5
2077,8,5
2282,9,5
4359,0,5
4497,10,5
363,3,5
403,2,5
4275,11,5
1284,4,5
4429,2,5
3041,11,5
3135,0,5
864,12,5
2369,5,5
1351,2,5
4837,11,5
3869,2,5
1249,11,5
4482,1,5
4465,1,5
4796,1,5
3920,1,5
4970,6,5
1539,1,5
44,7,5
3555,8,5
2536,3,5
4278,1,5
2024,7,6
2049,7,6
1748,12,6
1735,4,6
1259,11,6
1965,0,6
442,9,6
3093,10,6
4878,1,6
3667,12,6
4519,5,6
561,6,6
3394,7,6
3221,8,6
2066,9,6
4086,10,6
1500,4,6
1283,0,6
338,12,6
107,2,6
2982,3,6
115,5,6
3013,7,6
3924,8,6
3384,6,6
2946,3,6
768,4,6
1446,5,6
3927,10,6
2875,7,6
2372,8,6
2631,0,6
4800,3,6
2529,11,6
463,4,6
4610,5,6
3444,7,6
1147,1,6
2302,0,6
4114,4,6
3854,5,6
2771,9,6
262,12,6
3978,7,6
2093,10,6
2359,0,6
4373,4,6
2885,2,6
2839,0,6
4386,4,6
3236,1,6
2324,11,6
4817,6,6
2779,2,6
3897,5,6
4974,7,6
3914,0,6
36,11,6
2614,2,6
551,6,6
2624,11,6
805,2,6
3883,9,6
3184,8,6
1129,1,6
2323,11,6
774,1,6
1423,1,6
3597,1,7
280,12,7
2242,5,7
3417,7,7
980,9,7
3745,1,7
1174,1,7
4119,10,7
2310,3,7
3285,4,7
1077,5,7
3497,12,7
1165,1,7
2687,1,7
3764,6,7
1628,8,7
2652,9,7
1690,10,7
2194,1,7
2187,12,7
3351,3,7
4068,6,7
3027,8,7
1424,10,7
739,3,7
3024,8,7
3091,6,7
2532,10,7
4495,3,7
2512,7,7
1700,0,7
3630,4,7
1696,2,7
754,8,7
504,3,7
2757,5,7
1163,11,7
1875,9,7
1753,7,7
1803,10,7
1787,0,7
66,8,7
2725,3,7
891,4,7
796,5,7
160,7,7
2508,2,7
2585,0,7
4012,4,7
3627,0,7
393,4,7
965,11,7
998,2,7
2947,11,7
1081,2,7
613,11,7
4292,1,7
1140,1,7
330,2,7
4781,11,7
2815,2,7
2179,12,7
3742,11,7
3544,9,7
545,12,7
238,2,7
3401,11,7
450,2,7
1413,6,7
2326,6,7
1134,1,7
1955,10,7
1614,8,7
518,1,7
1374,1,7
461,1,7
1482,5,7
3031,2,8
4616,2,8
2657,2,8
328,9,8
3899,2,8
1924,9,8
4963,12,8
1970,7,8
2627,9,8
1186,11,8
748,2,8
932,12,8
3492,6,8
4015,9,8
2901,1,8
696,10,8
246,12,8
2306,3,8
3689,6,8
2628,8,8
4189,3,8
257,10,8
215,5,8
1801,6,8
319,7,8
816,8,8
798,0,8
4049,10,8
3842,11,8
604,9,8
399,3,8
946,4,8
3521,5,8
639,7,8
2280,8,8
799,0,8
2319,10,8
4735,3,8
630,4,8
1004,1,8
1370,12,8
3792,9,8
1890,5,8
1586,7,8
900,8,8
1538,12,8
2362,10,8
3518,0,8
2391,3,8
4218,4,8
657,0,8
2270,1,8
2029,1,8
4805,5,8
2693,6,8
2090,7,8
2913,9,8
2778,4,8
4147,0,8
299,4,8
2482,2,8
2364,0,8
2976,11,8
2158,2,8
920,11,8
3988,2,8
1350,11,8
3067,2,8
3510,11,8
4207,1,8
2192,1,8
4156,1,8
4526,1,8
1078,1,8
366,1,8
3065,1,8
1510,1,8
4581,1,8
4560,1,8
1268,1,8
2170,1,8
1298,0,9
2749,3,9
3020,12,9
3672,5,9
2788,6,9
3604,9,9
835,12,9
1869,6,9
2461,7,9
809,8,9
3008,5,9
565,9,9
1504,4,9
73,10,9
1637,1,9
2334,1,9
879,12,9
4736,3,9
2861,6,9
832,8,9
2079,9,9
2248,10,9
2416,3,9
3143,7,9
1568,5,9
2260,12,9
1481,6,9
3485,8,9
1816,0,9
2249,4,9
190,10,9
2955,1,9
2823,9,9
2222,12,9
2646,3,9
4825,6,9
3905,7,9
4578,8,9
986,3,9
3392,9,9
3812,5,9
4406,10,9
2556,7,9
374,0,9
3454,8,9
1651,4,9
1087,3,9
638,5,9
4867,7,9
1805,1,9
3552,0,9
4139,4,9
1967,5,9
3431,7,9
213,0,9
4135,4,9
1080,5,9
2181,1,9
170,0,9
1670,1,9
4301,4,9
3271,0,9
4190,6,9
155,10,9
4023,0,9
2868,0,9
2994,8,9
2005,7,9
2185,1,9
4433,1,9
4273,1,9
2662,1,9
1997,1,9
1624,1,9
2252,1,9
1466,1,9
123,1,9
4288,1,9
3776,1,9
3981,1,9
1038,12,9
2564,9,9
924,1,9
4776,1,9
2854,1,9
4898,12,10
20,6,10
4988,9,10
4911,10,10
3169,12,10
4744,3,10
4105,5,10
3180,6,10
1719,0,10
3204,8,10
77,9,10
842,1,10
148,10,10
3254,12,10
1684,3,10
1420,6,10
375,8,10
792,9,10
1709,10,10
4453,3,10
4790,6,10
2898,7,10
642,8,10
3053,10,10
787,0,10
147,0,10
1678,0,10
4666,0,10
923,0,10
3368,0,10
1545,0,10
1443,0,10
4194,0,10
3201,0,10
4237,0,10
2580,1,10
578,1,10
2344,0,10
2233,0,10
1231,0,10
4061,0,10
4893,12,10
2122,0,10
3744,0,10
593,1,10
4611,1,10
714,9,10
1907,0,10
2273,0,10
3765,1,10
4741,1,10
436,1,10
1715,0,10
1065,1,10
4965,0,10
4739,1,10
4562,1,10
4383,1,10
3096,1,10
2299,1,10
2926,0,10
3040,1,10
1368,1,10
1141,1,10
1621,1,10
491,1,10
4185,0,11
1205,2,11
8,9,11
3006,12,11
1306,0,11
3090,0,11
887,0,11
63,0,11
3274,0,11
2050,0,11
250,0,11
550,0,11
2013,0,11
2903,0,11
100,0,11
2763,0,11
75,0,11
2637,0,11
4033,0,11
4024,1,11
542,0,11
4582,0,11
4793,0,11
3910,0,11
1548,0,11
2555,0,11
313,0,11
3355,1,11
993,0,11
283,0,11
4606,0,11
873,0,11
2501,0,11
1286,0,11
1202,0,11
3559,0,11
3197,0,11
3159,0,11
2812,0,11
4509,0,11
506,0,11
3728,0,11
4915,0,11
3463,0,11
4223,0,11
2367,0,11
3666,0,11
4871,0,11
2279,0,11
3325,0,11
4328,0,11
3898,0,11
4813,0,11
2826,0,11
2825,0,11
4514,0,11
2453,0,11
1369,0,11
1272,0,11
2137,0,11
4803,0,11
52,1,11
2348,0,11
2974,1,11
277,1,11
3068,1,11
640,1,11
3478,1,11
4372,1,11
3442,1,11
3313,1,11
703,1,11
1962,0,11
2283,0,11
1864,0,11
4543,0,11
3527,1,11
4263,3,12
510,5,12
1590,0,12
4234,0,12
172,0,12
612,1,12
3297,0,12
1698,0,12
3443,0,12
2806,0,12
4168,1,12
647,0,12
3733,0,12
438,0,12
4830,0,12
1460,0,12
4791,0,12
3433,0,12
4067,0,12
348,0,12
2663,0,12
116,0,12
4376,0,12
4784,0,12
2843,0,12
1638,0,12
870,0,12
3640,0,12
2925,0,12
85,0,12
2099,0,12
4021,0,12
2466,1,12
4431,0,12
1739,0,12
2039,1,12
2495,0,12
1860,0,12
4294,0,12
3147,0,12
840,1,12
4112,1,12
1252,0,12
767,0,12
2731,0,12
4804,0,12
2477,0,12
2134,0,12
119,0,12
1729,0,12
225,0,12
2317,0,12
1312,0,12
2865,0,12
242,0,12
2498,0,12
3189,1,12
2234,0,12
1574,0,12
2872,0,12
3112,0,12
364,0,12
62,0,12
379,1,12
775,1,12
4160,1,12
4969,1,12
4324,1,12
3152,1,12
1521,1,12
4348,1,12
396,1,12
400,1,12
1682,1,12
1668,1,12
4641,1,12
3434,1,12
617,1,13
3991,0,13
2440,0,13
4585,0,13
3171,0,13
667,0,13
2305,0,13
47,0,13
2345,0,13
2062,0,13
3293,0,13
1039,0,13
3206,0,13
2734,0,13
1093,0,13
804,0,13
3157,0,13
1118,0,13
1289,0,13
2071,0,13
3707,0,13
3464,0,13
1599,0,13
3697,0,13
1783,0,13
1876,0,13
234,0,13
4634,0,13
3312,0,13
2589,0,13
568,0,13
2733,0,13
4213,0,13
3802,0,13
2470,0,13
236,0,13
4149,0,13
3586,0,13
1057,0,13
2479,0,13
3743,0,13
2267,0,13
1547,0,13
594,0,13
4901,0,13
4556,1,13
2705,1,13
1884,0,13
3856,1,13
3877,0,13
99,1,13
1203,0,13
4044,0,13
2781,0,13
1042,0,13
127,0,13
485,0,13
540,1,13
898,0,13
4662,0,13
1099,1,13
3614,1,13
2609,1,13
1518,0,13
1823,1,13
1701,1,13
3545,0,13
4366,1,13
1050,1,13
4391,1,13
1809,1,13
4513,1,13
3134,1,13
458,1,13
3050,9,14
3598,2,14
2515,2,14
1912,2,14
128,2,14
3468,2,14
372,2,14
2709,2,14
3723,2,14
1318,4,14
3182,2,14
610,0,14
3452,0,14
3175,0,14
2175,0,14
788,0,14
1233,0,14
569,0,14
3346,0,14
3921,0,14
97,0,14
1243,0,14
4233,0,14
290,0,14
3669,0,14
4648,0,14
730,0,14
2960,0,14
3211,1,14
654,0,14
2944,0,14
144,0,14
2822,0,14
3663,0,14
3787,0,14
3405,0,14
1063,0,14
644,0,14
3609,0,14
2254,0,14
2736,0,14
335,0,14
3875,0,14
4889,0,14
1056,0,14
2421,0,14
1527,0,14
4980,0,14
4892,0,14
1349,0,14
3032,0,14
2750,0,14
3866,0,14
2096,1,14
4467,1,14
4303,1,14
2975,1,14
4944,1,14
2986,1,14
1137,0,14
619,1,14
1092,1,14
3098,1,14
1288,1,14
352,1,14
563,1,14
3012,1,14
1411,1,14
862,1,14
196,1,14
3172,1,14
790,0,15
2983,0,15
4993,0,15
266,0,15
1058,0,15
191,0,15
584,0,15
3700,0,15
426,0,15
2388,0,15
3652,0,15
4152,0,15
1278,0,15
2215,0,15
2266,0,15
2563,0,15
103,0,15
3218,0,15
315,0,15
2101,0,15
4622,0,15
1578,0,15
4868,0,15
4732,0,15
4085,0,15
3224,0,15
2830,0,15
3887,0,15
3214,0,15
2977,0,15
3149,0,15
3729,0,15
3574,0,15
3739,0,15
791,0,15
2106,0,15
1848,0,15
4675,0,15
3591,0,15
125,1,15
3770,0,15
1301,0,15
1166,0,15
1112,0,15
3164,0,15
3216,0,15
955,0,15
2747,0,15
1932,0,15
3349,0,15
885,1,15
849,0,15
987,1,15
4866,0,15
3773,1,15
175,1,15
1263,1,15
2623,1,15
3413,1,15
4030,0,15
3726,1,15
2021,1,15
1026,0,15
2867,1,15
938,1,15
2910,1,15
2378,1,15
1837,1,15
1489,1,15
4332,1,15
2268,1,15
2086,1,15
4107,1,15
539,1,15
2681,1,16
185,1,16
4876,1,16
2634,8,16
3917,1,16
4900,1,16
3772,1,16
1145,0,16
19,0,16
4919,0,16
833,0,16
3341,0,16
4331,0,16
2538,0,16
4951,0,16
2935,0,16
2934,0,16
3047,0,16
850,0,16
3423,0,16
2412,1,16
1544,1,16
2111,1,16
4673,0,16
2653,0,16
608,0,16
221,0,16
2907,0,16
1524,0,16
4787,0,16
1716,0,16
1784,0,16
4037,0,16
3089,0,16
4897,0,16
2399,0,16
605,0,16
1736,0,16
354,0,16
2451,0,16
1131,0,16
3011,0,16
2057,0,16
1555,0,16
1440,0,16
4290,0,16
2645,0,16
3438,0,16
3636,0,16
1774,0,16
680,0,16
1978,0,16
60,0,16
530,0,16
625,0,16
2409,0,16
4699,0,16
548,0,16
4115,0,16
4852,1,16
4955,1,16
2651,1,16
4967,1,16
2358,0,16
1663,1,16
1648,1,16
3114,1,16
1083,1,16
4608,1,16
4926,1,16
505,1,16
3290,1,16
3962,1,16
1871,0,16
3611,1,16
2074,1,16
4620,1,16
4546,1,16
735,1,16
4248,1,16
4678,9,17
336,1,17
2996,1,17
409,1,17
1810,1,17
2716,1,17
1117,1,17
1570,1,17
4654,9,17
4966,9,17
3482,0,17
497,0,17
1316,0,17
18,0,17
2502,0,17
1567,0,17
1196,0,17
4698,0,17
341,0,17
4631,0,17
4729,0,17
525,0,17
1497,0,17
3208,0,17
2669,0,17
1902,0,17
3581,0,17
4111,0,17
3238,0,17
494,0,17
4311,0,17
4807,0,17
1028,0,17
3358,0,17
507,0,17
3481,0,17
2034,0,17
3633,0,17
4141,0,17
3865,0,17
929,0,17
4823,0,17
1979,0,17
3529,0,17
1840,0,17
1720,0,17
4123,0,17
741,0,17
2387,0,17
4639,0,17
4439,0,17
591,0,17
2933,0,17
1456,0,17
322,0,17
4470,0,17
4775,0,17
3679,0,17
2152,0,17
3501,0,17
2040,0,17
1641,0,17
559,0,17
2740,0,17
1667,1,17
3330,0,17
553,1,17
3664,1,17
2285,1,17
1324,1,17
4035,0,17
488,1,17
1250,1,17
1340,1,17
2423,1,17
3028,0,17
3195,1,17
3281,1,17
3718,1,17
4566,1,17
1096,1,17
2291,1,17
4170,1,17
1707,1,17
682,1,17
146,1,17
1326,1,17
1996,1,17
368,1,17
1953,1,17
3092,1,17
3746,1,18
422,9,18
419,0,18
674,1,18
2309,0,18
3543,0,18
4987,0,18
2206,0,18
1895,0,18
2700,0,18
598,0,18
1830,0,18
1193,0,18
2407,0,18
65,0,18
1173,0,18
55,0,18
3130,0,18
199,0,18
2896,0,18
731,0,18
4229,0,18
4062,0,18
4442,0,18
1652,0,18
586,0,18
672,0,18
3451,0,18
4471,0,18
1636,0,18
2613,0,18
906,0,18
3519,0,18
555,0,18
3381,0,18
3536,0,18
2100,0,18
1603,0,18
4887,0,18
2565,0,18
557,0,18
2707,0,18
4088,0,18
4670,0,18
844,0,18
4945,0,18
676,0,18
3969,0,18
3174,0,18
3099,1,18
3496,1,18
3300,1,18
4950,0,18
4001,0,18
3257,1,18
3418,1,18
4095,1,18
486,0,18
484,1,18
3784,1,18
1585,1,18
1874,1,18
2632,1,18
1290,1,18
893,4,19
1221,5,19
133,11,19
1441,0,19
4572,0,19
2431,0,19
3715,0,19
1187,0,19
267,1,19
820,0,19
1220,0,19
3376,1,19
2635,0,19
1699,0,19
2238,1,19
2626,0,19
2295,0,19
717,0,19
4500,0,19
4593,0,19
2089,0,19
145,0,19
1225,0,19
3980,0,19
3904,0,19
1114,0,19
1273,0,19
3863,0,19
4718,0,19
4175,0,19
4390,0,19
431,0,19
4636,0,19
533,0,19
2539,0,19
831,0,19
4745,0,19
4158,0,19
838,0,19
3133,0,19
1001,0,19
1321,0,19
1132,0,19
4709,0,19
2018,0,19
2110,0,19
2730,0,19
3253,0,19
4172,0,19
1952,0,19
28,0,19
4491,0,19
1342,0,19
3138,0,19
1158,0,19
1313,1,19
2579,1,19
3637,0,19
2417,1,19
1873,1,19
2838,0,19
258,1,19
819,1,19
4180,1,19
2562,0,19
3120,1,19
2269,1,19
1870,0,19
4663,1,19
3960,1,19
2701,1,19
2633,0,19
1474,1,19
3480,1,19
3168,1,19
2006,10,20
4043,6,20
2059,2,20
4704,10,20
4368,9,20
4978,0,20
947,0,20
1389,0,20
2253,0,20
538,0,20
3269,0,20
3918,0,20
2899,0,20
1572,0,20
4928,0,20
4479,0,20
2009,0,20
2989,0,20
2841,0,20
930,0,20
3622,0,20
3936,0,20
4731,1,20
2727,0,20
3495,0,20
1513,0,20
2688,0,20
1899,0,20
4788,0,20
904,0,20
2277,0,20
3365,0,20
3295,0,20
4480,0,20
4842,0,20
3946,0,20
4778,0,20
534,0,20
1072,0,20
4326,0,20
3632,0,20
4400,1,20
3083,1,20
3681,0,20
2016,1,20
728,0,20
1673,0,20
2492,0,20
3925,0,20
4940,0,20
1426,1,20
2878,0,20
4629,0,20
623,0,20
253,0,20
4936,0,20
511,0,20
4635,0,20
4532,0,20
2293,1,20
1655,0,20
4084,1,20
1760,1,20
4910,1,20
1811,1,20
4882,1,20
1191,1,20
3641,1,20
4797,1,20
4441,1,20
3712,1,20
4697,1,20
4924,1,20
4316,0,20
574,0,20
3820,1,20
800,1,20
2363,1,20
2683,1,20
46,1,20
1059,1,20
3128,1,20
3411,1,20
3538,1,20
4338,1,20
344,1,20
1519,1,20
874,1,20
4428,1,20
3821,1,20
235,1,20
2491,1,20
3738,9,21
2230,0,21
91,0,21
528,0,21
326,0,21
4395,0,21
671,0,21
4110,0,21
2124,0,21
456,0,21
724,0,21
12,0,21
2209,0,21
168,0,21
1851,0,21
3476,0,21
684,0,21
3122,0,21
3465,0,21
2810,0,21
3307,0,21
2726,0,21
1457,0,21
4197,0,21
2660,0,21
4874,0,21
3616,0,21
3148,0,21
3926,0,21
1154,0,21
498,0,21
964,0,21
2196,0,21
1071,0,21
2957,0,21
1565,0,21
2353,0,21
4215,0,21
1260,1,21
4449,0,21
3035,0,21
1949,0,21
4065,0,21
1188,0,21
4361,1,21
4346,0,21
1036,0,21
3441,0,21
3426,0,21
3301,0,21
2905,1,21
1373,1,21
3647,0,21
1410,0,21
1464,0,21
1660,1,21
936,1,21
1275,1,21
2255,1,21
138,1,21
1409,1,21
0,0,21
3103,1,21
350,1,21
4747,1,21
1477,0,21
2629,0,21
3989,1,21
4126,1,21
3615,1,21
4568,2,22
96,2,22
1653,2,22
1385,2,22
1086,0,22
1181,0,22
2786,0,22
435,0,22
4895,0,22
3387,0,22
2943,0,22
2004,0,22
2546,0,22
4098,0,22
3935,0,22
4575,0,22
347,0,22
2884,0,22
3840,0,22
1496,0,22
822,0,22
918,0,22
4810,0,22
2355,0,22
1987,0,22
4512,0,22
710,0,22
2600,0,22
3402,0,22
852,0,22
111,0,22
4618,0,22
2494,0,22
1157,0,22
1893,0,22
4986,0,22
665,0,22
1297,0,22
2836,0,22
1806,0,22
3685,0,22
576,0,22
3892,0,22
4236,0,22
599,0,22
611,0,22
515,0,22
51,0,22
3222,0,22
1639,0,22
4279,0,22
1235,1,22
4462,1,22
1947,1,22
3995,1,22
3302,1,22
3658,1,22
2526,1,22
1807,1,22
1282,1,22
3261,11,23
2173,11,23
2133,11,23
376,0,23
198,0,23
4298,0,23
1047,0,23
2924,0,23
1146,0,23
4828,0,23
1378,0,23
2583,0,23
1089,0,23
2217,0,23
3079,0,23
2649,0,23
3391,0,23
4360,0,23
2032,0,23
3730,0,23
1294,0,23
1773,0,23
2228,0,23
1596,0,23
1242,0,23
1421,0,23
1192,0,23
3372,0,23
4028,0,23
4494,0,23
1143,0,23
1124,0,23
1935,0,23
3470,0,23
1721,0,23
4349,0,23
1593,0,23
340,0,23
4522,0,23
2818,0,23
3873,0,23
968,0,23
4721,0,23
3373,0,23
3950,0,23
1238,0,23
1969,0,23
3902,0,23
3046,0,23
1898,0,23
4475,0,23
602,1,23
523,1,23
1677,1,23
4667,1,23
3951,1,23
3178,1,23
4402,1,23
3612,1,23
3318,1,23
3176,1,23
2075,1,23
4418,1,23
3352,1,23
1248,1,23
2218,1,23
1068,1,23
2706,1,23
4525,1,23
3342,1,23
3747,2,24
2335,1,24
2850,0,24
1865,0,24
1759,0,24
3895,0,24
4277,0,24
4018,0,24
4040,1,24
4444,0,24
513,0,24
1019,0,24
1534,0,24
421,0,24
270,0,24
3955,0,24
420,0,24
2073,0,24
274,0,24
228,0,24
1483,0,24
2436,0,24
2244,0,24
3942,0,24
248,0,24
3007,0,24
2455,0,24
3278,0,24
2547,0,24
3267,0,24
388,0,24
1150,0,24
2760,0,24
662,0,24
1661,0,24
1619,0,24
142,0,24
663,0,24
521,0,24
3277,0,24
3724,0,24
1761,0,24
4167,0,24
454,1,24
2138,1,24
683,0,24
4443,0,24
3808,0,24
4811,0,24
1159,0,24
4265,0,24
562,1,24
2728,0,24
1353,0,24
970,0,24
2917,0,24
4469,1,24
1364,1,24
3118,1,24
1255,1,24
4337,1,24
1005,1,24
2022,1,24
2088,1,24
1431,1,24
2704,1,24
3992,0,24
1133,1,24
2603,1,24
1213,1,24
4082,1,24
2559,1,24
3595,1,24
3105,1,24
4619,1,24
3687,0,24
4259,1,24
169,5,25
132,12,25
813,5,25
583,12,25
2486,5,25
4048,0,25
212,0,25
931,0,25
260,0,25
4696,0,25
1363,0,25
3489,0,25
233,0,25
1008,0,25
4355,0,25
4272,0,25
1199,0,25
1802,0,25
1102,0,25
861,0,25
4179,0,25
1236,0,25
1476,0,25
245,0,25
2301,0,25
2456,0,25
4770,0,25
973,0,25
4792,0,25
3628,0,25
2259,0,25
4100,0,25
3412,0,25
2001,0,25
4627,0,25
759,0,25
1455,0,25
1502,0,25
977,0,25
4436,0,25
4589,0,25
786,0,25
4548,0,25
3488,0,25
2630,0,25
4550,0,25
4761,0,25
3137,0,25
5,0,25
1396,0,25
3115,0,25
2672,0,25
3072,0,25
1957,0,25
1435,0,25
3639,0,25
4063,0,25
4789,0,25
4498,0,25
858,1,25
3449,1,25
1296,1,25
3123,1,25
2655,1,25
2085,1,25
2286,1,25
1610,1,25
2443,0,25
1798,1,25
1470,1,25
1553,1,25
3813,1,25
556,1,25
3755,1,25
1109,1,25
230,1,25
3390,1,25
634,1,25
3059,1,25
192,1,25
167,0,26
297,0,26
4623,0,26
3018,0,26
609,0,26
4334,0,26
2858,0,26
4020,0,26
4007,0,26
279,0,26
151,0,26
4856,0,26
1536,0,26
1882,0,26
4013,1,26
632,0,26
4169,0,26
2573,0,26
2921,0,26
3716,0,26
4230,0,26
961,0,26
725,0,26
2496,0,26
1842,0,26
2615,0,26
3908,0,26
2851,0,26
4166,0,26
3566,0,26
1095,0,26
2155,0,26
4078,0,26
4398,0,26
747,0,26
1725,0,26
3239,0,26
1160,0,26
3467,0,26
1704,0,26
2671,0,26
2516,0,26
3984,0,26
1206,0,26
1993,1,26
4146,1,26
4669,1,26
452,0,26
1786,1,26
2373,1,26
793,1,26
4845,1,26
1755,1,26
434,1,26
1265,1,26
367,1,26
1223,1,26
1022,0,26
2091,1,26
1256,1,26
334,1,26
4388,0,26
3661,1,26
4538,1,26
3756,1,27
3968,0,27
4454,0,27
2711,0,27
4997,0,27
2604,0,27
3608,0,27
818,0,27
3088,0,27
2140,0,27
2798,0,27
2995,0,27
1740,0,27
859,0,27
3319,0,27
1427,0,27
1644,0,27
707,0,27
1472,0,27
3861,0,27
1105,0,27
202,0,27
1007,0,27
1951,0,27
1386,0,27
1948,0,27
4903,0,27
2581,0,27
4864,0,27
1395,0,27
953,0,27
1756,0,27
3798,0,27
948,0,27
40,0,27
2587,0,27
1681,0,27
4430,0,27
4319,0,27
1776,0,27
4875,0,27
3577,0,27
4079,0,27
3456,0,27
3952,0,27
30,0,27
2824,0,27
4151,0,27
1906,0,27
4772,0,27
4655,0,27
2874,0,27
2339,0,27
2999,0,27
1916,0,27
1344,0,27
2394,0,27
3262,0,27
4764,0,27
3210,0,27
3460,1,27
1705,1,27
1366,1,27
3151,1,27
3648,1,27
444,1,27
3430,0,27
595,1,27
2350,1,27
2772,1,27
4006,1,27
3602,1,27
4653,1,27
3051,1,27
3396,1,27
4835,1,27
2338,1,27
527,1,27
3694,2,28
3477,0,28
876,0,28
1337,0,28
3749,0,28
2945,0,28
4008,0,28
3447,0,28
4518,0,28
380,0,28
3457,0,28
243,0,28
649,0,28
3191,0,28
3857,0,28
4535,0,28
2985,0,28
2739,0,28
337,0,28
3868,0,28
1438,0,28
3606,0,28
2665,0,28
1002,0,28
3366,0,28
2131,0,28
2425,0,28
4517,0,28
1234,0,28
1601,0,28
2873,0,28
2980,0,28
1679,1,28
3752,0,28
4780,0,28
3348,0,28
59,0,28
1780,0,28
1467,0,28
2082,0,28
468,0,28
126,0,28
3416,0,28
4477,0,28
204,0,28
732,0,28
1495,1,28
666,0,28
903,0,28
222,0,28
1724,0,28
1403,0,28
971,0,28
2816,0,28
117,0,28
3294,1,28
2148,1,28
3775,1,28
2890,1,28
3039,1,28
2113,1,28
2642,1,28
263,1,28
34,1,28
3572,1,28
1629,1,28
2382,1,28
3165,1,28
2752,1,28
178,1,28
1292,1,28
3192,1,28
1182,1,28
1858,1,28
1933,1,28
2511,1,28
3803,1,28
69,1,28
3209,1,28
2831,1,28
4452,1,29
2692,12,29
1711,7,29
1227,0,29
483,5,29
466,0,29
3601,0,29
629,1,29
1790,0,29
1984,0,29
836,0,29
1640,0,29
3562,0,29
4737,0,29
3725,0,29
2292,0,29
3379,0,29
153,0,29
3283,0,29
3949,0,29
2331,0,29
1991,0,29
3732,0,29
3173,0,29
3945,0,29
543,0,29
206,0,29
1532,0,29
3526,0,29
214,0,29
4427,0,29
4711,0,29
4212,0,29
691,0,29
4872,0,29
1717,0,29
3486,0,29
3326,0,29
356,0,29
3654,0,29
1800,0,29
29,0,29
3232,0,29
129,0,29
3101,0,29
700,0,29
4857,0,29
4281,0,29
4208,0,29
42,0,29
447,0,29
3841,0,29
4187,0,29
755,0,29
4321,0,29
3034,0,29
1571,1,29
4999,1,29
3163,1,29
4487,1,29
3657,1,29
4534,1,29
3541,1,29
2534,1,29
2114,1,29
3161,1,29
1507,1,29
4862,1,29
4687,1,29
3530,1,29
1964,1,29
84,0,29
1843,1,29
39,1,29
4991,1,29
3766,1,29
4087,0,29
4621,1,29
585,1,29
810,1,29
2038,1,29
1764,2,30
1676,0,30
4134,0,30
3094,0,30
3998,0,30
2832,0,30
3932,0,30
1060,0,30
4411,0,30
2829,0,30
4531,0,30
3624,0,30
2519,0,30
1985,0,30
3533,0,30
4819,0,30
259,0,30
1745,0,30
1582,0,30
1499,0,30
4756,0,30
1244,0,30
950,0,30
194,0,30
1813,0,30
1475,0,30
218,0,30
188,0,30
32,0,30
738,0,30
1888,0,30
3520,0,30
1905,0,30
343,0,30
2342,0,30
3386,0,30
2951,0,30
50,0,30
927,0,30
156,0,30
3504,0,30
1722,0,30
2313,0,30
3880,0,30
2061,0,30
2205,0,30
686,0,30
1334,0,30
3896,0,30
1153,0,30
3505,1,30
4929,0,30
4706,1,30
2549,1,30
4302,1,30
990,0,30
643,1,30
4515,1,30
520,1,30
2569,1,30
4573,1,30
3698,1,30
2204,0,30
1854,1,30
1051,0,30
866,1,30
4544,1,30
3420,1,30
926,1,30
3003,1,30
4196,1,30
3836,8,31
4403,8,31
4633,5,31
2591,11,31
3704,8,31
2308,0,31
4345,0,31
1941,0,31
4899,0,31
3026,0,31
1726,0,31
2056,0,31
969,0,31
4844,0,31
597,0,31
1549,0,31
944,0,31
1037,0,31
3367,0,31
1391,0,31
1240,0,31
226,0,31
2852,0,31
3266,0,31
3382,0,31
2298,0,31
3019,0,31
1914,0,31
1176,0,31
4590,0,31
1020,0,31
320,0,31
93,0,31
1779,0,31
645,0,31
3580,0,31
2782,0,31
1098,0,31
3002,0,31
2256,0,31
3268,0,31
1738,0,31
3590,0,31
2525,0,31
3145,0,31
4917,0,31
2435,0,31
4716,0,31
4520,1,31
1767,0,31
1062,1,31
939,0,31
203,0,31
2469,0,31
1430,0,31
570,1,31
3642,0,31
2714,0,31
4783,0,31
1943,0,31
1868,1,31
2702,1,31
2544,1,31
526,1,31
3702,1,31
3705,1,31
4258,1,31
1222,1,31
1201,1,31
4341,1,31
3607,1,31
293,1,31
1070,1,31
3332,1,31
1125,1,31
1587,1,31
2368,1,31
4005,1,31
3022,1,31
2895,10,32
659,10,32
4422,0,32
2223,2,32
2383,0,32
3280,0,32
3758,0,32
3228,0,32
2950,0,32
3781,0,32
4679,0,32
4859,0,32
4318,0,32
4209,0,32
2447,0,32
4607,0,32
3374,0,32
2528,0,32
2432,0,32
2541,0,32
4640,0,32
514,0,32
157,0,32
1694,0,32
1992,0,32
4178,0,32
2685,0,32
455,0,32
3564,0,32
4782,0,32
4314,0,32
4849,0,32
2956,0,32
3259,0,32
3010,0,32
1393,0,32
1372,0,32
2017,1,32
4074,0,32
4455,0,32
4554,0,32
4320,0,32
4109,0,32
806,0,32
37,0,32
4447,0,32
2990,0,32
4173,0,32
1269,0,32
4271,0,32
1950,1,32
1891,1,32
770,1,32
3911,1,32
3493,1,32
2201,1,32
664,1,32
4353,1,32
2392,0,32
2084,0,32
4952,1,32
1617,0,32
2859,0,32
1473,1,32
4773,0,32
2437,1,32
3954,9,33
3075,10,33
2937,0,33
2476,0,33
2661,0,33
2132,0,33
1517,0,33
3483,0,33
3124,0,33
487,0,33
2699,0,33
1623,0,33
4968,0,33
3113,0,33
3070,0,33
1808,0,33
301,0,33
2385,0,33
4136,0,33
743,0,33
2794,0,33
2879,0,33
219,0,33
3160,0,33
2351,0,33
3594,0,33
2648,0,33
4437,0,33
2712,0,33
837,0,33
1769,0,33
2450,0,33
2753,0,33
3506,0,33
397,0,33
4413,0,33
2748,0,33
896,0,33
3286,0,33
3852,0,33
2552,0,33
1936,0,33
3357,0,33
74,0,33
1123,0,33
3546,0,33
1702,0,33
2193,0,33
2857,0,33
3453,0,33
1262,0,33
1016,0,33
121,0,33
2400,0,33
106,0,33
496,0,33
4985,0,33
848,0,33
1305,1,33
3692,1,33
4769,1,33
4034,1,33
4982,1,33
951,1,33
4255,0,33
3350,1,33
2673,1,33
517,1,33
3400,1,33
1697,1,33
1027,1,33
108,1,33
249,1,33
2695,1,33
2888,1,33
760,1,33
2791,1,33
3132,0,34
318,8,34
3846,9,34
2973,0,34
2594,0,34
3129,0,34
1358,0,34
389,0,34
1309,0,34
996,0,34
3333,0,34
3198,0,34
4047,0,34
2154,0,34
1388,0,34
2531,0,34
2742,0,34
878,0,34
4280,0,34
3778,0,34
3242,0,34
4943,0,34
9,0,34
1064,0,34
256,0,34
3437,0,34
346,0,34
4251,0,34
2347,0,34
777,0,34
3583,0,34
3263,0,34
1136,0,34
2800,0,34
4645,0,34
1053,0,34
1646,0,34
4701,0,34
1856,0,34
4577,0,34
3804,0,34
244,0,34
4260,0,34
4508,0,34
2398,0,34
2072,0,34
4822,0,34
3565,1,34
3321,1,34
2489,0,34
1365,0,34
4226,1,34
2007,0,34
4164,0,34
453,0,34
1657,0,34
4586,0,34
4649,1,34
753,0,34
4843,1,34
448,0,34
1101,0,34
4228,0,34
3560,0,34
2471,1,34
4378,1,34
1327,1,34
2297,1,34
4181,1,34
2130,1,34
1889,1,34
1523,1,34
2231,1,34
3767,1,34
2805,1,34
2914,1,34
3645,0,34
765,0,34
4060,1,34
751,1,34
1546,1,34
2793,1,34
4094,1,34
4694,1,34
2117,1,34
3095,0,35
3971,0,35
464,9,35
915,0,35
2212,0,35
1575,0,35
1414,0,35
4456,0,35
49,0,35
4464,0,35
4891,0,35
994,0,35
653,0,35
2314,0,35
3141,0,35
692,0,35
2446,0,35
4270,0,35
193,0,35
3410,0,35
4057,0,35
1218,0,35
2729,0,35
3838,0,35
3378,0,35
3048,0,35
3958,0,35
3109,0,35
4734,0,35
136,0,35
1768,0,35
2684,0,35
4939,0,35
2454,0,35
3078,0,35
4434,0,35
2679,0,35
310,0,35
4763,0,35
3618,0,35
847,0,35
4327,0,35
3970,0,35
1908,0,35
1479,0,35
727,0,35
2064,0,35
4749,0,35
2967,0,35
1877,0,35
465,0,35
3251,0,35
4617,0,35
4831,0,35
1757,0,35
2510,0,35
615,0,35
4310,0,35
1033,0,35
1338,0,35
564,0,35
1090,0,35
4484,0,35
80,0,35
3585,0,35
1006,0,35
3923,1,35
4920,1,35
3801,1,35
1172,0,35
1600,1,35
4832,0,35
120,1,35
3045,1,35
532,1,35
3409,1,35
4162,1,35
3849,1,35
3377,1,35
1560,1,35
2142,1,35
785,1,35
87,1,35
1257,0,35
552,8,36
4424,0,36
502,0,36
1428,0,36
853,0,36
2958,0,36
311,0,36
2718,0,36
4056,0,36
459,0,36
1535,0,36
4576,0,36
1879,0,36
1239,0,36
2080,0,36
1013,0,36
4296,0,36
4382,0,36
3788,0,36
2198,0,36
3829,0,36
1073,0,36
2906,0,36
3359,0,36
4983,0,36
4863,0,36
1055,0,36
307,0,36
1498,0,36
314,0,36
3425,0,36
2939,0,36
1381,0,36
1814,0,36
3153,0,36
2625,0,36
3621,0,36
673,0,36
4161,0,36
4199,0,36
4757,0,36
1910,0,36
4569,0,36
4740,0,36
4016,0,36
3809,0,36
905,0,36
1463,0,36
1913,0,36
3759,0,36
387,0,36
2984,0,36
408,0,36
4888,1,36
1880,1,36
2949,1,36
1049,1,36
1980,1,36
3848,0,36
603,1,36
3044,1,36
3912,1,36
300,1,36
3252,1,36
2404,1,36
2612,1,36
922,1,36
4730,1,36
1170,1,36
2384,1,36
3796,1,36
1061,0,36
3308,0,36
1958,5,37
2380,9,37
992,5,37
4754,5,37
1689,5,37
957,0,37
3265,0,37
3106,0,37
2183,0,37
4802,0,37
4132,0,37
4268,0,37
2250,1,37
4050,0,37
4257,0,37
415,0,37
2463,0,37
1540,0,37
3000,0,37
1734,0,37
1347,0,37
4542,0,37
984,0,37
4145,0,37
4183,0,37
1818,0,37
2184,0,37
4647,0,37
2991,0,37
3021,0,37
2390,0,37
1355,0,37
3264,0,37
1583,0,37
58,0,37
2208,0,37
1981,0,37
4404,0,37
871,0,37
708,0,37
2969,0,37
4046,0,37
209,0,37
1014,0,37
3414,0,37
1792,0,37
88,0,37
2522,0,37
769,0,37
3893,0,37
4099,0,37
4393,0,37
4660,1,37
2213,1,37
1264,1,37
2483,1,37
4818,1,37
1379,1,37
309,1,37
701,1,37
3660,1,37
1576,1,37
508,1,37
3017,1,37
1075,1,37
4959,1,37
3894,1,37
764,1,37
1021,1,37
2026,1,37
3959,1,37
500,1,37
2376,8,38
224,5,38
2332,0,38
972,0,38
480,0,38
4220,0,38
4624,0,38
295,0,38
3177,0,38
4364,0,38
1743,0,38
2264,0,38
3484,1,38
1579,0,38
3941,0,38
3832,0,38
4851,0,38
749,0,38
1821,0,38
1819,0,38
2542,0,38
4588,0,38
3975,0,38
2216,0,38
4674,0,38
4269,0,38
317,0,38
3771,0,38
2174,0,38
2641,1,38
4907,0,38
4051,0,38
1401,0,38
2160,0,38
2880,0,38
3085,0,38
942,0,38
1271,0,38
1664,0,38
1531,0,38
4367,0,38
1815,0,38
1512,1,38
4089,0,38
4873,0,38
1121,0,38
3203,0,38
2123,0,38
2769,1,38
4637,1,38
3843,1,38
983,1,38
2063,1,38
1035,1,38
4244,1,38
3957,1,38
1346,1,38
3889,1,38
2619,1,38
579,1,38
1164,1,38
4219,1,38
184,1,38
4335,1,38
208,1,38
1630,1,38
4261,1,38
3900,1,38
2042,6,39
2265,5,39
626,0,39
2893,0,39
2271,0,39
2406,0,39
4489,0,39
677,0,39
68,0,39
404,0,39
3947,0,39
4083,0,39
2472,0,39
3720,0,39
3789,0,39
1335,0,39
4614,0,39
472,0,39
2799,0,39
4977,0,39
651,0,39
2162,0,39
697,0,39
342,0,39
3990,0,39
371,0,39
462,0,39
182,0,39
4412,0,39
1418,0,39
3922,0,39
407,0,39
1462,0,39
1945,0,39
3077,0,39
1177,0,39
3424,0,39
808,0,39
2274,0,39
2156,0,39
4312,0,39
851,0,39
3081,0,39
2979,0,39
1746,0,39
3317,0,39
2723,0,39
4363,0,39
3347,0,39
254,0,39
3473,0,39
1863,1,39
1530,1,39
195,0,39
4583,1,39
369,1,39
592,1,39
2395,1,39
812,1,39
3831,0,39
3610,1,39
1766,0,39
3757,1,39
2176,1,39
2272,1,39
1354,1,39
4184,1,39
1516,1,39
1918,1,39
4104,0,39
1377,1,39
4264,1,39
4683,1,39
4410,1,39
750,1,40
2214,1,40
3049,0,40
4656,0,40
4235,0,40
1194,0,40
48,0,40
499,0,40
2968,0,40
1204,0,40
4225,0,40
1946,0,40
2145,0,40
134,0,40
1691,0,40
2408,0,40
4426,0,40
3890,0,40
1762,0,40
1493,0,40
4200,0,40
2758,0,40
3181,0,40
1041,0,40
201,0,40
516,0,40
4680,0,40
1631,0,40
2284,0,40
1862,0,40
3818,0,40
2229,0,40
3963,0,40
783,0,40
4504,0,40
3475,0,40
2780,0,40
3830,0,40
999,0,40
2721,0,40
1647,0,40
1897,0,40
4858,0,40
4003,0,40
164,0,40
4626,0,40
1909,0,40
3356,0,40
1461,0,40
6,0,40
1896,0,40
2325,0,40
4176,0,40
1130,0,40
3474,0,40
655,0,40
4753,1,40
2379,1,40
2157,1,40
4201,1,40
1314,1,40
2011,1,40
4913,0,40
1765,1,40
1609,1,40
308,1,40
1362,1,40
4120,1,40
2961,1,40
2290,1,40
4027,0,40
3343,1,40
89,1,40
4628,1,40
1514,1,40
2809,1,40
130,1,40
2904,1,40
211,8,41
1612,0,41
3001,0,41
2897,0,41
3696,0,41
2360,0,41
2708,0,41
1778,0,41
928,0,41
1938,0,41
888,0,41
173,0,41
3827,0,41
2807,0,41
3532,0,41
298,0,41
4717,0,41
239,0,41
3870,0,41
4794,0,41
3292,0,41
4010,0,41
2460,0,41
457,0,41
4905,0,41
2108,0,41
3965,0,41
4205,0,41
251,0,41
4921,0,41
449,0,41
1329,0,41
4093,0,41
913,0,41
2814,0,41
2900,0,41
860,0,41
1454,0,41
2952,0,41
3985,0,41
2386,0,41
2567,0,41
1341,0,41
503,0,41
2182,0,41
3104,0,41
2428,0,41
1127,0,41
373,0,41
3023,0,41
3213,0,41
4779,0,41
1161,0,41
282,0,41
702,1,41
2987,1,41
324,1,41
3799,0,41
417,1,41
4250,1,41
273,1,41
1731,1,41
2602,1,41
94,1,41
4392,1,41
1276,1,41
2504,1,41
2773,1,41
3185,1,41
3828,1,41
4397,1,41
3837,0,42
1303,0,42
3677,0,42
1881,0,42
4724,0,42
3886,0,42
1400,0,42
1515,0,42
3276,0,42
2165,0,42
1741,0,42
1219,0,42
1371,0,42
2894,0,42
2153,0,42
3245,0,42
1032,0,42
4765,0,42
4771,0,42
4541,0,42
685,0,42
3154,0,42
269,0,42
2195,0,42
2860,0,42
3140,0,42
3202,0,42
4809,0,42
2993,0,42
3256,0,42
4547,0,42
1693,0,42
3605,0,42
1894,0,42
3551,0,42
3944,0,42
4130,0,42
698,0,42
2738,0,42
4440,0,42
4300,0,42
1650,0,42
3469,0,42
2543,0,42
2028,0,42
2161,0,42
1241,0,42
220,0,42
4002,0,42
4077,0,42
3710,0,42
2670,0,42
1928,0,42
481,0,42
1402,0,42
3634,0,42
3291,1,42
4676,1,42
2741,1,42
740,1,42
1944,1,42
897,0,42
2191,1,42
92,1,42
3540,1,42
3810,1,42
3247,1,42
2560,1,42
2474,0,42
912,1,42
1471,1,42
476,1,42
4333,1,42
3741,1,42
1503,1,42
2481,1,42
2610,1,42
4483,1,42
3619,1,42
1103,1,42
3844,1,42
1573,11,43
4506,0,43
694,0,43
105,0,43
1066,0,43
2340,0,43
1408,0,43
22,0,43
821,0,43
3258,0,43
4934,0,43
693,0,43
941,0,43
4638,0,43
2509,0,43
358,0,43
2490,0,43
3588,0,43
2597,0,43
4247,0,43
2129,0,43
3084,0,43
124,0,43
1367,0,43
2908,0,43
3250,0,43
478,0,43
4340,0,43
3273,0,43
1626,0,43
2785,0,43
446,0,43
1185,0,43
1139,0,43
1995,0,43
489,0,43
1015,0,43
2263,0,43
3371,0,43
1270,0,43
4938,0,43
4252,0,43
2674,0,43
1009,0,43
1959,0,43
3097,0,43
4574,0,43
875,0,43
4834,0,43
3643,0,43
467,0,43
2354,0,43
1091,0,43
2240,0,43
3548,0,43
1781,0,43
2833,0,43
1795,0,43
1003,1,43
2219,1,43
1261,1,43
828,0,43
3656,1,43
475,1,43
2094,1,43
4432,1,43
2804,1,43
1799,1,43
4448,1,43
3062,1,43
1010,1,43
1976,1,43
4133,1,43
2808,1,43
3142,1,43
3080,1,43
4847,0,43
2311,1,43
3056,1,43
2801,10,44
2881,3,44
742,5,44
61,8,44
3517,0,44
1359,0,44
4496,0,44
1511,0,44
231,0,44
2527,0,44
3200,0,44
3513,0,44
1069,0,44
3375,0,44
2916,0,44
1088,0,44
716,1,44
940,0,44
2686,1,44
122,0,44
1285,0,44
2578,0,44
4612,0,44
70,0,44
402,0,44
4381,0,44
867,1,44
1339,0,44
4715,0,44
3310,0,44
3542,1,44
345,0,44
3385,0,44
4511,0,44
4127,0,44
4714,0,44
2008,0,44
1723,1,44
1961,0,44
3511,0,44
4827,0,44
2445,0,44
3753,0,44
4726,0,44
2171,0,44
1465,0,44
2327,1,44
4884,1,44
1458,1,44
2078,1,44
2150,1,44
150,1,44
1584,1,44
1542,1,44
41,1,44
370,1,44
357,1,44
3150,1,44
795,1,44
1200,1,44
1605,1,44
482,1,44
1291,1,44
2571,1,44
839,1,44
1643,1,44
287,1,44
3626,1,44
4460,1,44
1024,1,44
1998,1,44
2485,1,44
1977,1,44
3223,7,45
616,7,45
4521,7,45
3884,4,45
3727,4,45
3662,11,45
3966,12,45
2116,2,45
762,9,45
26,4,45
4241,0,45
4672,0,45
1604,0,45
4308,0,45
3107,0,45
332,0,45
4600,0,45
1750,0,45
2051,0,45
688,0,45
4059,0,45
1727,0,45
4438,0,45
2044,0,45
4530,0,45
2010,0,45
2052,0,45
2322,0,45
4499,0,45
4896,0,45
2636,0,45
4664,0,45
2931,0,45
3554,0,45
223,0,45
3235,0,45
1835,0,45
4343,0,45
278,0,45
383,0,45
4370,0,45
1212,0,45
2864,0,45
4646,0,45
3167,0,45
4066,0,45
2067,0,45
763,0,45
162,1,45
264,1,45
573,1,45
2561,1,45
3408,1,45
2954,1,45
3613,1,45
1886,1,45
3305,1,45
2717,1,45
3915,1,45
2892,1,45
1566,1,45
2505,1,45
650,1,45
1692,1,45
98,1,45
2370,1,45
4839,1,45
3537,1,45
4092,1,45
566,1,45
868,1,45
3316,1,45
4242,1,45
3288,1,45
865,0,45
3162,1,45
3859,1,45
305,1,45
4287,1,45
4689,3,46
2767,4,46
4414,0,46
4203,0,46
2756,0,46
737,0,46
3298,0,46
1999,0,46
385,0,46
3029,0,46
979,0,46
14,0,46
2765,0,46
621,0,46
1357,0,46
1627,0,46
4330,0,46
261,0,46
3255,0,46
378,0,46
3819,0,46
705,0,46
2940,1,46
4954,0,46
2981,0,46
978,0,46
2722,0,46
1279,0,46
3740,0,46
1308,0,46
766,0,46
3528,0,46
429,0,46
1230,0,46
3674,0,46
857,0,46
679,0,46
4553,0,46
2041,0,46
3042,0,46
114,0,46
3117,0,46
4188,0,46
4216,0,46
1824,1,46
2514,0,46
469,0,46
394,0,46
2169,0,46
3794,0,46
4570,1,46
633,0,46
4815,1,46
2795,1,46
4182,1,46
571,1,46
4157,1,46
2853,1,46
1564,1,46
907,1,46
3665,1,46
2419,1,46
165,1,46
2844,1,46
1,1,46
1434,1,46
1634,1,46
536,1,46
4329,1,46
288,1,46
636,10,47
4472,1,47
678,4,47
3156,4,47
4816,0,47
3587,0,47
3534,0,47
4960,0,47
2433,0,47
2621,0,47
3751,0,47
4299,0,47
995,0,47
2588,0,47
3673,0,47
3199,0,47
3961,0,47
512,0,47
4352,0,47
4702,0,47
3121,0,47
3179,0,47
607,0,47
1911,0,47
815,0,47
1551,0,47
2147,0,47
4155,0,47
509,0,47
398,0,47
3982,0,47
470,0,47
1343,0,47
3579,0,47
3502,0,47
7,0,47
2761,0,47
3631,0,47
2336,0,47
440,0,47
3217,0,47
734,0,47
2834,0,47
2235,0,47
3909,0,47
2889,0,47
2190,0,47
3553,0,47
3395,0,47
668,0,47
2912,0,47
2055,1,47
353,0,47
718,1,47
4481,1,47
4191,1,47
4759,1,47
3086,1,47
4041,1,47
479,1,47
113,1,47
2919,1,47
2743,1,47
2715,1,47
3760,1,47
3466,1,47
3364,1,47
2139,1,47
949,1,47
1703,1,47
2424,1,47
3600,1,47
57,1,47
3931,1,47
2676,0,47
3567,1,47
1883,1,47
4916,1,47
1931,1,47
4297,0,47
2978,1,47
3938,1,47
2618,1,47
1922,1,47
4918,5,48
4722,5,48
3450,8,48
3383,4,48
2221,5,48
86,0,48
945,0,48
699,0,48
2361,0,48
1872,0,48
1606,0,48
3668,0,48
4305,0,48
4748,0,48
4407,0,48
2239,0,48
1794,0,48
4870,0,48
2803,0,48
3977,0,48
3082,0,48
916,0,48
1866,0,48
24,0,48
4877,0,48
2459,0,48
1383,0,48
3571,0,48
1046,0,48
4344,0,48
4445,0,48
1611,0,48
2911,0,48
1859,0,48
1311,0,48
4539,0,48
1710,0,48
4501,0,48
4651,0,48
4990,0,48
410,0,48
1079,0,48
2211,0,48
3073,0,48
2207,0,48
2475,0,48
1107,0,48
3676,0,48
1382,0,48
2668,0,48
1763,0,48
1302,0,48
3928,0,48
1994,0,48
3125,0,48
1031,0,48
773,0,48
814,0,48
2393,1,48
3393,1,48
3651,1,48
67,1,48
3215,0,48
2030,1,48
919,1,48
474,1,48
3620,1,48
3345,1,48
323,1,48
1665,1,48
2356,1,48
381,1,48
2691,1,48
4458,1,48
4384,1,48
519,1,48
4762,1,48
2294,1,48
2104,0,48
3670,1,48
746,7,49
908,4,49
1277,0,49
2258,0,49
1509,0,49
4026,0,49
135,0,49
2141,0,49
4973,0,49
430,0,49
3076,0,49
4841,0,49
181,0,49
2720,0,49
1501,0,49
2203,0,49
4527,0,49
4551,0,49
2429,0,49
641,0,49
3582,0,49
4362,0,49
3429,0,49
3212,0,49
982,0,49
4860,0,49
3874,0,49
2126,0,49
11,0,49
1407,0,49
3422,0,49
537,0,49
3225,0,49
882,0,49
4840,0,49
3415,0,49
2275,0,49
1923,0,49
3187,0,49
2043,0,49
35,0,49
1415,0,49
4692,0,49
4186,0,49
1183,0,49
2159,0,49
3847,0,49
4032,0,49
3296,0,49
4102,0,49
4682,0,49
4159,0,49
3016,0,49
1789,0,49
1562,0,49
4070,1,49
1216,1,49
635,1,49
3913,1,49
1973,1,49
1184,1,49
1615,1,49
4124,1,49
2426,1,49
1713,1,49
3509,1,49
581,1,49
3805,1,49
2650,1,49
3282,1,49
3243,1,49
1887,1,49
4880,1,49
3937,1,49
3166,5,50
2442,4,50
2251,10,50
4909,0,50
4690,0,50
1492,0,50
1084,0,50
1867,0,50
704,0,50
1029,0,50
4505,0,50
803,0,50
2060,0,50
2343,0,50
1537,0,50
690,0,50
1592,1,50
721,0,50
3074,0,50
4129,0,50
229,0,50
4681,0,50
3593,0,50
1925,0,50
4625,0,50
3573,0,50
4379,0,50
294,0,50
825,0,50
2856,0,50
841,0,50
4461,0,50
4665,0,50
3717,1,50
3864,0,50
2053,0,50
3872,0,50
2572,0,50
3328,0,50
4596,0,50
3432,0,50
2167,0,50
776,0,50
736,0,50
2464,0,50
1526,0,50
2732,0,50
2545,0,50
4555,1,50
1142,0,50
1505,0,50
2303,0,50
2759,0,50
3459,0,50
4309,0,50
1048,0,50
2452,0,50
4117,0,50
966,0,50
3768,0,50
4457,1,50
4998,0,50
588,0,50
205,0,50
4949,1,50
4423,1,50
1581,1,50
4253,1,50
1752,1,50
112,1,50
2499,1,50
1850,1,50
3403,1,50
3845,1,50
801,1,50
937,1,50
872,1,50
2770,1,50
4474,1,50
2848,1,50
4274,1,50
843,1,50
2352,1,50
546,8,51
4246,0,51
2246,0,51
2135,0,51
4389,0,51
1486,0,51
681,0,51
423,0,51
3549,0,51
2,0,51
2023,0,51
186,0,51
3471,0,51
4728,0,51
4137,0,51
4537,0,51
4323,0,51
1986,0,51
439,0,51
529,0,51
2420,0,51
1930,1,51
4964,0,51
2606,0,51
2457,0,51
3888,0,51
377,0,51
2109,1,51
321,0,51
4053,0,51
4567,0,51
1254,0,51
2570,0,51
745,0,51
53,0,51
3234,0,51
2236,0,51
2837,0,51
1449,0,51
265,0,51
575,0,51
4385,0,51
1168,0,51
4143,0,51
2146,0,51
4693,0,51
4488,0,51
3592,0,51
2877,0,51
23,0,51
1556,0,51
967,0,51
2764,0,51
2540,0,51
1293,0,51
4976,0,51
2697,0,51
1728,1,51
1557,0,51
152,1,51
4377,1,51
4217,0,51
4466,1,51
2820,1,51
1453,1,51
988,1,51
2870,1,51
722,1,51
524,1,51
2321,1,51
1988,1,51
2766,1,51
4394,1,51
2503,1,51
989,1,51
1155,1,51
3009,1,51
1656,1,51
3455,1,51
1082,1,51
2315,0,52
4405,0,52
2144,0,52
3515,0,52
958,0,52
3500,0,52
4598,0,52
3806,0,52
2427,0,52
4597,0,52
1229,0,52
1742,0,52
4594,0,52
2942,0,52
3014,0,52
3299,0,52
3231,0,52
1529,0,52
13,0,52
101,0,52
2796,0,52
2120,0,52
2938,0,52
2318,0,52
3638,0,52
1152,0,52
1666,0,52
4902,0,52
917,0,52
3862,0,52
2866,0,52
1828,0,52
1834,0,52
695,0,52
166,0,52
3190,0,52
4941,0,52
2891,0,52
3686,0,52
137,0,52
425,0,52
2656,0,52
2210,0,52
2107,0,52
2497,0,52
2507,0,52
3833,0,52
4076,0,52
2333,0,52
2601,0,52
2797,0,52
3589,0,52
302,0,52
4415,0,52
4396,0,52
1613,0,52
2675,0,52
490,0,52
2377,0,52
3748,0,52
3948,0,52
1267,0,52
424,0,52
3785,1,52
3036,1,52
1775,1,52
863,1,52
4605,1,52
3754,1,52
921,1,52
1034,1,52
2611,1,52
2488,1,52
2329,1,52
3851,1,52
3230,1,52
4632,1,52
3956,1,52
1522,1,52
2381,1,52
1577,1,52
365,1,52
2659,1,52
687,0,52
2827,0,53
1258,0,53
4953,0,53
4210,0,53
2468,0,53
3487,0,53
43,0,53
560,0,53
4604,0,53
2097,0,53
3824,0,53
4267,0,53
3,0,53
733,0,53
4579,0,53
3708,0,53
2553,0,53
2787,0,53
3448,0,53
2524,0,53
4214,0,53
943,0,53
271,0,53
1804,0,53
4545,0,53
2821,0,53
4995,0,53
1528,0,53
4861,0,53
183,0,53
1405,0,53
2710,0,53
4490,0,53
3061,0,53
1838,0,53
2397,0,53
289,0,53
975,0,53
3550,0,53
1319,0,53
4224,0,53
2337,0,53
567,0,53
4283,0,53
2746,0,53
1104,0,53
2784,0,53
4150,0,53
2638,0,53
2847,0,53
2871,0,53
443,0,53
2149,0,53
1226,1,53
670,0,53
2869,1,53
2438,0,53
4380,1,53
2403,1,53
2789,0,53
3693,1,53
3885,1,53
3240,1,53
3227,1,53
163,1,53
1149,1,53
4935,1,53
4630,1,53
2992,1,53
329,1,54
3834,5,54
3933,5,54
3004,0,54
4091,0,54
2909,0,54
4004,0,54
4720,0,54
140,0,54
2115,0,54
2002,0,54
4833,0,54
3823,0,54
361,0,54
3603,0,54
411,0,54
2963,0,54
2568,0,54
4766,0,54
2790,0,54
4313,0,54
4304,0,54
2719,0,54
4485,0,54
4284,0,54
1649,0,54
4552,0,54
1920,0,54
1040,0,54
1927,0,54
154,0,54
2518,0,54
3322,0,54
1436,0,54
2972,0,54
4751,0,54
3361,0,54
4760,0,54
3052,0,54
719,0,54
4222,0,54
2535,0,54
3635,0,54
3353,0,54
83,0,54
3691,0,54
493,0,54
3680,0,54
2902,0,54
3650,0,54
4808,0,54
3584,0,54
141,0,54
1387,0,54
1450,1,54
4096,0,54
2689,1,54
1919,1,54
1076,1,54
2202,1,54
3249,1,54
1983,1,54
3979,1,54
1442,1,54
76,1,54
102,1,54
1052,1,54
1831,0,54
752,1,54
4375,1,54
316,1,54
3999,1,54
4240,5,55
4227,4,55
2188,7,55
1855,0,55
2813,0,55
3057,0,55
554,0,55
413,0,55
1635,0,55
1469,0,55
78,0,55
1044,0,55
3354,0,55
883,0,55
1361,0,55
2576,0,55
3389,0,55
4914,0,55
1956,0,55
1135,0,55
590,0,55
1885,0,55
1162,0,55
3327,0,55
4923,0,55
544,0,55
3826,0,55
2166,0,55
2410,0,55
637,0,55
3683,0,55
3701,0,55
2694,0,55
4886,0,55
1849,0,55
4713,0,55
2677,0,55
2151,0,55
247,0,55
4798,0,55
2598,0,55
706,0,55
618,0,55
3397,0,55
3229,0,55
855,0,55
2069,0,55
1937,0,55
3815,0,55
4869,0,55
2296,0,55
4962,0,55
1817,0,55
4080,0,55
2936,0,55
1043,0,55
675,0,55
3108,0,55
648,0,55
1966,0,55
4204,0,55
2178,0,55
2341,0,55
2320,1,55
3993,1,55
4365,1,55
275,1,55
4206,1,55
4516,1,55
1190,1,55
4409,1,55
797,1,55
216,1,55
2930,1,56
1097,0,56
1266,0,56
149,0,56
3188,0,56
2678,0,56
1144,0,56
976,0,56
3678,0,56
3523,0,56
910,0,56
3244,0,56
4371,0,56
4435,0,56
4799,0,56
4946,0,56
2200,0,56
2521,0,56
558,0,56
4075,0,56
2777,0,56
45,0,56
1399,0,56
4419,0,56
207,0,56
784,0,56
1942,0,56
1280,0,56
3055,0,56
2557,0,56
3025,0,56
118,0,56
600,0,56
4374,0,56
834,0,56
3557,0,56
252,0,56
2448,0,56
1680,0,56
1826,0,56
3795,0,56
2375,0,56
2257,0,56
4961,0,56
3934,0,56
3334,0,56
1094,0,56
2596,0,56
1820,0,56
2929,0,56
3816,1,56
4643,1,56
1975,1,56
4450,1,56
10,0,56
2735,1,56
4564,1,56
1422,1,56
2802,1,56
3207,0,56
1018,0,56
355,1,56
4609,1,56
1954,1,56
3248,1,56
817,1,56
4282,1,56
829,1,56
652,1,56
1989,1,57
3714,0,57
4658,0,57
2241,0,57
176,0,57
3127,0,57
2523,0,57
1541,0,57
90,0,57
830,0,57
1917,0,57
3916,0,57
2047,0,57
963,0,57
1506,0,57
3398,0,57
4503,0,57
2863,0,57
4165,0,57
3855,0,57
1207,0,57
3331,0,57
1336,0,57
4101,1,57
1108,0,57
1844,0,57
1120,0,57
3110,0,57
460,0,57
1210,0,57
622,0,57
1332,0,57
2964,0,57
3043,0,57
744,0,57
3996,0,57
902,0,57
2014,0,57
3406,0,57
4584,0,57
1224,0,57
2012,0,57
3380,0,57
4691,0,57
1737,0,57
2119,0,57
2180,1,57
1968,0,57
3891,0,57
1074,0,57
1030,0,57
2048,0,57
1645,0,57
1429,0,57
3761,0,57
4931,0,57
3709,0,57
1232,1,57
4707,1,57
3871,1,57
1633,1,57
3038,1,57
2566,1,57
1563,1,57
4342,1,57
1772,1,57
1171,1,57
778,1,57
1558,1,57
1618,1,57
3882,1,57
4307,1,57
1620,1,57
669,1,57
4795,9,58
781,0,58
4478,0,58
3279,0,58
3655,0,58
2070,0,58
395,0,58
1169,0,58
3205,0,58
4659,0,58
131,1,58
3876,0,58
1853,0,58
4459,0,58
631,0,58
3699,0,58
2599,0,58
362,0,58
1116,0,58
3005,0,58
304,0,58
276,0,58
2102,0,58
2643,0,58
139,0,58
3144,0,58
3071,0,58
4592,0,58
2607,0,58
4174,0,58
4710,1,58
2220,0,58
4750,0,58
1394,0,58
1525,0,58
3569,0,58
4602,0,58
1732,0,58
3461,0,58
3777,0,58
3901,0,58
159,0,58
4232,0,58
2430,0,58
1445,0,58
1675,0,58
3953,0,58
974,0,58
1478,0,58
3964,0,58
1900,0,58
577,0,58
2774,1,58
3260,1,58
1688,1,58
4942,1,58
1245,1,58
4719,1,58
177,1,58
4948,1,58
587,1,58
4587,1,58
1348,1,58
386,1,58
756,1,58
4408,1,58
2289,1,58
1708,1,58
1642,1,58
2027,1,58
4417,1,58
4956,1,58
2918,1,58
4011,1,58
1674,1,59
1214,3,59
1151,3,59
1706,10,59
2365,2,59
2019,0,59
217,0,59
911,0,59
1847,0,59
4356,0,59
3522,0,59
2775,0,59
582,0,59
2971,0,59
3929,0,59
4786,0,59
952,0,59
2654,0,59
2020,0,59
3539,0,59
3646,0,59
1836,0,59
2586,0,59
1138,0,59
4688,0,59
1990,0,59
4820,0,59
4603,0,59
3695,0,59
2411,0,59
312,0,59
4972,0,59
1658,0,59
1208,0,59
4571,0,59
4339,0,59
4486,0,59
82,0,59
110,0,59
4881,0,59
1392,0,59
4009,0,59
2923,0,59
4416,0,59
2835,0,59
2164,0,59
501,0,59
4256,0,59
241,0,59
856,0,59
3289,0,59
580,0,59
1852,0,59
2300,0,59
4315,1,59
880,1,59
4425,1,59
4947,1,59
854,1,59
4154,1,59
3653,1,59
4743,1,59
2886,1,59
2396,0,59
2262,1,59
1390,1,59
3575,1,59
360,1,59
3219,1,59
3786,1,59
1796,1,59
4492,6,60
2278,0,60
189,9,60
1195,0,60
4700,0,60
4685,0,60
658,0,60
827,0,60
2550,1,60
3421,0,60
1901,0,60
3196,0,60
3439,0,60
3782,1,60
3499,1,60
2953,0,60
1974,0,60
1878,0,60
711,0,60
1320,0,60
3335,0,60
2054,0,60
4927,0,60
1608,0,60
1749,0,60
3617,0,60
4336,0,60
1300,0,60
2840,1,60
4177,0,60
4705,0,60
2098,0,60
64,0,60
4266,0,60
4814,0,60
794,0,60
3131,0,60
2997,0,60
1376,0,60
3360,0,60
1754,1,60
2031,1,60
3246,0,60
1940,0,60
3320,0,60
4854,0,60
3972,0,60
869,0,60
1045,0,60
3850,0,60
2462,0,60
4031,0,60
3974,0,60
660,0,60
3675,1,60
4192,0,60
3399,1,60
3750,1,60
2922,1,60
3514,1,60
4399,1,60
1432,1,60
4650,1,60
3427,1,60
899,1,60
3315,1,60
1000,1,60
914,1,60
240,1,60
4806,1,60
4064,1,60
2703,1,60
823,1,60
1384,1,60
2817,0,61
715,0,61
712,0,61
4387,0,61
541,0,61
3879,0,61
4937,0,61
2558,0,61
4285,0,61
2724,0,61
1023,0,61
1110,0,61
4992,0,61
1494,0,61
3183,0,61
4198,0,61
4113,0,61
3976,0,61
4930,0,61
2441,0,61
3881,0,61
3839,0,61
2554,0,61
2422,0,61
1444,0,61
1632,0,61
2247,0,61
2811,0,61
3556,0,61
4125,0,61
3458,0,61
909,0,61
303,0,61
2033,0,61
3037,0,61
2346,0,61
1845,0,61
327,0,61
4118,0,61
1714,1,61
4025,1,61
416,1,61
1246,1,61
4595,1,61
3503,1,61
405,1,61
2520,1,61
4317,1,61
985,1,61
901,1,61
3306,1,61
1274,1,61
4904,1,61
1747,1,61
3736,0,61
1299,1,61
1447,1,61
179,2,62
4755,5,62
3570,8,62
401,0,62
1751,0,62
349,0,62
4906,0,62
4848,0,62
4768,0,62
2224,0,62
495,0,62
2500,0,62
895,0,62
3136,0,62
4996,0,62
4865,0,62
1552,0,62
3561,0,62
3563,0,62
2622,0,62
661,0,62
4975,0,62
4528,0,62
889,0,62
4785,0,62
79,0,62
1451,0,62
1397,0,62
285,0,62
3983,0,62
2473,0,62
4510,0,62
2374,0,62
4138,0,62
3284,0,62
2357,0,62
1903,0,62
1822,0,62
1607,0,62
2281,0,62
4071,0,62
1832,0,62
4824,0,62
4879,0,62
2103,0,62
3547,0,62
1508,0,62
1671,0,62
1356,0,62
3329,0,62
758,0,62
3498,0,62
4703,0,62
2845,0,62
3878,0,62
414,0,62
2418,0,62
656,1,62
1237,1,62
627,1,62
3688,1,62
1111,1,62
412,1,62
15,0,62
3270,1,62
3711,1,62
4073,1,62
2349,1,62
772,1,62
4925,1,62
2172,1,62
3507,7,63
1448,11,63
2227,11,63
333,11,63
2105,1,63
1857,10,63
3793,4,63
4195,3,63
4752,0,63
3314,0,63
934,0,63
1054,0,63
1459,0,63
2965,0,63
1317,0,63
960,0,63
3344,0,63
877,0,63
3817,0,63
3576,0,63
4042,0,63
3997,0,63
535,0,63
4801,0,63
2405,0,63
4989,0,63
4325,0,63
757,0,63
1733,0,63
2617,0,63
2199,0,63
2095,0,63
2647,0,63
4055,0,63
3087,0,63
3339,0,63
3994,0,63
3684,0,63
4128,0,63
3558,0,63
3508,0,63
2312,0,63
596,0,63
997,0,63
1180,0,63
4559,0,63
2530,1,63
3649,1,63
3734,0,63
4058,1,63
3578,1,63
3986,1,63
471,1,63
4712,1,63
3535,1,63
1921,1,63
4122,1,63
2776,1,63
1622,1,63
1398,1,63
4211,1,63
3629,0,63
1485,1,63
2941,1,63
2046,1,63
1322,1,63
729,6,64
2970,0,64
4657,0,64
4846,8,64
1777,11,64
296,1,64
1315,1,64
3762,7,64
3763,0,64
4369,0,64
4932,0,64
1215,0,64
723,0,64
4912,0,64
4351,0,64
2197,0,64
3783,0,64
3054,0,64
2608,0,64
1333,0,64
1126,0,64
1972,0,64
3472,0,64
962,0,64
3780,0,64
2932,0,64
3146,0,64
4777,0,64
2517,0,64
2667,0,64
3797,0,64
3111,0,64
3703,0,64
1328,0,64
1904,0,64
3568,0,64
286,0,64
1433,0,64
3186,0,64
441,0,64
4561,0,64
391,0,64
161,0,64
71,0,64
4677,0,64
4249,0,64
325,0,64
1982,1,64
4347,1,64
624,1,64
3126,1,64
3524,1,64
1669,1,64
2316,1,64
4742,1,64
2276,1,64
200,0,64
2998,1,64
2664,1,64
4836,1,64
1686,1,64
2035,1,64
2666,1,64
4036,1,64
2751,0,64
3445,1,64
3064,1,64
4121,1,64
81,1,64
1550,1,64
780,1,64
1597,1,64
1712,1,64
72,8,65
4536,12,65
95,12,65
3973,12,65
3237,0,65
4193,0,65
3721,0,65
3943,0,65
935,0,65
180,0,65
1797,0,65
2045,0,65
1654,0,65
1543,0,65
3323,0,65
4661,0,65
4245,0,65
2574,0,65
1178,0,65
2744,0,65
268,0,65
4231,0,65
3706,0,65
1554,0,65
1926,0,65
620,0,65
3525,0,65
4644,0,65
2959,0,65
4293,0,65
2605,0,65
1211,0,65
2658,0,65
4725,0,65
2112,0,65
3069,0,65
3363,0,65
4883,0,65
4684,0,65
3596,0,65
3102,0,65
628,0,65
811,0,65
4738,0,65
3030,0,65
1960,0,65
4446,0,65
709,0,65
3659,0,65
1100,0,65
1148,0,65
2842,0,65
1209,0,65
1594,0,65
227,0,65
3304,0,65
2762,0,65
25,0,65
2862,0,65
2143,1,65
4354,0,65
4838,1,65
954,1,65
4163,1,65
2480,1,65
2439,0,65
1156,1,65
4,1,65
1520,1,65
2465,1,65
890,1,65
4131,1,65
2988,1,65
1287,1,65
1425,1,65
4106,1,65
2307,1,65
2177,1,65
2927,1,65
2121,12,66
4295,12,66
4054,0,66
1589,0,66
3324,0,66
3722,0,66
2037,0,66
1439,0,66
2484,0,66
4524,0,66
1375,0,66
2593,0,66
4642,0,66
3119,0,66
1744,0,66
2620,0,66
3682,0,66
171,0,66
3241,0,66
390,0,66
3853,0,66
2371,0,66
4221,0,66
382,0,66
4306,0,66
2792,0,66
2225,0,66
2590,0,66
2737,0,66
4451,0,66
3404,0,66
1011,0,66
1179,0,66
4401,0,66
2533,0,66
2713,0,66
3719,0,66
4017,0,66
4591,0,66
771,0,66
4493,0,66
4039,0,66
2366,0,66
174,0,66
1228,0,66
4243,1,66
4276,1,66
2304,1,66
2081,1,66
4350,1,66
522,1,66
4142,1,66
3800,1,66
1929,1,66
1217,0,66
1281,1,66
1331,1,66
255,1,66
1119,1,66
2003,1,66
143,1,66
4286,1,66
2680,1,66
4090,1,66
437,1,66
2402,1,66
428,1,66
4291,1,66
824,1,66
3769,6,69
2413,0,70
782,0,70
2087,7,72
3835,4,77
2068,3,82
2478,2,86
2434,1,88
1785,3,89
4262,8,89
2537,4,90
3311,2,93
3690,1,93
2245,9,94
2076,10,96
3275,1,100
2083,11,100
4981,2,100
433,1,101
2036,11,103
1025,2,105
3287,5,110
1488,8,115
187,0,118
2575,12,128
3516,4,128
606,7,129
2849,10,135
3362,6,145
2458,1,148
3066,11,150
1770,11,151
3858,0,155
646,4,164
720,7,164
2819,3,168
2584,2,171
2506,8,175
331,1,178
2577,1,186
3435,2,188
3491,5,189
2415,11,192
807,2,194
4733,5,197
4357,0,204
4202,4,213
3907,7,216
4358,1,235
3779,11,238
3309,0,240
1559,4,252
38,1,265
3336,3,275
1304,2,276
1490,11,277
1113,2,281
3790,0,290
4758,4,301
549,1,320
3906,11,326
3337,5,336
2882,1,350
3158,2,363
2948,11,365
2915,2,370
2168,1,409
826,11,412
1846,1,437
894,2,448
1730,11,452
572,2,459
3625,1,495
4238,11,500
2582,1,523
4549,2,534
1561,11,541
2232,2,546
981,1,580
2487,1,609
4502,2,636
1915,1,667
1406,1,694
1352,1,753
1412,1,780
3512,1,842
881,1,868
3193,1,930
1659,8,981
4254,8,1067
3155,3,1142
2698,8,1154
4958,0,1212
4022,7,1221
2288,3,1231
4695,5,1236
3967,8,1241
4686,0,1299
1253,7,1309
4812,5,1322
1345,0,1385
4239,7,1394
2127,4,1394
1782,5,1409
2783,0,1474
4103,11,1478
4140,7,1482
3139,4,1482
1695,5,1494
3233,2,1544
1175,0,1561
2876,11,1566
4885,7,1567
2855,4,1570
1251,5,1579
1833,2,1630
1487,0,1649
1939,11,1651
1307,7,1654
601,4,1657
2513,1,1664
2389,5,1665
886,2,1718
1616,0,1735
3170,11,1740
1417,7,1742
925,4,1742
3774,5,1749
3822,1,1753
4108,2,1805
2962,0,1823
4558,11,1824
4069,7,1829
2768,4,1829
392,1,1842
3731,2,1894
892,0,1907
4468,11,1911
16,4,1916
1484,1,1930
1325,2,1983
406,0,1993
418,11,2000
3494,4,2005
761,1,2014
2846,2,2069
3446,0,2082
4994,11,2084
4671,4,2091
3419,1,2101
3531,2,2158
4565,0,2169
4153,11,2172
281,4,2176
3100,1,2185
4144,2,2246
384,0,2254
1892,11,2258
4984,4,2265
3340,1,2269
3811,2,2330
4615,11,2342
158,1,2355
427,2,2419
2328,11,2431
1437,1,2442
1934,2,2507
4580,11,2520
1588,1,2526
3919,2,2594
3867,11,2605
306,1,2611
2682,2,2683
1569,11,2692
1360,1,2697
3060,2,2770
4529,11,2777
197,1,2786
3737,2,2855
4473,11,2863
2548,1,2874
27,2,2941
3226,11,2951
1672,1,2958
3479,2,3025
884,11,3038
4829,1,3047
4850,2,3110
4476,11,3125
713,1,3131
1295,2,3197
3825,11,3213
1330,1,3218
1017,2,3284
2595,11,3301
991,1,3306
1861,2,3372
359,11,3386
2616,1,3391
1167,2,3460
3490,11,3475
3671,1,3476
1839,2,3549
2186,11,3561
2189,1,3564
933,2,3633
2136,1,3649
2118,11,3650
2690,2,3720
3063,11,3735
2444,1,3738
1323,2,3806
4540,11,3819
2755,1,3825
531,2,3891
1452,11,3906
351,1,3913
1416,2,3976
4081,11,3995
1197,1,4001
1683,2,4061
845,1,4089
4601,1,4177
2828,1,4261
33,1,4346
1791,1,4430
2883,1,4516
4421,1,4601
2058,1,4685
451,1,4771
291,1,4858
4971,1,4945
109,1,5032
1971,1,5116
3735,1,5205
3194,1,5292
2467,1,5376
3987,1,5462
4523,1,5546
1771,1,5635
4507,1,5721
2261,1,5809
3370,1,5893
547,1,5981
614,1,6065
104,1,6149
432,1,6237
2644,1,6325
1758,1,6412
3930,1,6500
477,1,6586
1580,1,6673
2887,1,6758
4116,1,6844
232,1,6932
4000,1,7016
2414,1,7100
1687,1,7188
2551,1,7275
4613,1,7362
