4301,2,0
1716,2,0
9045,2,0
8392,2,0
6509,2,0
6788,2,0
9142,2,0
9265,2,0
1747,2,0
9928,2,0
4114,2,0
1699,2,0
2293,2,0
7405,2,0
3841,2,0
3245,2,0
9215,2,0
9889,2,0
6989,2,0
68,2,0
877,2,0
3315,2,0
3292,2,0
8411,2,0
4731,2,0
4947,2,0
5517,2,0
5270,2,0
3816,2,0
3287,2,0
1404,3,0
8989,3,0
9511,3,0
7218,3,0
3565,3,0
8854,3,0
191,3,0
8539,3,0
652,3,0
7011,3,0
1827,3,0
9656,3,0
2834,3,0
2370,3,0
6010,3,0
8941,5,0
3878,5,0
1242,5,0
16,5,0
240,5,0
9108,5,0
9702,5,0
8261,5,0
5193,5,0
4218,5,0
3829,5,0
816,6,0
6767,6,0
5878,6,0
3380,6,0
6979,6,0
1959,6,0
9240,6,0
536,6,0
3159,6,0
7978,8,0
4771,8,0
3,8,0
8474,8,0
7837,8,0
9289,8,0
533,8,0
9677,8,0
9162,8,0
1187,8,0
2930,4,0
6176,4,0
6313,4,0
6605,4,0
1010,4,0
2801,4,0
3801,4,0
9708,4,0
1415,4,0
3960,4,0
6456,9,0
2280,9,0
9398,9,0
7237,9,0
5671,9,0
3681,9,0
7443,9,0
4035,9,0
4150,9,0
5893,9,0
8420,1,0
5422,1,0
4726,1,0
4969,1,0
6359,1,0
1269,1,0
1533,1,0
4869,1,0
6857,1,0
900,1,0
5216,1,0
5468,1,0
1999,7,0
6859,7,0
6822,7,0
1160,7,0
5153,7,0
3638,7,0
8155,7,0
9056,7,0
4175,7,0
4317,7,0
1918,7,0
8237,7,0
8089,7,0
9004,0,0
623,0,0
7703,0,0
8026,0,0
8384,0,0
4691,0,0
8945,0,0
9389,0,0
2690,0,0
1161,0,0
2282,0,0
207,0,0
8172,0,0
5924,9,1
6325,7,1
3808,2,1
1855,2,1
7383,2,1
8904,2,1
3876,2,1
6544,2,1
407,2,1
8636,2,1
9128,2,1
2981,6,1
1476,6,1
9110,0,1
5329,0,1
2808,8,1
5766,8,1
8566,1,1
2505,1,1
7544,7,1
6550,7,1
381,9,1
1672,3,1
4363,5,1
819,4,1
4966,4,1
8256,4,2
539,4,2
8324,9,2
1853,9,2
6996,8,2
6426,8,2
529,8,2
7289,7,2
3548,7,2
6955,8,2
8330,1,2
3311,6,2
2355,0,2
4689,4,2
9151,3,2
8984,3,2
5750,5,2
6299,5,2
6951,9,2
6828,9,2
2203,2,2
3946,2,2
6869,0,2
8049,1,2
945,2,2
5105,3,2
953,4,2
3435,5,2
4946,6,2
3791,7,2
7527,8,2
5402,9,2
8217,0,2
8137,1,2
4847,2,2
8916,3,2
2125,4,2
5056,5,2
9225,6,2
4611,7,2
1226,8,2
1498,9,2
351,0,2
6538,1,2
4194,2,2
2040,3,2
3139,7,3
2000,6,3
8348,1,3
1955,4,3
7082,5,3
5180,9,3
4172,8,3
9570,8,3
7688,8,3
8068,8,3
2673,8,3
2117,4,3
8586,5,3
9448,6,3
6155,7,3
6014,8,3
1993,9,3
4798,0,3
9513,1,3
7369,2,3
491,3,3
2950,4,3
5892,5,3
9886,6,3
46,7,3
563,8,3
7179,9,3
5784,0,3
5520,1,3
320,2,3
8665,3,3
1509,4,3
53,5,3
3056,6,3
1898,7,3
7222,8,3
2862,9,3
8144,0,3
2509,1,3
296,2,3
5822,3,3
74,4,3
4233,5,3
792,6,3
6454,7,3
2031,8,3
7979,9,3
9223,0,3
5009,1,3
4378,2,3
2540,3,3
7317,4,3
4502,5,3
9773,6,3
2842,7,3
3840,8,3
6905,9,3
2133,0,3
4423,1,3
9049,2,3
1423,3,3
9682,4,3
4990,5,3
273,6,3
6512,7,3
3193,8,3
3211,9,3
3634,0,3
5380,1,3
7127,2,3
8149,3,3
850,4,3
2752,5,3
8249,6,3
2789,7,3
5578,8,3
6546,9,3
7998,0,3
1454,1,3
7674,2,3
6100,3,3
3296,4,3
4019,5,3
9263,6,3
9868,7,3
9790,8,3
1072,9,3
5743,0,3
8400,1,3
9316,2,3
6245,3,3
8252,4,3
9073,5,3
5100,6,3
8254,7,3
8520,8,3
5940,9,3
2719,0,3
9775,1,3
139,2,3
9029,3,3
2826,4,3
5599,5,3
5813,6,3
6406,7,3
9425,8,3
6240,9,3
6689,0,3
6933,1,3
5022,2,3
2409,3,3
5091,4,3
714,5,3
570,6,3
5406,7,3
6939,8,3
4766,9,3
8907,0,3
2881,1,3
6041,2,3
3031,3,3
8955,4,3
7726,5,3
474,6,3
4457,7,3
6439,8,3
1297,9,3
1492,0,3
3016,1,3
505,2,3
9551,3,3
1262,4,3
5400,5,3
3248,6,3
8956,7,3
2175,8,3
5477,9,3
3007,0,3
9951,1,3
4739,2,3
9833,3,3
2002,4,3
7103,5,3
7827,6,3
8618,7,3
4504,8,3
3523,9,3
6881,0,3
7515,1,3
6663,2,3
6915,3,3
1309,4,3
552,5,3
1564,6,3
4427,7,3
6954,8,3
5779,9,3
8660,0,3
8345,1,3
7542,2,3
579,3,3
5820,4,3
2831,5,3
3819,6,3
8292,7,3
4295,8,3
3132,9,4
147,7,4
7569,2,4
4547,3,4
2905,8,4
4390,8,4
1104,9,4
5676,0,4
528,1,4
716,2,4
9081,3,4
7302,4,4
5166,5,4
4428,6,4
9539,7,4
2431,8,4
3410,9,4
6162,0,4
944,1,4
1392,2,4
5121,3,4
3566,4,4
5860,5,4
7645,6,4
5856,7,4
1182,8,4
32,9,4
5382,0,4
1704,1,4
741,2,4
6140,3,4
3329,4,4
6534,5,4
5040,6,4
75,7,4
3882,8,4
3116,9,4
1971,0,4
6271,1,4
1091,2,4
8929,3,4
4134,4,4
5007,5,4
9986,6,4
3131,7,4
9416,8,4
209,9,4
9999,0,4
424,1,4
684,2,4
73,3,4
9084,4,4
5277,5,4
9434,6,4
1807,7,4
6875,8,4
6301,9,4
721,0,4
2063,1,4
885,2,4
6148,3,4
9821,4,4
9317,5,4
2570,6,4
1794,7,4
2459,8,4
3367,9,4
3099,0,4
3373,1,4
2876,2,4
431,3,4
8500,4,4
1166,5,4
5911,6,4
8670,7,4
3243,8,4
8481,9,4
4068,0,4
4430,1,4
9208,2,4
8942,3,4
3655,4,4
3419,5,4
2541,6,4
6324,7,4
3215,8,4
9929,9,4
6136,0,4
8629,1,4
3880,2,4
322,3,4
6787,4,4
4967,5,4
5129,6,4
6741,7,4
4721,8,4
4219,9,4
7076,0,4
9458,1,4
6484,2,4
9782,3,4
9333,4,4
7859,5,4
7581,6,4
7931,7,4
3603,8,4
5334,9,4
9136,0,4
456,1,4
9910,2,4
8968,3,4
6112,4,4
5253,5,4
8910,6,4
2445,7,4
7477,8,4
9088,9,4
1577,0,4
8883,1,4
8755,2,4
9655,3,4
6300,4,4
9218,5,4
9939,6,4
8040,7,4
8307,8,4
4174,9,4
669,0,4
137,0,4
4666,0,4
79,0,4
9674,0,4
5670,0,4
1353,0,4
960,0,4
5157,0,4
7546,0,4
4475,0,4
2990,2,5
3672,0,5
1399,5,5
2564,5,5
2308,5,5
5748,3,5
1582,3,5
340,3,5
1573,5,5
9728,0,5
1479,0,5
5017,0,5
3224,0,5
611,0,5
1254,0,5
697,0,5
3637,0,5
5375,0,5
4145,0,5
3466,0,5
2473,0,5
7613,0,5
2196,0,5
6356,0,5
4534,0,5
3012,0,5
3727,0,5
2545,0,5
5354,0,5
309,0,5
4400,0,5
5811,0,5
3228,0,5
732,0,5
8032,0,5
7992,0,5
3298,0,5
1425,0,5
5918,0,5
9673,0,5
9562,0,5
6520,0,5
3844,0,5
786,0,5
7987,0,5
9533,0,5
8268,0,5
1255,0,5
9915,0,5
3069,0,5
802,0,5
4624,0,5
8885,0,5
8800,0,5
9930,0,5
992,0,5
9103,0,5
468,0,5
8938,0,5
693,0,5
8314,0,5
4290,0,5
4375,0,5
3560,0,5
6388,0,5
275,0,5
5160,0,5
6411,0,5
8432,0,5
9801,0,5
4328,0,5
7805,0,5
2544,0,5
9470,0,5
7961,0,5
2818,0,5
2899,0,5
8530,0,5
7356,0,5
8806,0,5
3414,0,5
4831,0,5
335,0,5
4340,0,5
1176,0,5
5396,0,5
7029,0,5
4592,0,5
9450,0,5
5175,0,5
7057,0,5
8406,0,5
106,0,5
4717,0,5
6652,0,5
8290,0,5
1578,0,5
3463,0,5
3575,0,5
3058,0,5
8686,0,5
5817,0,5
3160,0,5
4930,0,5
2748,0,5
3060,0,5
4835,0,5
2162,0,5
9941,0,5
8408,0,5
804,0,5
443,0,5
7533,0,5
9147,0,5
354,0,5
8573,0,5
5266,0,5
8103,0,5
2511,0,5
1488,0,5
4650,0,5
5163,0,5
1086,0,5
3788,0,5
1049,0,5
5210,0,5
4782,0,5
8739,0,5
2024,0,5
4001,0,5
4421,0,5
3639,0,5
4680,0,5
7574,0,5
8985,0,5
7890,0,5
8177,0,5
9474,0,5
1937,0,5
9005,0,5
9527,0,5
4701,0,5
3902,0,5
8634,0,5
9066,0,5
9894,0,5
4409,0,5
5802,0,5
4607,0,5
4311,0,5
3057,0,5
67,0,5
8090,0,5
7123,0,5
114,0,5
5170,0,5
4445,0,5
6855,0,5
8412,0,5
8066,0,5
3203,0,5
1912,0,5
8773,2,6
1679,9,6
6983,4,6
5264,8,6
8205,3,6
898,5,6
1037,2,6
6473,9,6
6683,9,6
7128,9,6
3452,0,6
6998,0,6
516,0,6
520,0,6
4988,0,6
6896,0,6
2311,0,6
7717,0,6
1210,0,6
7593,0,6
7972,0,6
648,0,6
1724,0,6
1085,0,6
5217,0,6
7387,0,6
2908,0,6
5364,0,6
5797,0,6
6945,0,6
2303,0,6
8157,0,6
4188,0,6
1141,0,6
4998,0,6
4280,0,6
5256,0,6
1256,0,6
8512,0,6
1090,0,6
1819,0,6
6503,0,6
922,0,6
2714,0,6
3999,0,6
7416,0,6
285,0,6
2882,0,6
2148,0,6
6632,0,6
3508,0,6
4173,0,6
8004,0,6
1270,0,6
9959,0,6
1764,0,6
7522,0,6
3185,0,6
4735,0,6
9715,0,6
2741,0,6
777,0,6
615,0,6
3509,0,6
6531,0,6
2850,0,6
4281,0,6
4132,0,6
2903,0,6
2257,0,6
29,0,6
9057,0,6
726,0,6
2144,0,6
4657,0,6
306,0,6
4720,0,6
5999,0,6
2021,0,6
3338,0,6
6150,0,6
2717,0,6
4629,0,6
8994,0,6
531,0,6
8547,0,6
7786,0,6
4761,0,6
3916,0,6
5470,0,6
2537,0,6
1507,0,6
132,0,6
5140,0,6
7241,0,6
1879,0,6
5504,0,6
5988,0,6
5002,0,6
1585,0,6
831,0,6
3984,0,6
6281,0,6
5047,0,6
7732,0,6
3764,0,6
6350,0,6
4260,0,6
2695,0,6
6332,0,6
9670,0,6
3896,0,6
8193,0,6
1601,0,6
7495,0,6
4264,0,6
5647,0,6
3622,0,6
5374,0,6
6732,0,6
3775,8,7
818,3,7
8804,0,7
3084,0,7
1829,0,7
2794,0,7
9933,0,7
6242,0,7
7096,0,7
9758,0,7
1840,0,7
8518,0,7
7838,0,7
638,0,7
6518,0,7
7935,0,7
489,0,7
4936,0,7
6519,0,7
8776,0,7
3532,0,7
5788,0,7
7798,0,7
149,0,7
4243,0,7
1024,0,7
85,0,7
8080,0,7
488,0,7
2065,0,7
7412,0,7
8886,0,7
4813,0,7
3793,0,7
7364,0,7
1132,0,7
9990,0,7
2810,0,7
5412,0,7
8546,0,7
9402,0,7
4130,0,7
7839,0,7
7852,0,7
1373,0,7
2736,0,7
1442,0,7
9860,0,7
9396,0,7
4229,0,7
464,0,7
8258,0,7
1036,0,7
5769,0,7
6065,0,7
8787,0,7
113,0,7
7468,0,7
728,0,7
4900,0,7
6062,0,7
2774,0,7
8937,0,7
8567,0,7
9510,0,7
4287,0,7
5739,0,7
8309,0,7
333,0,7
9636,0,7
7671,0,7
3251,0,7
6738,0,7
9280,0,7
9305,0,7
35,0,7
864,0,7
8866,0,7
3375,0,7
6715,0,7
9726,0,7
7420,0,7
3201,0,7
4926,0,7
2571,0,7
2216,0,7
8224,0,7
1237,0,7
330,0,7
7003,0,7
7771,0,7
3294,0,7
7629,0,7
7867,0,7
3302,0,7
4429,0,7
3689,0,7
7055,0,7
5346,0,7
3342,0,7
6995,0,7
4862,0,7
9983,0,7
1821,0,7
993,0,7
6334,0,7
6368,0,7
8186,0,7
4469,0,7
5257,0,7
8483,0,7
765,0,7
6072,0,7
6451,0,7
3213,0,7
8784,0,7
5529,0,7
5093,0,7
3325,0,7
8029,0,7
3525,0,7
1189,0,7
6476,0,7
9009,0,7
1854,0,7
8689,0,7
3692,3,8
1623,5,8
3439,9,8
6465,3,8
1739,3,8
5072,0,8
203,0,8
9608,0,8
829,0,8
3483,0,8
4849,0,8
5881,0,8
6750,0,8
9407,0,8
7216,0,8
8036,0,8
3660,0,8
3540,0,8
576,0,8
3369,0,8
9613,0,8
9419,0,8
1753,0,8
9649,0,8
6792,0,8
8578,0,8
3097,0,8
9340,0,8
8246,0,8
9169,0,8
8339,0,8
1042,0,8
9520,0,8
4279,0,8
8091,0,8
243,0,8
6424,0,8
1973,0,8
8476,0,8
7112,0,8
6004,0,8
9854,0,8
3923,0,8
1334,0,8
9882,0,8
5555,0,8
9272,0,8
9507,0,8
9179,0,8
8569,0,8
580,0,8
982,0,8
9095,0,8
3739,0,8
8798,0,8
5457,0,8
8679,0,8
2285,0,8
2234,0,8
5917,0,8
459,0,8
7927,0,8
7744,0,8
2895,0,8
9329,0,8
6376,0,8
1491,0,8
9931,0,8
1390,0,8
8540,0,8
4483,0,8
8655,0,8
7133,0,8
4878,0,8
7180,0,8
3864,0,8
2996,0,8
6530,0,8
5151,0,8
4231,0,8
3227,0,8
7651,0,8
6182,0,8
5571,0,8
2513,0,8
2689,0,8
501,0,8
9445,0,8
5377,0,8
5109,0,8
1495,0,8
5051,0,8
3868,0,8
1689,0,8
891,0,8
3413,0,8
6153,0,8
7370,0,8
2387,0,8
8837,0,8
7100,0,8
873,0,8
6125,0,8
1572,0,8
6698,0,8
3845,0,8
2306,0,8
7287,0,8
620,0,8
7541,0,8
4167,0,8
6117,0,8
1337,0,8
7213,0,8
8216,0,8
3008,0,8
9371,0,8
5663,0,8
3281,0,8
1635,0,8
2001,0,8
7952,0,8
2957,0,8
2288,0,8
5846,0,8
1105,0,8
9660,0,8
7743,0,8
3028,0,8
8967,0,8
8833,0,8
4471,0,8
6335,0,8
9691,0,8
9792,0,8
6513,0,8
1078,0,8
9556,0,8
9746,0,8
3320,0,8
2497,0,8
6043,0,8
8041,0,8
6194,0,8
6749,0,8
1397,0,8
1677,0,8
5603,0,8
8139,0,8
8565,0,8
3931,0,8
8417,0,8
6926,0,8
3444,0,8
3796,0,8
9709,2,9
3572,6,9
4435,9,9
5333,2,9
5920,8,9
195,5,9
6737,4,9
3001,4,9
5934,4,9
2369,3,9
7675,4,9
5524,5,9
9253,2,9
642,3,9
5821,4,9
6705,5,9
3971,9,9
6235,0,9
2391,0,9
4732,0,9
348,0,9
9560,0,9
4742,0,9
5574,0,9
1229,0,9
9018,0,9
6095,0,9
9421,0,9
718,0,9
7819,0,9
3911,0,9
1666,0,9
2705,0,9
7234,0,9
9086,0,9
1968,0,9
1784,0,9
180,0,9
6692,0,9
7008,0,9
2663,0,9
161,0,9
7636,0,9
3734,0,9
6631,0,9
9489,0,9
3907,0,9
1320,0,9
7309,0,9
1571,0,9
8301,0,9
7083,0,9
7563,0,9
3136,0,9
9898,0,9
7384,0,9
562,0,9
8388,0,9
7419,0,9
3460,0,9
7153,0,9
3906,0,9
1566,0,9
1523,0,9
4614,0,9
7694,0,9
9301,0,9
5231,0,9
2163,0,9
4646,0,9
6380,0,9
2268,0,9
8414,0,9
8746,0,9
3119,0,9
4272,0,9
1881,0,9
6849,0,9
1555,0,9
4894,0,9
1540,0,9
4555,0,9
5508,0,9
5516,0,9
4713,0,9
6735,0,9
1126,0,9
2677,0,9
7503,0,9
2465,0,9
3972,0,9
8808,0,9
8514,0,9
3618,0,9
5417,0,9
4407,0,9
3576,0,9
6920,0,9
2585,0,9
9809,0,9
2100,0,9
1782,0,9
66,0,9
6383,0,9
2729,0,9
9831,0,9
7647,0,9
1994,0,9
9139,0,9
4594,0,9
7354,0,9
5841,0,9
493,0,9
2631,0,9
2058,0,9
2648,0,9
1335,0,9
6,0,9
3455,0,9
9578,0,9
7886,0,9
4090,0,9
1120,0,9
2405,0,9
3247,0,9
1979,0,9
4309,0,9
5320,0,9
7938,0,9
9912,0,9
542,0,9
3965,0,9
3269,0,9
2960,0,9
1376,0,9
9850,0,9
1839,0,9
8936,0,9
9112,0,9
5263,3,10
353,0,10
110,0,10
5288,0,10
1447,0,10
8526,0,10
7097,0,10
5308,0,10
2456,0,10
9096,0,10
4399,0,10
3059,0,10
1168,0,10
6952,0,10
3166,0,10
8031,0,10
3536,0,10
8075,0,10
821,0,10
812,0,10
9623,0,10
9190,0,10
7328,0,10
7130,0,10
4079,0,10
5896,0,10
7265,0,10
998,0,10
7667,0,10
3382,0,10
7150,0,10
594,0,10
3908,0,10
3770,0,10
8409,0,10
6165,0,10
4939,0,10
1292,0,10
8779,0,10
8782,0,10
4410,0,10
1587,0,10
1474,0,10
3966,0,10
9070,0,10
7988,0,10
6421,0,10
5429,0,10
5904,0,10
8597,0,10
6938,0,10
5006,0,10
5757,0,10
7791,0,10
5781,0,10
9146,0,10
3000,0,10
6848,0,10
4522,0,10
6760,0,10
6759,0,10
8019,0,10
4093,0,10
4252,0,10
3517,0,10
9334,0,10
8335,0,10
1697,0,10
7725,0,10
2406,0,10
1619,0,10
388,0,10
1177,0,10
8407,0,10
8718,0,10
1758,0,10
3194,0,10
3324,0,10
6568,0,10
251,0,10
8979,0,10
810,0,10
7782,0,10
2635,0,10
4683,0,10
4482,0,10
3799,0,10
2026,0,10
7163,0,10
5794,0,10
9319,0,10
7788,0,10
4110,0,10
1655,0,10
4245,0,10
3091,0,10
3716,0,10
8595,0,10
2279,0,10
6800,0,10
245,0,10
7925,0,10
7611,0,10
5408,0,10
2620,0,10
1471,0,10
23,0,10
4552,0,10
2317,0,10
1290,0,10
3129,0,10
3722,0,10
5858,0,10
3261,0,10
9783,0,10
1683,0,10
4676,0,10
2874,0,10
7686,0,10
3669,0,10
8431,0,10
4924,0,10
5506,0,10
6960,0,10
3047,0,10
4318,0,10
5894,0,10
4097,0,10
1106,0,10
4413,0,10
5708,0,10
6733,0,10
7578,0,10
379,2,11
8247,2,11
4,2,11
3684,2,11
3192,0,11
7086,0,11
3615,0,11
8741,0,11
4962,0,11
4971,0,11
1338,0,11
588,0,11
6272,0,11
2575,0,11
8774,0,11
186,0,11
3661,0,11
7481,0,11
9927,0,11
4802,0,11
1702,0,11
2224,0,11
4405,0,11
4204,0,11
9362,0,11
444,0,11
5330,0,11
4113,0,11
1844,0,11
1998,0,11
3451,0,11
8631,0,11
9219,0,11
362,0,11
4312,0,11
5498,0,11
3595,0,11
6579,0,11
9858,0,11
4566,0,11
1031,0,11
9443,0,11
40,0,11
7023,0,11
9626,0,11
5282,0,11
3163,0,11
6505,0,11
1244,0,11
6412,0,11
2902,0,11
1493,0,11
1053,0,11
2603,0,11
1510,0,11
9258,0,11
1581,0,11
4625,0,11
1868,0,11
2610,0,11
2706,0,11
6355,0,11
2219,0,11
3113,0,11
6704,0,11
2351,0,11
6814,0,11
8902,0,11
5383,0,11
7038,0,11
8959,0,11
8082,0,11
3321,0,11
1119,0,11
1439,0,11
3890,0,11
4436,0,11
3955,0,11
5285,0,11
1089,0,11
1865,0,11
8562,0,11
3358,0,11
7323,0,11
8467,0,11
7480,0,11
5945,0,11
1180,0,11
8637,0,11
3926,0,11
2926,0,11
7892,0,11
6309,0,11
6161,0,11
1461,0,11
8063,0,11
4957,0,11
7918,0,11
7208,0,11
7815,0,11
369,0,11
522,0,11
9373,0,11
9035,0,11
9435,0,11
2413,0,11
800,0,11
738,0,11
4444,0,11
8765,0,11
2200,0,11
9126,0,11
3114,0,11
6628,0,11
8931,0,11
951,0,11
1770,0,11
7488,0,11
7882,0,11
5619,0,11
6085,0,11
5515,0,11
3771,0,11
7077,0,11
9427,0,11
7154,0,11
2108,0,11
5554,0,11
6845,0,11
4587,0,11
1804,0,11
5548,0,11
9154,9,12
7941,9,12
4473,1,12
7069,2,12
4738,2,12
6548,3,12
6372,2,12
1752,4,12
5101,4,12
1725,5,12
7366,2,12
2634,3,12
1408,3,12
6583,3,12
7044,1,12
9797,1,12
1183,1,12
3593,6,12
2111,1,12
8449,3,12
6169,6,12
4069,9,12
8488,0,12
1584,0,12
9339,0,12
7623,0,12
6908,0,12
4996,0,12
8472,0,12
7260,0,12
5260,0,12
7119,0,12
3399,0,12
1883,0,12
6202,0,12
9619,0,12
3239,0,12
5852,0,12
1800,0,12
7784,0,12
1521,0,12
4797,0,12
1766,0,12
3037,0,12
9234,0,12
8241,0,12
3361,0,12
3928,0,12
5649,0,12
893,0,12
7985,0,12
8355,0,12
2761,0,12
7933,0,12
9299,0,12
6773,0,12
4815,0,12
9198,0,12
455,0,12
6747,0,12
6565,0,12
2547,0,12
3933,0,12
2563,0,12
9089,0,12
3009,0,12
7307,0,12
4414,0,12
6727,0,12
9480,0,12
1543,0,12
5082,0,12
254,0,12
9600,0,12
2349,0,12
5358,0,12
7922,0,12
7431,0,12
7666,0,12
6957,0,12
575,0,12
4060,0,12
7299,0,12
6601,0,12
2734,0,12
5583,0,12
3440,0,12
6054,0,12
9756,0,12
2997,0,12
7271,0,12
5783,0,12
4904,0,12
4011,0,12
9945,0,12
3408,0,12
1379,0,12
8382,0,12
5721,0,12
3462,0,12
1062,0,12
5169,0,12
8253,0,12
6851,0,12
4039,0,12
3090,0,12
6985,0,12
9995,0,12
7776,0,12
8469,0,12
5243,0,12
702,0,12
8458,0,12
1324,0,12
5278,0,12
7841,0,12
5409,0,12
125,0,12
4373,0,12
6453,0,12
6978,0,12
109,0,12
3441,0,12
4347,0,12
8646,0,12
476,0,12
2013,0,12
1778,0,12
4468,0,12
9768,0,12
1287,0,12
4304,2,13
7565,0,13
5947,6,13
5629,9,13
4184,9,13
3538,9,13
3820,9,13
5830,3,13
1874,2,13
6012,6,13
9737,8,13
1643,0,13
950,0,13
5659,0,13
1648,0,13
3407,0,13
279,6,13
5931,9,13
5046,0,13
4197,0,13
392,0,13
3233,0,13
1028,0,13
3144,0,13
2777,0,13
2662,0,13
4820,0,13
3218,0,13
2490,0,13
9767,0,13
4889,0,13
3912,0,13
6082,0,13
3197,0,13
1025,0,13
1435,0,13
1850,0,13
6199,0,13
8891,0,13
1107,0,13
2577,0,13
1453,0,13
7040,0,13
8711,0,13
9970,0,13
4712,0,13
9269,0,13
4480,0,13
7761,0,13
8116,0,13
6576,0,13
3223,0,13
2286,0,13
3550,0,13
7858,0,13
1064,0,13
2466,0,13
3857,0,13
7110,0,13
2153,0,13
2429,0,13
1431,0,13
2682,0,13
7164,0,13
8169,0,13
7389,0,13
3217,0,13
7098,0,13
4185,0,13
9472,0,13
590,0,13
5401,0,13
4826,0,13
9255,0,13
7036,0,13
4330,0,13
7195,0,13
1346,0,13
1429,0,13
2516,0,13
7463,0,13
9725,0,13
7194,0,13
1272,0,13
5526,0,13
9760,0,13
7690,0,13
3617,0,13
2661,0,13
8183,0,13
3691,0,13
4795,0,13
5262,0,13
750,0,13
2049,0,13
8321,0,13
9540,0,13
2765,0,13
2167,0,13
5388,0,13
6409,0,13
7314,0,13
1313,0,13
1802,0,13
9129,0,13
5768,0,13
4916,0,13
630,0,13
1494,0,13
146,0,13
5479,0,13
7432,0,13
3477,0,13
6047,0,13
2795,0,13
771,0,13
8016,0,13
4028,0,13
6200,0,13
1499,0,13
8058,0,13
7256,0,13
1535,0,13
3839,0,13
6061,0,13
4241,0,13
2183,0,13
7215,1,14
675,1,14
2281,2,14
6256,1,14
208,1,14
9523,1,14
5283,1,14
9572,1,14
1033,0,14
1084,0,14
2753,0,14
9680,0,14
1469,0,14
9163,0,14
1239,0,14
9012,0,14
8065,0,14
7266,0,14
2643,0,14
3343,0,14
1516,0,14
4968,0,14
9476,0,14
6449,0,14
6621,0,14
2212,0,14
1095,0,14
5156,0,14
2042,0,14
33,0,14
9829,0,14
1464,0,14
6789,0,14
9719,0,14
193,0,14
1618,0,14
5008,0,14
4351,0,14
5625,0,14
8148,0,14
8238,0,14
2051,0,14
6885,0,14
5248,0,14
1723,0,14
7551,0,14
4349,0,14
5181,0,14
7741,0,14
704,0,14
2379,0,14
4081,0,14
4230,0,14
5930,0,14
2615,0,14
3449,0,14
557,0,14
182,0,14
6269,0,14
8013,0,14
8197,0,14
5604,0,14
1977,0,14
8934,0,14
1711,0,14
6506,0,14
9257,0,14
5698,0,14
9811,0,14
7900,0,14
6910,0,14
8394,0,14
300,0,14
9188,0,14
121,0,14
2202,0,14
4128,0,14
198,0,14
9173,0,14
6126,0,14
1000,0,14
8021,0,14
2904,0,14
5491,0,14
8351,0,14
1847,0,14
7185,0,14
5459,0,14
7377,0,14
4102,0,14
5673,0,14
2602,0,14
3922,0,14
1537,0,14
3748,0,14
9008,0,14
5144,0,14
6076,0,14
4569,0,14
4959,0,14
7249,0,14
1563,0,14
3982,0,14
2097,0,14
929,0,14
2708,0,14
9553,0,14
8295,0,14
3282,0,14
1788,0,14
4443,0,14
4062,0,14
5020,0,14
9477,0,14
6369,0,14
4786,0,14
2572,0,14
4048,0,14
7583,0,14
3014,0,14
8132,0,14
212,0,14
6144,0,14
7681,0,14
3597,0,14
2935,0,14
1100,0,14
6587,0,14
4314,0,14
8924,0,14
2647,0,14
8602,0,14
7855,0,14
4876,0,14
8446,0,14
1289,0,14
1246,0,14
8952,0,14
739,0,14
9078,0,14
6379,0,14
4582,0,14
5697,0,14
7227,0,14
823,0,14
2601,0,14
5436,0,14
8240,0,14
8038,0,14
4274,0,14
9238,0,14
8055,0,14
4026,0,14
8903,0,14
3123,0,14
6255,0,14
9312,0,14
4765,0,14
4751,1,15
1389,6,15
4227,4,15
310,9,15
9825,5,15
1809,8,15
9441,1,15
5952,6,15
1871,9,15
8358,4,15
2444,1,15
6053,9,15
7171,1,15
8917,6,15
3518,8,15
2991,9,15
8460,0,15
8272,0,15
2189,0,15
1468,0,15
9796,0,15
7046,0,15
7469,0,15
1502,0,15
3198,0,15
9497,0,15
2963,0,15
4992,0,15
278,0,15
1548,0,15
1909,0,15
5202,0,15
8085,0,15
7452,0,15
3685,0,15
7999,0,15
977,0,15
2623,0,15
940,0,15
1532,0,15
5345,0,15
2680,0,15
3814,0,15
2493,0,15
6247,0,15
7310,0,15
4323,0,15
1066,0,15
7875,0,15
4224,0,15
4266,0,15
8890,0,15
9248,0,15
1876,0,15
9414,0,15
6160,0,15
3647,0,15
9039,0,15
8034,0,15
9482,0,15
5669,0,15
1341,0,15
6499,0,15
1108,0,15
2595,0,15
1012,0,15
1550,0,15
8,0,15
5449,0,15
7411,0,15
2371,0,15
3066,0,15
7478,0,15
4541,0,15
9718,0,15
5390,0,15
2667,0,15
8308,0,15
6604,0,15
6765,0,15
118,0,15
8666,0,15
3326,0,15
4965,0,15
6088,0,15
7232,0,15
607,0,15
6963,0,15
5318,0,15
612,0,15
1432,0,15
6017,0,15
852,0,15
7721,0,15
8069,0,15
8810,0,15
1283,0,15
8664,0,15
6319,0,15
7589,0,15
2078,0,15
3740,0,15
6143,0,15
2368,0,15
5341,0,15
4633,0,15
2912,0,15
352,0,15
359,0,15
2549,0,15
3888,0,15
6354,0,15
5762,0,15
8424,0,15
2533,0,15
4909,0,15
509,0,15
5445,0,15
6842,0,15
1497,0,15
9428,0,15
9270,0,15
9752,0,15
7643,0,15
5434,0,15
1173,0,15
6752,0,15
1607,0,15
8511,7,16
927,2,16
4808,0,16
5291,8,16
825,4,16
3222,7,16
6658,7,16
571,7,16
294,7,16
5451,7,16
3537,7,16
4853,0,16
1817,0,16
3974,0,16
3949,0,16
621,0,16
3598,0,16
4925,0,16
6227,0,16
9954,0,16
8273,0,16
7462,0,16
8050,0,16
1007,0,16
72,0,16
2339,0,16
5227,0,16
4012,0,16
439,0,16
2356,0,16
3834,0,16
3612,0,16
5367,0,16
9761,0,16
4508,0,16
4822,0,16
1961,0,16
6655,0,16
2888,0,16
1206,0,16
9216,0,16
3072,0,16
6260,0,16
1411,0,16
4067,0,16
5967,0,16
2604,0,16
6871,0,16
8699,0,16
5452,0,16
6893,0,16
2073,0,16
715,0,16
3446,0,16
9645,0,16
2559,0,16
9174,0,16
9304,0,16
6946,0,16
9729,0,16
9522,0,16
8070,0,16
9375,0,16
37,0,16
8120,0,16
7824,0,16
5305,0,16
7695,0,16
1863,0,16
1926,0,16
6969,0,16
4137,0,16
2195,0,16
7500,0,16
1056,0,16
123,0,16
5112,0,16
3155,0,16
606,0,16
4623,0,16
387,0,16
8642,0,16
4943,0,16
6684,0,16
4345,0,16
2875,0,16
7971,0,16
2182,0,16
8165,0,16
6201,0,16
3973,0,16
888,0,16
3212,0,16
5321,0,16
6029,0,16
8502,0,16
6809,0,16
605,0,16
3153,0,16
5582,0,16
4051,0,16
7724,0,16
2036,0,16
4198,0,16
6036,0,16
7485,0,16
2503,0,16
5770,0,16
6780,0,16
1671,0,16
975,0,16
2829,0,16
4581,0,16
1418,0,16
3929,0,16
2342,0,16
1094,0,16
4425,0,16
26,0,16
6087,0,16
845,0,16
709,0,16
5717,0,16
1227,0,16
7850,0,16
58,0,16
211,0,16
7050,0,16
3496,0,16
4202,0,16
4537,0,16
2815,0,16
2947,0,16
8563,9,17
94,9,17
2103,7,17
8313,6,17
3781,4,17
986,5,17
6443,2,17
511,2,17
1748,2,17
3867,1,17
4408,1,17
3797,1,17
4176,1,17
9949,1,17
8918,1,17
176,9,17
7823,0,17
5250,0,17
3345,0,17
5351,0,17
6902,0,17
6365,0,17
81,0,17
5570,0,17
2492,0,17
6089,0,17
5789,0,17
4730,0,17
4394,0,17
1742,0,17
966,0,17
9569,0,17
8933,0,17
6058,0,17
5902,0,17
297,0,17
1279,0,17
5684,0,17
4656,0,17
2433,0,17
8293,0,17
3715,0,17
1428,0,17
8731,0,17
8817,0,17
78,0,17
6220,0,17
4858,0,17
2683,0,17
3996,0,17
411,0,17
5764,0,17
7261,0,17
9740,0,17
6307,0,17
4600,0,17
9212,0,17
7024,0,17
6314,0,17
9090,0,17
9408,0,17
7078,0,17
7560,0,17
1605,0,17
2361,0,17
7278,0,17
4681,0,17
9411,0,17
4605,0,17
6697,0,17
175,0,17
8834,0,17
7631,0,17
9376,0,17
2665,0,17
60,0,17
8729,0,17
2711,0,17
5935,0,17
2739,0,17
326,0,17
9469,0,17
6447,0,17
3968,0,17
4148,0,17
6032,0,17
274,0,17
383,0,17
1872,0,17
3137,0,17
8457,0,17
3563,0,17
485,0,17
3285,0,17
6656,0,17
7876,0,17
7895,0,17
8605,0,17
2199,0,17
1286,0,17
7085,0,17
2402,0,17
3169,0,17
7362,0,17
1029,0,17
9865,0,17
840,0,17
2400,0,17
2542,0,17
5116,0,17
1889,0,17
9260,0,17
4663,0,17
5657,0,17
5085,0,17
3959,0,17
1175,0,17
8285,0,17
3871,0,17
9430,0,17
7557,0,17
6316,0,17
3807,0,17
6333,0,17
1266,0,17
9195,0,17
651,0,17
4005,0,17
5595,0,17
7172,0,17
4550,0,17
9890,0,17
3700,0,17
6337,0,17
372,0,17
9851,0,17
246,0,17
5782,0,17
426,0,17
624,0,17
664,0,17
3076,0,17
1841,0,17
1714,4,18
6931,9,18
687,9,18
4050,6,18
8088,5,18
3822,7,18
4628,2,18
3353,3,18
7770,9,18
3886,9,18
7291,4,18
879,4,18
2428,9,18
3772,0,18
2582,0,18
5424,0,18
5997,0,18
871,0,18
5646,0,18
9058,0,18
1329,0,18
8507,0,18
2107,0,18
229,0,18
5505,0,18
9876,0,18
6831,0,18
1485,0,18
1988,0,18
925,0,18
8143,0,18
2240,0,18
2480,0,18
6353,0,18
5970,0,18
2531,0,18
4217,0,18
8218,0,18
5206,0,18
1873,0,18
9363,0,18
5953,0,18
1076,0,18
6772,0,18
9172,0,18
8372,0,18
7731,0,18
6114,0,18
8561,0,18
8983,0,18
2848,0,18
157,0,18
4477,0,18
2989,0,18
8211,0,18
451,0,18
3271,0,18
7435,0,18
8364,0,18
9315,0,18
4207,0,18
4622,0,18
9099,0,18
1616,0,18
3272,0,18
625,0,18
1394,0,18
729,0,18
8732,0,18
2313,0,18
9125,0,18
5018,0,18
9732,0,18
2522,0,18
4401,0,18
4105,0,18
7212,0,18
9278,0,18
6366,0,18
6768,0,18
7913,0,18
9625,0,18
1271,0,18
7592,0,18
5251,0,18
5525,0,18
994,0,18
5239,0,18
5966,0,18
6132,0,18
1382,0,18
8613,0,18
1393,0,18
1970,0,18
5332,0,18
6042,0,18
6688,0,18
7940,0,18
7152,0,18
5897,0,18
6063,0,18
214,0,18
9124,0,18
7430,0,18
5513,0,18
2644,0,18
4140,0,18
2094,0,18
7833,0,18
8102,0,18
7061,0,18
3852,0,18
9042,0,18
7268,0,18
3778,0,18
6606,0,18
6524,0,18
6338,0,18
4296,0,18
4335,0,18
1400,0,18
1884,0,18
9437,0,18
7436,0,18
465,0,18
293,0,18
2320,0,18
7018,0,18
5145,0,18
1275,0,18
2241,0,18
707,0,18
737,0,18
215,0,18
5172,0,18
3732,0,18
8027,0,18
1505,0,18
7548,0,18
1894,0,18
6175,0,18
6211,0,18
3157,0,18
1190,0,18
8683,0,18
8862,0,18
4256,0,18
2653,0,18
8317,0,18
3746,0,18
9877,0,18
7879,0,18
3662,0,18
3052,0,18
9413,1,19
6508,3,19
8961,7,19
7693,7,19
3385,9,19
5665,4,19
932,1,19
9191,8,19
3866,0,19
722,3,19
5872,1,19
6622,7,19
1911,1,19
1813,7,19
9604,8,19
2147,0,19
5168,0,19
9355,0,19
8243,0,19
2192,0,19
2586,0,19
6391,0,19
56,0,19
2393,0,19
5420,0,19
6911,0,19
1145,0,19
5463,0,19
457,0,19
6398,0,19
8018,0,19
7723,0,19
9903,0,19
7626,0,19
7772,0,19
8695,0,19
410,0,19
9946,0,19
8010,0,19
6897,0,19
3831,0,19
8280,0,19
9101,0,19
3879,0,19
6812,0,19
9121,0,19
4934,0,19
6808,0,19
1243,0,19
8235,0,19
1816,0,19
467,0,19
5718,0,19
95,0,19
4359,0,19
7854,0,19
3554,0,19
2816,0,19
5756,0,19
5485,0,19
264,0,19
1075,0,19
1630,0,19
6829,0,19
2181,0,19
7327,0,19
2813,0,19
3755,0,19
250,0,19
8329,0,19
9907,0,19
2970,0,19
2496,0,19
9446,0,19
4385,0,19
1368,0,19
667,0,19
768,0,19
2270,0,19
6948,0,19
8759,0,19
7064,0,19
8071,0,19
239,0,19
8803,0,19
6927,0,19
9546,0,19
7853,0,19
6930,0,19
1675,0,19
5598,0,19
1355,0,19
8596,0,19
2284,0,19
1165,0,19
8277,0,19
5493,0,19
3002,0,19
8138,0,19
6098,0,19
778,0,19
1020,0,19
8851,0,19
9692,0,19
5127,0,19
5154,0,19
9131,0,19
514,0,19
3230,0,19
4356,0,19
4263,0,19
6751,0,19
3503,0,19
8131,0,19
3915,0,19
472,0,19
8107,0,19
1754,0,19
4492,0,19
7445,0,19
7582,0,19
5544,0,19
9063,0,19
4659,0,19
1928,0,19
4329,0,19
7685,0,19
3556,0,19
2427,0,19
7084,0,19
3795,0,19
1833,0,19
1080,0,19
5810,0,19
3889,0,19
4000,0,19
7106,0,19
7357,0,19
7586,0,19
7439,0,19
7350,0,19
5186,0,19
5032,0,19
2864,0,19
3853,0,19
9988,0,19
13,0,19
9226,0,19
2476,0,19
2084,0,19
3347,0,19
461,0,19
2265,0,19
3944,0,19
8861,0,19
9985,0,19
8857,0,19
218,0,19
2233,0,19
1940,0,19
773,0,19
4828,0,19
2168,0,19
626,0,19
4874,8,20
1903,7,20
8688,8,20
8894,0,20
2679,1,20
5714,2,20
2652,2,20
6521,8,20
6687,8,20
7349,0,20
2138,0,20
2870,0,20
336,0,20
1545,0,20
8189,0,20
939,0,20
9318,0,20
7654,0,20
4589,0,20
2453,0,20
4643,0,20
4396,0,20
6958,0,20
7471,0,20
8978,0,20
4613,0,20
8584,0,20
8640,0,20
3400,0,20
1153,0,20
8881,0,20
115,0,20
5185,0,20
8234,0,20
6116,0,20
6025,0,20
5948,0,20
9864,0,20
4056,0,20
6909,0,20
5546,0,20
4882,0,20
5139,0,20
7649,0,20
173,0,20
9468,0,20
9262,0,20
1421,0,20
1960,0,20
3168,0,20
5537,0,20
487,0,20
119,0,20
7915,0,20
6943,0,20
1366,0,20
761,0,20
7653,0,20
3195,0,20
1377,0,20
9720,0,20
5795,0,20
1812,0,20
1882,0,20
7319,0,20
4313,0,20
5744,0,20
2056,0,20
4025,0,20
6559,0,20
3680,0,20
724,0,20
7035,0,20
9313,0,20
5859,0,20
4415,0,20
4993,0,20
6397,0,20
3917,0,20
492,0,20
6191,0,20
7907,0,20
8005,0,20
6273,0,20
5060,0,20
2048,0,20
3989,0,20
1483,0,20
7605,0,20
9545,0,20
518,0,20
7763,0,20
4228,0,20
6105,0,20
6166,0,20
3943,0,20
8480,0,20
9730,0,20
7749,0,20
3255,0,20
2439,0,20
9684,0,20
7942,0,20
1656,0,20
9064,0,20
1755,0,20
2735,0,20
9463,0,20
6891,0,20
6034,0,20
3270,0,20
6596,0,20
4715,0,20
4181,0,20
647,0,20
782,0,20
102,0,20
5741,0,20
9302,0,20
5106,0,20
9713,0,20
559,0,20
9976,0,20
9161,0,20
9862,0,20
2130,0,20
6984,0,20
7904,0,20
4595,1,21
8946,1,21
9611,9,21
7575,9,21
8703,6,21
7709,8,21
8014,5,21
42,1,21
8119,2,21
874,3,21
6672,9,21
9843,9,21
3528,0,21
8863,0,21
7181,0,21
2384,0,21
4669,1,21
2953,5,21
4793,0,21
3393,1,21
6213,5,21
3471,9,21
2160,0,21
964,0,21
1294,0,21
7396,0,21
608,0,21
8455,0,21
4265,0,21
7464,0,21
5034,0,21
5294,0,21
3833,0,21
2347,0,21
1299,0,21
3663,0,21
3654,0,21
720,0,21
5638,0,21
8462,0,21
2962,0,21
2408,0,21
8681,0,21
1308,0,21
9579,0,21
2980,0,21
7668,0,21
2728,0,21
1265,0,21
1835,0,21
915,0,21
2872,0,21
260,0,21
1707,0,21
7273,0,21
4787,0,21
8503,0,21
9391,0,21
133,0,21
5447,0,21
7235,0,21
5800,0,21
2025,0,21
2823,0,21
1054,0,21
9105,0,21
5572,0,21
5066,0,21
2316,0,21
8078,0,21
7506,0,21
5650,0,21
4361,0,21
3454,0,21
1124,0,21
6535,0,21
3491,0,21
2119,0,21
7680,0,21
4077,0,21
8331,0,21
958,0,21
1660,0,21
838,0,21
9771,0,21
6818,0,21
6796,0,21
9145,0,21
2684,0,21
8284,0,21
2266,0,21
345,0,21
6719,0,21
7659,0,21
3050,0,21
7919,0,21
9582,0,21
152,0,21
7982,0,21
9074,0,21
9509,0,21
412,0,21
8288,0,21
8486,0,21
4370,0,21
2271,0,21
2557,0,21
3940,0,21
2768,0,21
9331,0,21
7182,0,21
2536,0,21
6619,0,21
4768,0,21
2694,0,21
1712,0,21
9485,0,21
9040,0,21
7067,0,21
6690,0,21
7466,0,21
555,0,21
2052,0,21
8410,0,21
7579,0,21
2969,0,21
4757,0,21
4403,0,21
5561,0,21
3208,0,21
2149,0,21
4814,0,21
2877,0,21
4021,0,21
1662,0,21
3161,0,21
6823,0,21
4667,0,21
7402,0,21
8769,0,21
9629,0,21
1291,0,21
3712,0,21
6452,0,21
4424,0,21
878,0,21
1467,0,21
3588,7,22
8263,8,22
849,5,22
8213,7,22
9587,9,22
2251,0,22
2447,4,22
5113,8,22
2781,2,22
6468,2,22
2733,7,22
558,4,22
6686,7,22
7664,0,22
9091,0,22
9247,0,22
8823,0,22
7058,0,22
2592,0,22
3262,0,22
3761,0,22
83,0,22
5167,0,22
2295,0,22
4570,0,22
8454,0,22
1143,0,22
6286,0,22
4498,0,22
39,0,22
2116,0,22
6573,0,22
5255,0,22
3787,0,22
6171,0,22
4877,0,22
6310,0,22
2156,0,22
1575,0,22
4989,0,22
2972,0,22
2105,0,22
8168,0,22
6878,0,22
3887,0,22
5567,0,22
9701,0,22
77,0,22
8825,0,22
1268,0,22
6944,0,22
676,0,22
5552,0,22
9144,0,22
1407,0,22
1895,0,22
2044,0,22
1984,0,22
2688,0,22
2642,0,22
2255,0,22
3107,0,22
9960,0,22
4917,0,22
6867,0,22
8266,0,22
8795,0,22
8617,0,22
6001,0,22
2951,0,22
1360,0,22
3070,0,22
8788,0,22
2767,0,22
9923,0,22
1891,0,22
5799,0,22
4953,0,22
8844,0,22
2725,0,22
1776,0,22
5977,0,22
3552,0,22
6575,0,22
1922,0,22
1331,0,22
7052,0,22
8316,0,22
2512,0,22
9276,0,22
6491,0,22
9459,0,22
4892,0,22
2707,0,22
4032,0,22
926,0,22
8226,0,22
1901,0,22
6457,0,22
8357,0,22
5654,0,22
2751,0,22
847,0,22
6134,0,22
3021,0,22
3520,0,22
7540,0,22
4075,0,22
5343,0,22
6543,0,22
6420,0,22
8785,0,22
8444,0,22
6069,0,22
4404,0,22
9808,0,22
9888,0,22
1586,0,22
3425,0,22
2448,0,22
399,0,22
6003,0,22
3884,0,22
3945,0,22
1797,0,22
5287,0,22
9921,0,22
9571,0,22
6323,0,22
5084,0,22
3702,0,22
6422,0,22
4047,0,22
553,0,22
4573,0,22
280,0,22
1878,0,22
2835,0,22
4857,1,23
8792,0,23
4065,6,23
5299,6,23
5000,3,23
6763,4,23
2804,1,23
360,1,23
2127,5,23
5558,8,23
36,0,23
3256,2,23
6711,0,23
3507,1,23
8108,0,23
2011,1,23
8972,5,23
8051,8,23
6657,0,23
1405,0,23
7737,0,23
6128,0,23
6588,0,23
3626,0,23
4821,0,23
4556,0,23
991,0,23
5751,0,23
5522,0,23
2579,0,23
5405,0,23
7449,0,23
7496,0,23
298,0,23
5384,0,23
6195,0,23
6135,0,23
8006,0,23
143,0,23
6771,0,23
8606,0,23
2068,0,23
7410,0,23
7330,0,23
5142,0,23
3679,0,23
7599,0,23
2458,0,23
9824,0,23
7483,0,23
3619,0,23
5640,0,23
6965,0,23
1538,0,23
1288,0,23
41,0,23
2004,0,23
4398,0,23
6602,0,23
5312,0,23
395,0,23
9077,0,23
3124,0,23
1530,0,23
5173,0,23
7682,0,23
8428,0,23
6975,0,23
9492,0,23
3482,0,23
242,0,23
3289,0,23
1135,0,23
8276,0,23
2658,0,23
527,0,23
7217,0,23
6665,0,23
7946,0,23
2534,0,23
1159,0,23
6629,0,23
5021,0,23
1663,0,23
4269,0,23
2524,0,23
8609,0,23
153,0,23
1890,0,23
6130,0,23
5700,0,23
4437,0,23
3221,0,23
6562,0,23
2839,0,23
5965,0,23
7539,0,23
1138,0,23
4554,0,23
6852,0,23
1929,0,23
4747,0,23
5387,0,23
1749,0,23
7734,0,23
6274,0,23
8178,0,23
9899,0,23
9267,0,23
7797,0,23
2114,0,23
5916,0,23
2916,0,23
7132,0,23
9311,0,23
7137,0,23
2304,0,23
344,0,23
5307,0,23
6384,0,23
6651,0,23
2699,0,23
5545,0,23
8824,0,23
7802,0,23
7783,0,23
2866,0,23
510,0,23
6002,0,23
3599,0,23
6293,0,23
1870,0,23
4354,0,23
7294,0,23
334,0,23
4893,0,23
9325,0,23
5460,0,23
8698,3,24
8990,6,24
3088,0,24
5365,8,24
4928,5,24
6363,5,24
3847,2,24
3666,2,24
8826,0,24
4895,0,24
6618,0,24
7964,0,24
4397,0,24
4247,0,24
2783,0,24
5431,0,24
705,0,24
7521,0,24
6717,0,24
6922,0,24
9762,0,24
4476,0,24
9455,0,24
7021,0,24
3190,0,24
3405,0,24
5536,0,24
4710,0,24
4507,0,24
224,0,24
2900,0,24
9197,0,24
3095,0,24
9943,0,24
4684,0,24
9273,0,24
7511,0,24
1051,0,24
8465,0,24
515,0,24
7974,0,24
1349,0,24
4095,0,24
4559,0,24
7751,0,24
9130,0,24
9984,0,24
7324,0,24
7115,0,24
5019,0,24
6743,0,24
2802,0,24
12,0,24
7131,0,24
701,0,24
521,0,24
475,0,24
5207,0,24
3568,0,24
6929,0,24
2738,0,24
784,0,24
976,0,24
5370,0,24
7371,0,24
6127,0,24
7492,0,24
2756,0,24
7509,0,24
2256,0,24
3167,0,24
9454,0,24
8601,0,24
6914,0,24
4009,0,24
5097,0,24
3855,0,24
1383,0,24
2228,0,24
8992,0,24
3274,0,24
2121,0,24
3932,0,24
9021,0,24
3805,0,24
1438,0,24
2302,0,24
3777,0,24
2698,0,24
581,0,24
783,0,24
2745,0,24
5475,0,24
1759,0,24
1556,0,24
2792,0,24
3710,0,24
7192,0,24
7860,0,24
2417,0,24
9390,0,24
1314,0,24
7954,0,24
6192,0,24
9303,0,24
6630,0,24
1681,0,24
9724,0,24
1866,0,24
5290,0,24
3794,0,24
7809,0,24
6164,0,24
5209,0,24
9942,0,24
8876,0,24
9940,0,24
8456,0,24
7325,0,24
3428,0,24
6106,0,24
3063,0,24
7072,0,24
6785,4,25
4235,0,25
9135,8,25
7553,3,25
7459,1,25
5369,5,25
6555,2,25
851,4,25
2844,4,25
2766,1,25
2298,4,25
6480,0,25
8402,0,25
9650,0,25
3429,0,25
5942,0,25
2126,0,25
4275,0,25
2843,0,25
5083,0,25
1954,0,25
230,0,25
2449,0,25
3278,0,25
5798,0,25
8819,0,25
5069,0,25
5929,0,25
3078,0,25
3133,0,25
7700,0,25
3134,0,25
9080,0,25
7677,0,25
7813,0,25
5907,0,25
8158,0,25
128,0,25
8430,0,25
1472,0,25
4789,0,25
4863,0,25
1034,0,25
5483,0,25
3422,0,25
1652,0,25
4784,0,25
6802,0,25
1910,0,25
3641,0,25
97,0,25
2145,0,25
49,0,25
7264,0,25
5107,0,25
973,0,25
3870,0,25
3094,0,25
691,0,25
8310,0,25
8203,0,25
4514,0,25
7343,0,25
8508,0,25
1245,0,25
7290,0,25
6270,0,25
3768,0,25
8118,0,25
6899,0,25
4199,0,25
5823,0,25
6138,0,25
6894,0,25
1783,0,25
7251,0,25
6013,0,25
1451,0,25
8239,0,25
5932,0,25
2350,0,25
6408,0,25
6571,0,25
6489,0,25
6703,0,25
9465,0,25
3349,0,25
9599,0,25
6436,0,25
8700,0,25
5179,0,25
61,0,25
6268,0,25
5159,0,25
5120,0,25
3210,0,25
4848,0,25
3600,0,25
8184,0,25
1458,0,25
9296,0,25
2159,0,25
1945,0,25
6660,0,25
8638,0,25
3188,0,25
6797,0,25
8615,0,25
8199,0,25
7566,0,25
754,0,25
1685,0,25
645,0,25
6249,0,25
6482,0,25
9741,0,25
9367,0,25
2737,0,25
6510,0,25
2221,0,25
7062,0,25
8473,0,25
5664,0,25
2664,0,25
4898,0,25
4824,0,25
4783,0,25
5745,0,25
9757,0,25
6806,0,25
2085,0,25
3977,0,25
2506,0,25
8610,0,25
2375,0,25
8852,0,25
7840,0,25
8194,0,25
9361,0,25
7863,0,25
9891,0,25
8627,5,26
4687,8,26
5268,6,26
7616,9,26
3993,7,26
5373,3,26
4337,7,26
535,7,26
1231,6,26
1519,5,26
9883,2,26
1624,1,26
4116,9,26
5062,4,26
4748,1,26
1744,9,26
6221,1,26
2309,4,26
5591,6,26
564,9,26
7413,0,26
892,0,26
2231,0,26
2484,0,26
2606,0,26
5681,0,26
6094,0,26
8895,0,26
3067,0,26
8799,0,26
363,0,26
3711,0,26
3010,0,26
4461,0,26
4333,0,26
7206,0,26
346,0,26
4319,0,26
8619,0,26
9834,0,26
7529,0,26
9597,0,26
1558,0,26
6637,0,26
2274,0,26
9016,0,26
4120,0,26
1448,0,26
4300,0,26
1915,0,26
2118,0,26
1831,0,26
3352,0,26
8106,0,26
204,0,26
1799,0,26
2141,0,26
2010,0,26
9432,0,26
9659,0,26
2865,0,26
9501,0,26
7711,0,26
2906,0,26
7482,0,26
3383,0,26
9007,0,26
8166,0,26
1503,0,26
6279,0,26
2788,0,26
3513,0,26
9076,0,26
9153,0,26
4543,0,26
7722,0,26
4574,0,26
4074,0,26
1726,0,26
9328,0,26
6592,0,26
4516,0,26
4803,0,26
4796,0,26
3500,0,26
4138,0,26
7906,0,26
6644,0,26
9993,0,26
3964,0,26
6033,0,26
2075,0,26
3300,0,26
1466,0,26
9083,0,26
9542,0,26
4237,0,26
3388,0,26
6695,0,26
7857,0,26
568,0,26
4832,0,26
6766,0,26
3651,0,26
2403,0,26
5514,0,26
3835,0,26
6394,0,26
317,0,26
8350,0,26
3564,0,26
1312,0,26
1938,0,26
7347,0,26
5959,0,26
6405,0,26
9830,0,26
3183,0,26
9997,0,26
8791,0,26
2082,0,26
2581,0,26
5453,0,26
5414,0,26
3745,0,26
3253,0,26
7816,0,26
5874,0,26
7361,0,26
4236,0,26
8583,0,26
6037,0,26
9873,0,26
8927,0,26
5870,0,26
9919,0,26
1416,0,26
9370,0,26
5490,0,26
5303,0,26
6615,0,26
9690,0,26
5267,0,26
1465,0,26
2176,0,26
8922,0,26
7665,0,26
8887,0,26
8543,5,27
2790,4,27
9665,4,27
9046,6,27
9596,8,27
3041,8,27
4085,0,27
7186,0,27
5994,1,27
9495,1,27
7016,1,27
5946,0,27
6152,0,27
2151,0,27
2764,0,27
1953,0,27
5825,0,27
8222,0,27
9014,0,27
2102,0,27
9621,0,27
2999,0,27
987,0,27
9,0,27
551,0,27
8764,0,27
3115,0,27
8227,0,27
9989,0,27
9381,0,27
6022,0,27
6971,0,27
9822,0,27
7368,0,27
6339,0,27
228,0,27
9156,0,27
2913,0,27
5589,0,27
358,0,27
2336,0,27
5626,0,27
6212,0,27
5838,0,27
1316,0,27
8003,0,27
6708,0,27
9554,0,27
5531,0,27
8997,0,27
8101,0,27
1171,0,27
981,0,27
5590,0,27
9938,0,27
2,0,27
8865,0,27
6261,0,27
5410,0,27
3180,0,27
2917,0,27
3531,0,27
1319,0,27
7928,0,27
2185,0,27
9543,0,27
7187,0,27
4063,0,27
5541,0,27
2641,0,27
4727,0,27
517,0,27
7450,0,27
7191,0,27
4045,0,27
3189,0,27
842,0,27
1406,0,27
9585,0,27
6469,0,27
6569,0,27
2691,0,27
2740,0,27
1174,0,27
2598,0,27
7204,0,27
6679,0,27
4637,0,27
9236,0,27
2924,0,27
8147,0,27
9549,0,27
8841,0,27
3036,0,27
2712,0,27
417,0,27
8599,0,27
194,0,27
5614,0,27
164,0,27
6898,0,27
6441,0,27
1092,0,27
6358,0,27
219,0,27
9855,0,27
2979,0,27
7698,0,27
4440,0,27
1615,0,27
1083,0,27
2390,0,27
2237,0,27
8349,0,27
8758,0,27
3465,0,27
6222,0,27
5293,0,27
1116,0,27
3735,0,27
8652,0,27
9071,0,27
7866,0,27
231,0,27
1110,0,27
6466,0,27
5758,0,27
3184,0,27
9971,1,28
9904,0,28
99,7,28
1470,9,28
6507,4,28
2508,6,28
4654,8,28
1950,1,28
682,7,28
2095,7,28
7996,9,28
3694,9,28
1904,7,28
4288,1,28
17,7,28
3821,9,28
3677,0,28
76,0,28
6625,0,28
7048,0,28
4289,0,28
9457,0,28
315,0,28
2098,0,28
1728,0,28
636,0,28
6396,0,28
2873,0,28
7161,0,28
7168,0,28
5835,0,28
9872,0,28
4520,0,28
2486,0,28
2660,0,28
2583,0,28
6850,0,28
4647,0,28
678,0,28
4708,0,28
7757,0,28
644,0,28
5888,0,28
6794,0,28
8548,0,28
8728,0,28
4052,0,28
9175,0,28
7558,0,28
545,0,28
817,0,28
3804,0,28
342,0,28
5938,0,28
1763,0,28
8971,0,28
8294,0,28
2911,0,28
3687,0,28
5987,0,28
867,0,28
3288,0,28
5191,0,28
2166,0,28
5978,0,28
703,0,28
585,0,28
5648,0,28
6837,0,28
5891,0,28
8519,0,28
5353,0,28
6598,0,28
9185,0,28
8510,0,28
4867,0,28
55,0,28
8797,0,28
6073,0,28
2649,0,28
8535,0,28
7284,0,28
4575,0,28
5487,0,28
6827,0,28
3521,0,28
2213,0,28
8492,0,28
6415,0,28
1552,0,28
5740,0,28
6129,0,28
1842,0,28
7448,0,28
3846,0,28
1079,0,28
3997,0,28
1611,0,28
8623,0,28
5596,0,28
4779,0,28
5482,0,28
3774,0,28
8813,0,28
5806,0,28
7090,0,28
2389,0,28
4725,0,28
9635,0,28
1526,0,28
9186,0,28
8448,0,28
2046,0,28
6427,0,28
1631,0,28
7953,0,28
3542,0,28
1917,0,28
4125,0,28
7382,0,28
356,0,28
5310,0,28
8796,0,28
8860,0,28
325,0,28
8111,0,28
4752,0,28
8185,0,28
9965,0,28
5039,0,28
270,0,28
9956,0,28
4049,0,28
3920,0,28
2817,0,28
1188,0,28
1946,0,28
4910,0,28
7339,0,28
7808,0,28
7828,0,28
6124,0,28
2678,0,28
5786,0,28
4211,0,28
9870,0,28
1515,0,28
8691,0,28
8328,0,28
7934,0,28
9283,0,28
7965,0,28
3017,6,29
4192,3,29
5643,2,29
1149,1,29
5212,9,29
3571,6,29
7718,0,29
9978,0,29
8062,0,29
1248,0,29
2686,0,29
4118,0,29
4146,0,29
4042,0,29
5535,0,29
4519,0,29
4383,0,29
8914,0,29
3953,0,29
1401,0,29
1043,0,29
9704,0,29
9085,0,29
5587,0,29
3766,0,29
4716,0,29
5695,0,29
2194,0,29
8204,0,29
9953,0,29
7392,0,29
507,0,29
2914,0,29
3664,0,29
7634,0,29
7105,0,29
8550,0,29
3708,0,29
4270,0,29
4678,0,29
7352,0,29
880,0,29
7577,0,29
9736,0,29
7518,0,29
4777,0,29
3489,0,29
6633,0,29
749,0,29
5686,0,29
7272,0,29
2671,0,29
6223,0,29
8656,0,29
8074,0,29
6853,0,29
578,0,29
4156,0,29
319,0,29
7099,0,29
8471,0,29
8115,0,29
276,0,29
7141,0,29
1647,0,29
4956,0,29
655,0,29
413,0,29
1478,0,29
6027,0,29
9360,0,29
9583,0,29
8416,0,29
7454,0,29
1102,0,29
38,0,29
952,0,29
8832,0,29
1069,0,29
9062,0,29
6305,0,29
4532,0,29
9577,0,29
9914,0,29
9093,0,29
9675,0,29
5687,0,29
1905,0,29
1200,0,29
6303,0,29
6783,0,29
6444,0,29
6536,0,29
6721,0,29
8379,0,29
8932,0,29
237,0,29
440,0,29
4453,0,29
7088,0,29
8206,0,29
9823,0,29
7820,0,29
1997,0,29
2377,0,29
8763,0,29
1857,0,29
4439,0,29
2573,0,29
1321,0,29
4584,0,29
5780,0,29
8022,0,29
7043,0,29
3122,0,29
3992,0,29
2621,0,29
6357,0,29
8554,0,29
1514,0,29
689,0,29
4568,0,29
989,0,29
538,0,29
8236,0,29
9256,0,29
170,0,29
1885,0,29
7281,0,29
8187,0,29
2348,0,29
7337,0,29
3075,0,29
1867,7,30
5905,1,30
4529,4,30
4790,9,30
124,0,30
9053,0,30
4195,0,30
1088,0,30
8717,0,30
6298,0,30
4106,0,30
4058,0,30
7513,0,30
22,0,30
1223,0,30
5631,0,30
9791,0,30
9918,0,30
7609,0,30
8370,0,30
7189,0,30
9116,0,30
6031,0,30
1941,0,30
1974,0,30
7753,0,30
9094,0,30
9835,0,30
6833,0,30
7994,0,30
5123,0,30
7091,0,30
2312,0,30
2742,0,30
1019,0,30
1862,0,30
3962,0,30
3472,0,30
5569,0,30
9857,0,30
9598,0,30
8872,0,30
8896,0,30
3121,0,30
9293,0,30
9863,0,30
3979,0,30
6258,0,30
6838,0,30
1375,0,30
7818,0,30
7712,0,30
8369,0,30
583,0,30
7519,0,30
8499,0,30
9744,0,30
622,0,30
2184,0,30
9879,0,30
1318,0,30
9332,0,30
1093,0,30
9592,0,30
1077,0,30
5236,0,30
217,0,30
7118,0,30
1202,0,30
8849,0,30
5912,0,30
8097,0,30
3249,0,30
6545,0,30
3458,0,30
3202,0,30
3125,0,30
9774,0,30
756,0,30
4141,0,30
1736,0,30
6856,0,30
5225,0,30
3954,0,30
2229,0,30
6110,0,30
8721,0,30
7490,0,30
4843,0,30
7525,0,30
8130,0,30
159,0,30
2416,0,30
1952,0,30
1197,0,30
1906,0,30
7661,0,30
8265,0,30
6052,0,30
3368,0,30
130,0,30
530,0,30
150,0,30
1562,0,30
3062,0,30
3610,0,30
7120,0,30
870,0,30
6906,0,30
1965,0,30
8230,0,30
3140,0,30
9552,0,30
6149,0,30
919,0,30
2367,0,30
2343,0,30
364,0,30
828,0,30
1303,0,30
4044,0,30
1720,0,30
5715,0,30
8630,0,30
4973,0,30
8332,0,30
4386,0,30
6287,0,30
824,0,30
21,0,30
9412,0,30
3220,4,31
2773,7,31
5752,0,31
3033,0,31
1665,1,31
3862,8,31
7311,8,31
5919,5,31
9536,2,31
7329,6,31
7009,6,31
3514,3,31
9479,4,31
441,9,31
3682,7,31
1718,7,31
7878,0,31
6045,7,31
1787,0,31
4672,7,31
524,0,31
2209,0,31
7847,0,31
6253,0,31
2499,0,31
9442,0,31
8682,0,31
7742,0,31
5064,0,31
541,0,31
3549,0,31
7320,0,31
7845,0,31
1061,0,31
6428,0,31
8371,0,31
8802,0,31
2142,0,31
3877,0,31
1682,0,31
2482,0,31
4762,0,31
462,0,31
3100,0,31
4593,0,31
9409,0,31
4618,0,31
2922,0,31
4505,0,31
5005,0,31
3336,0,31
6803,0,31
6774,0,31
5592,0,31
8789,0,31
6718,0,31
3303,0,31
4497,0,31
3486,0,31
1147,0,31
7124,0,31
1932,0,31
3209,0,31
5152,0,31
2426,0,31
9516,0,31
3904,0,31
988,0,31
9017,0,31
2218,0,31
6634,0,31
5150,0,31
8374,0,31
6693,0,31
3738,0,31
9530,0,31
9034,0,31
4053,0,31
8635,0,31
9581,0,31
9364,0,31
2785,0,31
3535,0,31
3378,0,31
690,0,31
8726,0,31
2440,0,31
1017,0,31
1326,0,31
1158,0,31
1277,0,31
287,0,31
1192,0,31
9420,0,31
3384,0,31
4124,0,31
3649,0,31
5576,0,31
3522,0,31
8057,0,31
8105,0,31
2074,0,31
9352,0,31
2769,0,31
9310,0,31
9044,0,31
9279,0,31
6472,0,31
1122,0,31
8146,0,31
59,0,31
7595,0,31
1539,0,31
3543,0,31
6525,0,31
6446,0,31
4861,0,31
4536,0,31
6486,0,31
7440,0,31
9541,0,31
9143,0,31
6781,0,31
1133,0,31
3177,0,31
4785,0,31
2062,0,31
4590,0,31
7031,0,31
503,0,31
6352,0,31
2772,0,31
8926,0,31
7158,0,31
432,0,31
4365,0,31
4449,0,31
6364,0,31
6461,0,31
9189,0,31
4612,0,31
9335,0,31
8413,0,31
6322,0,31
2033,0,31
7438,0,31
6676,0,31
3812,0,31
6901,0,31
5381,0,31
8174,0,31
8044,0,31
8775,0,31
408,0,32
4645,8,32
6118,8,32
5827,7,32
4251,9,32
1944,4,32
7969,0,32
609,3,32
9452,6,32
496,2,32
9059,0,32
6991,6,32
4305,0,32
4851,0,32
7094,0,32
7538,0,32
2245,0,32
801,0,32
3718,0,32
3397,0,32
6999,0,32
8581,0,32
9710,0,32
7451,0,32
5413,0,32
1264,0,32
5593,0,32
632,0,32
7920,0,32
6068,0,32
2670,0,32
8925,0,32
7691,0,32
9968,0,32
314,0,32
9359,0,32
8347,0,32
2929,0,32
8680,0,32
1449,0,32
1311,0,32
1963,0,32
2272,0,32
6244,0,32
7365,0,32
1762,0,32
3605,0,32
9281,0,32
3863,0,32
7885,0,32
6805,0,32
595,0,32
6113,0,32
6664,0,32
7406,0,32
8879,0,32
6109,0,32
1684,0,32
9785,0,32
6613,0,32
2992,0,32
6386,0,32
4043,0,32
9776,0,32
8423,0,32
4906,0,32
9068,0,32
5053,0,32
2161,0,32
4864,0,32
6297,0,32
3813,0,32
9348,0,32
1139,0,32
1134,0,32
6278,0,32
8899,0,32
853,0,32
1861,0,32
9754,0,32
3602,0,32
3656,0,32
7080,0,32
8209,0,32
8167,0,32
477,0,32
2860,0,32
706,0,32
5147,0,32
9252,0,32
8451,0,32
3765,0,32
4463,0,32
4495,0,32
1981,0,32
8365,0,32
3322,0,32
86,0,32
4262,0,32
4072,0,32
6455,0,32
3096,0,32
6635,0,32
1574,0,32
4426,0,32
6623,0,32
6680,0,32
7280,0,32
9781,0,32
3875,0,32
7422,0,32
3085,0,32
1184,0,32
5733,0,32
6282,0,32
6343,0,32
3332,0,32
4091,0,32
8156,0,32
4891,0,32
7545,0,32
1179,0,32
3312,0,32
4488,0,32
5791,0,32
3703,0,32
4259,0,32
6866,0,32
3695,0,32
8588,0,32
3103,0,32
5464,0,32
1343,0,32
52,0,33
3752,0,33
3827,4,33
154,6,33
2836,1,33
5728,2,33
9213,8,33
9503,8,33
5286,0,33
8551,0,33
4358,7,33
6083,7,33
3485,7,33
7407,7,33
6836,0,33
7821,0,33
5675,0,33
7814,0,33
7963,0,33
7475,0,33
3874,0,33
160,0,33
793,0,33
2697,0,33
7312,0,33
8947,0,33
662,0,33
6008,0,33
1203,0,33
1957,0,33
3260,0,33
4389,0,33
4070,0,33
1606,0,33
3394,0,33
8571,0,33
8438,0,33
4517,0,33
3232,0,33
3883,0,33
2267,0,33
312,0,33
5829,0,33
4307,0,33
4242,0,33
9449,0,33
2188,0,33
4734,0,33
3146,0,33
1214,0,33
321,0,33
8585,0,33
9853,0,33
8098,0,33
1715,0,33
2605,0,33
6320,0,33
6170,0,33
1205,0,33
2412,0,33
6626,0,33
760,0,33
7394,0,33
6086,0,33
788,0,33
7899,0,33
5311,0,33
5956,0,33
5746,0,33
747,0,33
1169,0,33
5633,0,33
7831,0,33
7966,0,33
6600,0,33
1282,0,33
481,0,33
5722,0,33
1127,0,33
6712,0,33
6614,0,33
8501,0,33
7408,0,33
6425,0,33
3174,0,33
393,0,33
7921,0,33
5068,0,33
1274,0,33
2054,0,33
5818,0,33
7165,0,33
4845,0,33
9922,0,33
145,0,33
197,0,33
6784,0,33
2227,0,33
6007,0,33
2978,0,33
1403,0,33
8060,0,33
550,0,33
5921,0,33
6373,0,33
6158,0,33
2594,0,33
910,0,33
5135,0,33
2392,0,33
547,0,34
7657,4,34
8007,4,34
5653,5,34
7360,6,34
7381,8,34
8366,8,34
301,3,34
866,9,34
7768,0,34
9846,1,34
9909,1,34
2514,1,34
5465,5,34
4778,0,34
5050,0,34
3316,0,34
6346,0,34
5801,0,34
3495,0,34
7487,0,34
1216,0,34
9631,0,34
8095,0,34
2289,0,34
9394,0,34
4034,0,34
9268,0,34
9618,0,34
3126,0,34
3238,0,34
1779,0,34
7767,0,34
3279,0,34
9866,0,34
7883,0,34
4209,0,34
4807,0,34
8616,0,34
8993,0,34
7341,0,34
7727,0,34
4422,0,34
9259,0,34
8464,0,34
3782,0,34
2639,0,34
9838,0,34
7160,0,34
9087,0,34
307,0,34
6673,0,34
7861,0,34
6214,0,34
8998,0,34
577,0,34
5363,0,34
6216,0,34
7019,0,34
2362,0,34
860,0,34
2407,0,34
9662,0,34
3151,0,34
3963,0,34
7670,0,34
4149,0,34
2110,0,34
7997,0,34
5879,0,34
4806,0,34
249,0,34
5627,0,34
8190,0,34
179,0,34
5701,0,34
2546,0,34
7348,0,34
8164,0,34
2828,0,34
7358,0,34
9196,0,34
4136,0,34
261,0,34
9274,0,34
3032,0,34
4658,0,34
9994,0,34
4621,0,34
3142,0,34
3290,0,34
2300,0,34
794,0,34
7505,0,34
683,0,34
9275,0,34
6846,0,34
5328,0,34
1668,0,34
7486,0,34
5706,0,34
3457,0,34
5190,0,34
1504,0,34
4493,0,34
5440,0,34
4899,0,34
889,0,34
2335,0,34
4460,0,34
8544,0,34
6830,0,34
302,0,34
1097,0,34
1402,0,34
7447,0,34
5913,0,34
9810,0,34
9605,0,34
2727,0,34
6937,0,34
2322,0,34
6659,0,34
9401,0,34
3083,0,34
5724,0,34
5726,0,34
30,0,34
4911,0,34
2374,0,34
4603,0,34
3484,0,34
4381,0,34
8333,0,34
4057,0,34
5632,0,34
7638,0,34
3859,0,34
7219,0,34
3395,0,34
2519,0,34
4222,0,34
31,0,34
1414,0,34
5399,8,35
7652,8,35
1114,9,35
5662,9,35
19,7,35
5324,7,35
8429,6,35
1209,6,35
9100,0,35
1506,5,35
1003,5,35
1617,5,35
5610,3,35
108,3,35
2666,9,35
5226,9,35
3327,2,35
8748,2,35
858,2,35
6761,6,35
6798,6,35
3098,0,35
3111,0,35
9766,0,35
453,0,35
540,0,35
9764,0,35
7375,0,35
9052,0,35
323,0,35
3027,0,35
8858,0,35
1221,0,35
8323,0,35
2003,0,35
447,0,35
8533,0,35
2325,0,35
7576,0,35
3995,0,35
4919,0,35
6581,0,35
7378,0,35
8593,0,35
5131,0,35
3553,0,35
9591,0,35
2625,0,35
3235,0,35
653,0,35
8734,0,35
6147,0,35
2137,0,35
2961,0,35
8397,0,35
2483,0,35
1074,0,35
3433,0,35
8435,0,35
2225,0,35
5203,0,35
5137,0,35
4109,0,35
6038,0,35
9961,0,35
4059,0,35
7039,0,35
9652,0,35
7981,0,35
2050,0,35
9194,0,35
8850,0,35
6237,0,35
3784,0,35
6091,0,35
5418,0,35
2702,0,35
8048,0,35
1058,0,35
2070,0,35
4812,0,35
8362,0,35
6892,0,35
5119,0,35
2381,0,35
9496,0,35
6860,0,35
9149,0,35
3473,0,35
5639,0,35
9735,0,35
8442,0,35
5690,0,35
2383,0,35
844,0,35
3951,0,35
5976,0,35
9027,0,35
3406,0,35
2749,0,35
6180,0,35
9722,0,35
2106,0,35
6327,0,35
8662,0,35
3448,0,35
2587,0,35
2868,0,35
4799,0,35
6178,0,35
1972,0,35
8352,0,35
2442,0,35
9484,0,35
7211,0,35
5004,0,35
3957,0,35
965,0,35
1207,0,35
4639,0,35
677,0,35
9733,0,35
6084,0,35
6276,0,35
5824,0,35
6312,0,35
2945,0,35
9900,0,35
9845,0,35
3701,0,35
1641,0,35
5230,0,35
868,0,35
9060,0,35
7093,0,35
7479,0,35
1144,0,35
2204,0,35
8468,0,35
2925,0,35
7692,0,35
5314,0,35
4467,0,35
928,1,36
7399,3,36
6987,9,36
1775,4,36
665,3,36
7089,9,36
1561,1,36
9254,2,36
1801,7,36
4111,8,36
2131,8,36
2128,8,36
7877,1,36
9031,4,36
6782,8,36
2791,0,36
8628,0,36
2743,0,36
5837,0,36
5071,0,36
9896,0,36
5556,0,36
9641,0,36
681,0,36
5274,0,36
3555,0,36
4686,0,36
9772,0,36
5454,0,36
2315,0,36
8949,0,36
6949,0,36
587,0,36
3905,0,36
8282,0,36
2784,0,36
4866,0,36
3055,0,36
5557,0,36
4819,0,36
2986,0,36
5265,0,36
6395,0,36
3502,0,36
5304,0,36
343,0,36
745,0,36
9777,0,36
7795,0,36
5196,0,36
1103,0,36
764,0,36
8264,0,36
604,0,36
7516,0,36
4099,0,36
9751,0,36
9106,0,36
2039,0,36
8477,0,36
9037,0,36
3817,0,36
497,0,36
886,0,36
4852,0,36
2364,0,36
3087,0,36
6740,0,36
4512,0,36
6321,0,36
7608,0,36
6254,0,36
4013,0,36
3019,0,36
6574,0,36
2474,0,36
6374,0,36
6051,0,36
3355,0,36
3678,0,36
3112,0,36
3767,0,36
8608,0,36
2088,0,36
934,0,36
1013,0,36
9483,0,36
8733,0,36
5494,0,36
8020,0,36
2558,0,36
5030,0,36
7720,0,36
6186,0,36
1622,0,36
8750,0,36
4369,0,36
7862,0,36
565,0,36
4393,0,36
1899,0,36
6295,0,36
9481,0,36
3950,0,36
7102,0,36
87,0,36
3004,0,36
5563,0,36
1151,0,36
6023,0,36
2656,0,36
4677,0,36
384,0,36
3434,0,36
5864,0,36
4221,0,36
9284,0,36
271,0,36
4257,0,36
8572,0,36
6517,0,36
9795,0,36
920,0,36
3280,0,36
6886,1,37
5645,1,37
9417,8,37
3401,9,37
7607,5,37
5685,2,37
7476,8,37
9632,0,37
679,6,37
8337,6,37
2290,0,37
2846,0,37
6888,5,37
5192,6,37
3511,7,37
6046,0,37
5430,0,37
8356,0,37
4479,0,37
8552,0,37
9399,0,37
7068,0,37
8790,0,37
2346,0,37
5041,0,37
7472,0,37
6291,0,37
9628,0,37
3396,0,37
7167,0,37
2759,0,37
2023,0,37
2246,0,37
7081,0,37
5634,0,37
3891,0,37
8714,0,37
6308,0,37
3006,0,37
4703,0,37
8607,0,37
4557,0,37
748,0,37
6564,0,37
5331,0,37
4438,0,37
1680,0,37
3696,0,37
971,0,37
6056,0,37
4749,0,37
6777,0,37
3688,0,37
6196,0,37
5886,0,37
7596,0,37
1462,0,37
6021,0,37
2432,0,37
205,0,37
4915,0,37
44,0,37
9488,0,37
6496,0,37
7001,0,37
4769,0,37
9991,0,37
1306,0,37
5495,0,37
311,0,37
7573,0,37
6294,0,37
5943,0,37
3068,0,37
2786,0,37
6745,0,37
11,0,37
6185,0,37
5421,0,37
2120,0,37
2946,0,37
5347,0,37
3776,0,37
6347,0,37
6876,0,37
6026,0,37
7926,0,37
5027,0,37
6401,0,37
6390,0,37
9170,0,37
1914,0,37
7298,0,37
8878,0,37
1902,0,37
9763,0,37
6407,0,37
7013,0,37
3698,0,37
4760,0,37
1529,0,37
3071,0,37
5862,0,37
1549,0,37
3975,0,37
1322,0,37
8231,0,37
4490,0,37
8882,0,37
4791,0,37
4216,0,37
3366,0,37
1927,0,37
725,0,37
8820,0,37
1828,0,37
5882,8,38
4061,8,38
5628,6,38
3179,6,38
6542,6,38
4246,2,38
8028,8,38
2805,5,38
391,3,38
2965,4,38
8450,7,38
9192,0,38
8708,0,38
3956,0,38
6553,0,38
6924,0,38
2940,0,38
856,0,38
9069,0,38
3110,0,38
9026,0,38
1995,0,38
1156,0,38
6522,0,38
762,0,38
4302,0,38
743,0,38
1743,0,38
422,0,38
1830,0,38
2807,0,38
8079,0,38
9138,0,38
5462,0,38
2502,0,38
9440,0,38
8980,0,38
8620,0,38
7660,0,38
6471,0,38
2179,0,38
4478,0,38
4193,0,38
8404,0,38
4129,0,38
9935,0,38
2578,0,38
5656,0,38
436,0,38
8611,0,38
7842,0,38
775,0,38
4651,0,38
7642,0,38
5099,0,38
1482,0,38
7444,0,38
9243,0,38
3515,0,38
5366,0,38
2124,0,38
1004,0,38
3135,0,38
9981,0,38
9664,0,38
7066,0,38
187,0,38
7400,0,38
2758,0,38
5280,0,38
2006,0,38
6331,0,38
1734,0,38
1185,0,38
9615,0,38
8647,0,38
3363,0,38
1664,0,38
2090,0,38
4923,0,38
6840,0,38
8255,0,38
913,0,38
2450,0,38
3309,0,38
3175,0,38
602,0,38
6367,0,38
4690,0,38
6641,0,38
4872,0,38
4291,0,38
8159,0,38
2437,0,38
4147,0,38
7315,0,38
117,0,38
1721,0,38
3601,0,38
5480,0,38
3187,0,38
3824,0,38
1636,0,38
1942,0,38
6696,0,38
4002,0,38
3893,0,38
8045,0,38
9967,0,38
7715,0,38
8336,0,38
9309,0,38
7032,0,38
4674,0,38
2596,0,38
9844,0,38
9714,0,38
882,0,38
6167,0,38
3837,0,38
6950,0,38
4885,0,38
1018,0,38
2747,0,38
6825,0,38
6609,0,38
4276,0,38
7870,0,38
9964,8,39
2087,1,39
3811,6,39
8715,8,39
107,7,39
9749,3,39
1148,1,39
2357,5,39
1570,6,39
5982,0,39
1633,2,39
5237,6,39
6790,8,39
895,0,39
2158,0,39
1339,0,39
1436,0,39
390,0,39
8740,0,39
7729,0,39
5317,0,39
6707,0,39
5986,0,39
4560,0,39
3236,0,39
5240,0,39
269,0,39
7832,0,39
4474,0,39
1686,0,39
5279,0,39
1186,0,39
1678,0,39
5204,0,39
659,0,39
2262,0,39
4804,0,39
4119,0,39
3613,0,39
767,0,39
7602,0,39
9460,0,39
9493,0,39
1121,0,39
3648,0,39
3178,0,39
7318,0,39
9235,0,39
4189,0,39
9221,0,39
5928,0,39
9214,0,39
8974,0,39
4974,0,39
7803,0,39
619,0,39
6079,0,39
6342,0,39
5900,0,39
6753,0,39
8200,0,39
1333,0,39
6815,0,39
6702,0,39
9812,0,39
616,0,39
6146,0,39
1642,0,39
9686,0,39
504,0,39
4740,0,39
4144,0,39
8360,0,39
1293,0,39
5015,0,39
6918,0,39
2975,0,39
6527,0,39
8179,0,39
7233,0,39
4382,0,39
5074,0,39
8868,0,39
1130,0,39
1361,0,39
2478,0,39
1793,0,39
1687,0,39
3128,0,39
5642,0,39
8311,0,39
6057,0,39
1204,0,39
4805,0,39
7739,0,39
1427,0,39
4316,0,39
5992,0,39
9544,0,39
5302,0,39
9023,0,39
9794,0,39
3731,0,39
8196,0,39
9271,0,39
1131,0,39
241,0,39
3779,0,39
4367,0,39
7425,0,39
6993,0,39
8396,0,39
3636,0,39
9666,0,39
1044,0,39
2261,0,39
5228,0,39
8087,0,39
5496,0,39
181,0,39
4707,0,39
3934,0,39
9006,0,39
8009,0,39
7740,0,39
5335,0,39
7549,5,40
4196,3,40
8987,2,40
4283,4,40
9630,0,40
6731,0,40
7587,0,40
7621,0,40
3809,0,40
3577,0,40
7073,0,40
2726,0,40
2909,0,40
6403,0,40
807,0,40
9187,0,40
3898,0,40
7758,0,40
6668,0,40
3733,0,40
162,0,40
4865,0,40
3267,0,40
8848,0,40
3130,0,40
4914,0,40
8574,0,40
9155,0,40
5063,0,40
1934,0,40
5313,0,40
3214,0,40
7947,0,40
5688,0,40
1673,0,40
7811,0,40
947,0,40
2938,0,40
5730,0,40
7893,0,40
5432,0,40
7183,0,40
1109,0,40
4699,0,40
8109,0,40
7288,0,40
9003,0,40
7331,0,40
4696,0,40
4524,0,40
140,0,40
5883,0,40
3753,0,40
9881,0,40
5785,0,40
7735,0,40
3527,0,40
6610,0,40
6377,0,40
999,0,40
5950,0,40
5584,0,40
4688,0,40
1869,0,40
1047,0,40
2556,0,40
9640,0,40
9787,0,40
9122,0,40
2197,0,40
5530,0,40
2520,0,40
9177,0,40
2489,0,40
3948,0,40
8207,0,40
1199,0,40
1761,0,40
3750,0,40
9404,0,40
7537,0,40
6813,0,40
4834,0,40
8229,0,40
618,0,40
9750,0,40
7,0,40
863,0,40
3730,0,40
9727,0,40
3828,0,40
9385,0,40
1098,0,40
2455,0,40
3165,0,40
5497,0,40
2178,0,40
3173,0,40
7618,0,40
7395,0,40
1398,0,40
8761,0,40
1412,0,40
3164,0,40
9982,0,40
3257,0,40
2669,0,40
1738,0,40
4353,0,40
122,0,40
1696,0,40
9683,0,40
3645,0,40
9097,0,40
7765,0,40
4055,0,40
3592,0,40
5652,0,40
8580,1,41
5502,6,41
9871,8,41
4155,1,41
3590,6,41
4008,5,41
3635,2,41
7121,3,41
131,7,41
2041,9,41
5677,0,41
7846,0,41
4089,0,41
2672,0,41
6882,0,41
2461,0,41
7242,0,41
142,0,41
6257,0,41
116,0,41
2305,0,41
2140,0,41
633,0,41
3668,0,41
3417,0,41
8525,0,41
6205,0,41
3387,0,41
1805,0,41
2959,0,41
3341,0,41
8505,0,41
2629,0,41
8975,0,41
1008,0,41
5036,0,41
9205,0,41
5444,0,41
7528,0,41
7223,0,41
2113,0,41
1446,0,41
2806,0,41
6060,0,41
5581,0,41
7063,0,41
4655,0,41
7774,0,41
7225,0,41
7238,0,41
2018,0,41
8725,0,41
4634,0,41
1888,0,41
7658,0,41
723,0,41
6090,0,41
25,0,41
1155,0,41
3487,0,41
10,0,41
9491,0,41
1021,0,41
8644,0,41
9159,0,41
2646,0,41
1608,0,41
9676,0,41
3199,0,41
1030,0,41
2186,0,41
3141,0,41
2750,0,41
7612,0,41
2921,0,41
4066,0,41
7936,0,41
8220,0,41
914,0,41
2718,0,41
4331,0,41
427,0,41
6597,0,41
7917,0,41
7535,0,41
8489,0,41
6393,0,41
458,0,41
3587,0,41
7386,0,41
7122,0,41
5416,0,41
735,0,41
2614,0,41
8884,0,41
2918,0,41
4441,0,41
5694,0,41
6865,0,41
339,0,41
5134,0,41
3488,0,41
8598,0,41
3505,0,41
9478,0,41
1925,0,41
4183,0,41
2501,0,41
6748,0,41
1612,0,41
6389,0,41
8752,0,41
8340,0,41
8716,0,41
9374,0,41
5057,0,41
2931,0,41
2332,0,41
1455,0,41
6966,0,41
5586,0,41
8136,0,41
6612,0,41
9832,0,41
8104,0,41
3086,0,41
1302,0,41
4533,0,41
7108,0,41
4596,0,41
5602,0,41
2477,0,41
1057,0,41
814,0,41
5704,5,42
4017,5,42
3749,8,42
5322,1,42
7147,5,42
5955,7,42
4182,3,42
5298,9,42
5245,2,42
9022,0,42
4163,0,42
9209,0,42
415,0,42
5079,0,42
5899,0,42
4103,0,42
4800,0,42
7363,0,42
7619,0,42
855,0,42
9392,0,42
8248,0,42
8818,0,42
7745,0,42
1251,0,42
2045,0,42
4041,0,42
9695,0,42
1628,0,42
9133,0,42
4117,0,42
3918,0,42
9816,0,42
4649,0,42
7441,0,42
2352,0,42
3856,0,42
4912,0,42
5419,0,42
4551,0,42
1067,0,42
7424,0,42
7433,0,42
7702,0,42
1771,0,42
288,0,42
7006,0,42
2263,0,42
7277,0,42
4321,0,42
3836,0,42
5678,0,42
3459,0,42
4722,0,42
1026,0,42
837,0,42
2258,0,42
1824,0,42
8830,0,42
5981,0,42
3927,0,42
6173,0,42
9607,0,42
7417,0,42
8877,0,42
770,0,42
234,0,42
4844,0,42
6209,0,42
791,0,42
5608,0,42
1688,0,42
8950,0,42
8232,0,42
5094,0,42
6011,0,42
4588,0,42
9814,0,42
3242,0,42
1654,0,42
3714,0,42
8135,0,42
5235,0,42
7696,0,42
3065,0,42
2017,0,42
7196,0,42
3728,0,42
4086,0,42
2170,0,42
4640,0,42
1620,0,42
7736,0,42
9379,0,42
9372,0,42
4638,0,42
9227,0,42
7148,0,42
258,0,42
4419,0,42
9836,0,42
995,0,42
8760,0,42
668,0,42
8944,0,42
2337,0,42
8427,0,42
2388,0,42
7683,0,42
4997,0,42
9867,0,42
7033,0,42
7188,0,42
8377,0,42
5742,0,42
1490,0,42
5439,0,42
9400,0,42
9341,0,42
9406,0,42
5025,0,42
3104,0,42
158,0,42
6563,0,42
7945,0,42
7714,0,42
3675,0,42
9685,0,42
7687,0,42
3093,0,42
2047,0,42
2618,0,42
2984,0,42
135,0,42
3683,0,42
4078,0,42
3913,0,42
7414,0,42
7074,0,42
7004,0,42
6340,0,42
2589,0,42
8943,0,42
5130,0,42
5944,0,42
8719,0,42
2952,0,42
9974,0,42
6709,0,42
5855,0,42
3910,0,42
1727,2,43
2019,8,43
255,0,43
7442,5,43
7536,8,43
4108,6,43
20,3,43
3854,9,43
5796,9,43
6435,0,43
8842,5,43
6912,5,43
8161,1,43
471,1,43
7253,4,43
252,7,43
9326,7,43
1975,7,43
3148,4,43
9802,4,43
6832,7,43
2532,8,43
7246,0,43
9387,0,43
1992,0,43
8251,0,43
8696,0,43
303,0,43
5808,0,43
2363,0,43
64,0,43
5110,0,43
2434,0,43
6537,0,43
7773,0,43
9020,0,43
9079,0,43
5344,0,43
3340,0,43
6681,0,43
2092,0,43
6015,0,43
7092,0,43
9848,0,43
1757,0,43
5793,0,43
6756,0,43
18,0,43
708,0,43
5492,0,43
5641,0,43
6345,0,43
5532,0,43
8267,0,43
2038,0,43
196,0,43
6779,0,43
8259,0,43
1434,0,43
7269,0,43
9925,0,43
1983,0,43
8517,0,43
6315,0,43
7245,0,43
7766,0,43
8077,0,43
9657,0,43
9902,0,43
2517,0,43
1750,0,43
7020,0,43
5898,0,43
1856,0,43
658,0,43
908,0,43
9721,0,43
2115,0,43
295,0,43
6177,0,43
5553,0,43
5635,0,43
141,0,43
9200,0,43
1378,0,43
7635,0,43
9015,0,43
428,0,43
2360,0,43
347,0,43
227,0,43
4685,0,43
4215,0,43
6968,0,43
7404,0,43
7355,0,43
9222,0,43
8614,0,43
7243,0,43
4526,0,43
9526,0,43
409,0,43
6776,0,43
5958,0,43
5301,0,43
2731,0,43
1956,0,43
5174,0,43
5518,0,43
7146,0,43
6495,0,43
4539,0,43
7888,0,43
4238,0,43
566,0,43
2327,0,43
4979,0,43
3015,0,43
3741,0,43
6988,0,43
2376,0,43
4881,0,43
4303,0,43
5615,0,43
6501,0,43
4679,0,43
7501,0,43
2372,0,43
7620,0,43
2122,0,43
2856,0,43
2259,0,43
98,0,43
1359,0,43
534,0,43
1789,0,43
8452,0,43
5261,0,43
7220,0,43
4510,3,44
8737,4,44
2812,5,44
526,3,44
2941,8,44
3275,9,44
4827,7,44
5031,1,44
1146,4,44
1670,4,44
2214,5,44
1396,5,44
9642,5,44
5143,2,44
5404,2,44
4931,2,44
8426,0,44
6064,0,44
1459,0,44
398,0,44
9610,0,44
4187,0,44
3524,0,44
6413,0,44
9123,0,44
6884,0,44
6947,0,44
5012,0,44
5319,0,44
9250,0,44
5861,0,44
805,0,44
4339,0,44
9285,0,44
8212,0,44
7428,0,44
6172,0,44
2867,0,44
2443,0,44
7426,0,44
2861,0,44
7697,0,44
6819,0,44
9563,0,44
7950,0,44
5080,0,44
8575,0,44
3729,0,44
5327,0,44
1381,0,44
5219,0,44
830,0,44
4249,0,44
3512,0,44
4884,0,44
284,0,44
4384,0,44
9654,0,44
7908,0,44
6554,0,44
4391,0,44
3546,0,44
649,0,44
9300,0,44
5425,0,44
1369,0,44
5184,0,44
8594,0,44
2080,0,44
5735,0,44
6834,0,44
2277,0,44
8359,0,44
7663,0,44
1826,0,44
4376,0,44
7259,0,44
8262,0,44
2071,0,44
1362,0,44
1511,0,44
6925,0,44
1441,0,44
3699,0,44
9295,0,44
1367,0,44
6649,0,44
9346,0,44
5323,0,44
8208,0,44
2701,0,44
5737,0,44
3386,0,44
2086,0,44
8067,0,44
4932,0,44
2723,0,44
785,0,44
3082,0,44
924,0,44
4226,0,44
7385,0,44
9966,0,44
2793,0,44
2552,0,44
404,0,44
3881,0,44
4599,0,44
5787,0,44
5386,0,44
4983,0,44
1236,0,44
8160,0,44
402,0,44
3529,0,44
9593,0,44
6432,0,44
3987,0,44
5026,0,44
6318,0,44
3769,0,44
3051,0,44
1450,0,44
5233,0,44
3632,0,44
4702,0,44
4823,0,44
1456,0,44
3899,0,44
9977,0,44
4395,0,44
8121,0,44
4706,0,44
8672,0,44
8676,0,44
7898,0,44
9030,0,44
454,0,44
4856,0,44
6224,0,44
5271,5,45
4073,9,45
2420,8,45
8320,7,45
2328,3,45
7129,3,45
639,6,45
9515,6,45
9141,4,45
2471,0,45
2841,2,45
2415,5,45
4360,5,45
6591,5,45
4186,5,45
4597,9,45
4169,9,45
3760,0,45
7306,0,45
861,0,45
8023,0,45
6847,0,45
596,0,45
4879,0,45
2215,0,45
2891,0,45
3005,0,45
9748,0,45
8576,0,45
5095,0,45
901,0,45
7274,0,45
9980,0,45
6035,0,45
1991,0,45
6400,0,45
7135,0,45
3792,0,45
959,0,45
7380,0,45
8560,0,45
2525,0,45
2645,0,45
1191,0,45
6541,0,45
1257,0,45
5792,0,45
1698,0,45
7910,0,45
266,0,45
7794,0,45
7397,0,45
1637,0,45
1273,0,45
2254,0,45
8176,0,45
3293,0,45
7334,0,45
2561,0,45
3670,0,45
6694,0,45
2252,0,45
9120,0,45
3420,0,45
210,0,45
9048,0,45
7865,0,45
8401,0,45
7014,0,45
9847,0,45
673,0,45
3586,0,45
5661,0,45
4377,0,45
1936,0,45
4208,0,45
6418,0,45
2887,0,45
7203,0,45
5668,0,45
7568,0,45
5238,0,45
1653,0,45
6900,0,45
4952,0,45
5991,0,45
9861,0,45
6349,0,45
820,0,45
7655,0,45
9418,0,45
3231,0,45
5579,0,45
4955,0,45
3344,0,45
4548,0,45
7912,0,45
923,0,45
918,0,45
7810,0,45
3450,0,45
8140,0,45
6093,0,45
7543,0,45
859,0,45
9230,0,45
7678,0,45
746,0,45
9952,0,45
7345,0,45
573,0,45
8326,0,45
238,0,45
6066,0,45
1152,0,45
9606,0,45
445,0,45
4285,0,45
7789,0,45
1544,0,45
7197,0,45
4153,0,45
1717,0,45
7209,0,45
506,6,46
8296,8,46
5128,2,46
7071,2,46
5816,2,46
5218,0,46
660,4,46
494,5,46
244,5,46
3849,6,46
8940,6,46
4627,6,46
8648,9,46
3570,9,46
8198,7,46
9893,7,46
6264,3,46
9594,3,46
6326,1,46
3442,1,46
3640,1,46
6934,0,46
640,0,46
567,0,46
3724,0,46
8269,0,46
8957,0,46
3980,0,46
5244,0,46
4098,0,46
7497,0,46
7151,0,46
8419,0,46
5995,0,46
3333,0,46
2359,0,46
2435,0,46
5037,0,46
3456,0,46
190,0,46
7986,0,46
4682,0,46
3234,0,46
3704,0,46
883,0,46
9429,0,46
2222,0,46
5385,0,46
366,0,46
6410,0,46
7738,0,46
4456,0,46
4758,0,46
3665,0,46
7564,0,46
9505,0,46
586,0,46
9288,0,46
9330,0,46
4818,0,46
4829,0,46
2910,0,46
183,0,46
3498,0,46
9799,0,46
6650,0,46
5749,0,46
4994,0,46
5246,0,46
1201,0,46
8805,0,46
4420,0,46
4101,0,46
9694,0,46
1583,0,46
5863,0,46
1154,0,46
7005,0,46
3650,0,46
4484,0,46
5693,0,46
7030,0,46
2982,0,46
8697,0,46
4161,0,46
6599,0,46
4344,0,46
4511,0,46
2995,0,46
4374,0,46
4392,0,46
1045,0,46
5761,0,46
4379,0,46
4661,0,46
5998,0,46
1046,0,46
4963,0,46
2780,0,46
2936,0,46
2250,0,46
905,0,46
1949,0,46
2340,0,46
8831,0,46
7762,0,46
500,0,46
9779,0,46
6754,0,46
8762,0,46
7467,0,46
1875,0,46
8072,0,46
4027,0,46
5448,0,46
2193,0,46
4388,0,46
8951,0,46
4380,0,46
2840,0,46
9576,0,46
6607,0,46
7045,0,46
5122,0,46
4481,0,46
2560,0,46
2143,0,46
6071,0,46
111,0,46
7641,0,46
3671,0,46
2248,3,47
6879,4,47
4341,1,47
5076,1,47
6804,8,47
5273,8,47
1140,5,47
9498,9,47
9297,7,47
5229,7,47
7699,1,47
903,4,47
9047,4,47
221,3,47
3582,3,47
736,3,47
7948,0,47
4767,0,47
397,0,47
3706,0,47
6778,0,47
5832,0,47
9603,0,47
5616,0,47
6877,0,47
7980,0,47
954,0,47
6552,0,47
9462,0,47
6494,0,47
5575,0,47
7059,0,47
5300,0,47
4432,0,47
978,0,47
8592,0,47
8306,0,47
2096,0,47
4975,0,47
8735,0,47
5201,0,47
8965,0,47
869,0,47
1658,0,47
3978,0,47
2211,0,47
5850,0,47
1603,0,47
8977,0,47
2955,0,47
4935,0,47
5359,0,47
7834,0,47
1852,0,47
5349,0,47
9788,0,47
9038,0,47
6378,0,47
3608,0,47
1258,0,47
5,0,47
3445,0,47
5215,0,47
4135,0,47
1419,0,47
9567,0,47
955,0,47
257,0,47
6005,0,47
6028,0,47
1596,0,47
7532,0,47
1440,0,47
727,0,47
6976,0,47
5527,0,47
8152,0,47
292,0,47
696,0,47
2994,0,47
2446,0,47
6863,0,47
600,0,47
525,0,47
3580,0,47
3259,0,47
6795,0,47
368,0,47
3196,0,47
5790,0,47
2330,0,47
9444,0,47
4763,0,47
3145,0,47
8988,0,47
9228,0,47
8192,0,47
2890,0,47
1460,0,47
3614,0,47
8523,0,47
112,0,47
4664,0,47
9357,0,47
5010,0,47
9117,0,47
6048,0,47
6994,0,47
663,0,47
7748,0,47
4711,0,47
4286,0,47
3850,0,47
3258,0,47
9344,0,47
4692,0,47
5993,0,47
2880,0,47
1588,0,47
3081,0,47
3901,0,47
6217,0,47
7429,0,47
2675,0,47
2297,0,47
5232,0,47
2164,0,47
3241,0,47
1980,0,47
6081,0,47
1301,0,47
2318,0,47
1886,0,47
9113,0,47
8549,0,47
1948,0,47
365,0,47
9972,0,47
7502,0,47
2076,0,47
1500,0,47
5660,0,47
1768,0,47
4518,0,47
9158,0,47
267,0,47
2472,0,47
5828,5,48
8398,1,48
1157,4,48
2889,8,48
7646,3,48
6992,5,48
6627,9,48
5198,2,48
1604,7,48
1002,7,48
1099,7,48
3545,7,48
3147,7,48
5242,5,48
3443,7,48
1629,0,48
6932,0,48
6445,0,48
9514,0,48
3581,0,48
4164,0,48
5161,0,48
1943,0,48
4450,0,48
6141,0,48
4054,0,48
6306,0,48
120,0,48
8515,0,48
9405,0,48
7117,0,48
375,0,48
6620,0,48
8742,0,48
5316,0,48
1627,0,48
8099,0,48
5876,0,48
5001,0,48
401,0,48
936,0,48
3265,0,48
9932,0,48
189,0,48
7012,0,48
3172,0,48
6351,0,48
8219,0,48
96,0,48
2934,0,48
8191,0,48
5133,0,48
9911,0,48
2498,0,48
9731,0,48
2627,0,48
896,0,48
4298,0,48
4999,0,48
7174,0,48
8126,0,48
3501,0,48
8298,0,48
6895,0,48
5868,0,48
9041,0,48
6824,0,48
5985,0,48
262,0,48
5607,0,48
469,0,48
233,0,48
91,0,48
7270,0,48
2154,0,48
1864,0,48
4756,0,48
7434,0,48
512,0,48
8281,0,48
9204,0,48
1772,0,48
8639,0,48
2247,0,48
3244,0,48
6758,0,48
3935,0,48
5427,0,48
561,0,48
9668,0,48
5573,0,48
8086,0,48
7351,0,48
5836,0,48
8694,0,48
8658,0,48
6916,0,48
4626,0,48
2901,0,48
216,0,48
1732,0,48
7591,0,48
7673,0,48
4546,0,48
5352,0,48
6049,0,48
6669,0,48
4945,0,48
1129,0,48
174,0,48
6265,0,48
9072,0,48
9739,0,48
8768,0,48
1162,0,48
8299,0,48
4921,0,48
8809,0,48
9249,0,48
9681,0,48
7656,0,48
8440,0,48
9532,0,48
4937,0,48
8812,0,48
3705,0,48
7707,0,48
5292,2,49
4007,6,49
5407,4,49
6864,2,49
3359,5,49
5455,0,49
7079,3,49
3479,9,49
9837,6,49
4158,1,49
7332,7,49
8777,4,49
4579,4,49
7991,7,49
3596,7,49
1740,9,49
593,0,49
1814,0,49
6870,0,49
3493,0,49
2345,0,49
3506,0,49
4292,0,49
192,0,49
7286,0,49
6593,0,49
7871,0,49
9517,0,49
6080,0,49
7276,0,49
2659,0,49
4987,0,49
8386,0,49
8275,0,49
656,0,49
4741,0,49
3105,0,49
3865,0,49
6844,0,49
6206,0,49
7202,0,49
9934,0,49
5178,0,49
5472,0,49
8421,0,49
3421,0,49
9426,0,49
1700,0,49
1195,0,49
1194,0,49
6188,0,49
5360,0,49
9679,0,49
6440,0,49
7075,0,49
7190,0,49
1385,0,49
7201,0,49
3717,0,49
2386,0,49
2949,0,49
1433,0,49
7706,0,49
1330,0,49
1284,0,49
5125,0,49
480,0,49
7178,0,49
4446,0,49
8271,0,49
2310,0,49
546,0,49
617,0,49
5713,0,49
7943,0,49
2863,0,49
4033,0,49
9747,0,49
8685,0,49
6102,0,49
2530,0,49
2083,0,49
8839,0,49
4100,0,49
1101,0,49
421,0,49
2958,0,49
3494,0,49
2089,0,49
7662,0,49
7104,0,49
9494,0,49
3283,0,49
8869,0,49
835,0,49
2460,0,49
4214,0,49
711,0,49
5272,0,49
7669,0,49
7848,0,49
9602,0,49
1730,0,49
8888,0,49
3254,0,49
6801,0,49
7258,0,49
7418,0,49
4472,0,49
7002,0,49
8781,0,49
8591,0,49
8920,0,49
6636,0,49
7169,0,49
1445,0,49
1565,0,49
9616,0,49
5549,0,49
8380,0,49
8692,0,49
9001,0,49
2172,0,49
2419,0,49
7790,0,49
5969,0,49
4564,0,49
6485,7,50
6442,7,50
1457,3,50
9354,1,50
4342,6,50
3583,9,50
2236,9,50
9508,9,50
5666,8,50
1659,8,50
9696,8,50
8771,4,50
7453,4,50
6251,4,50
990,4,50
4022,7,50
8202,9,50
9277,0,50
7896,0,50
8625,0,50
1733,0,50
7530,0,50
4371,0,50
9559,0,50
5197,0,50
654,0,50
2169,0,50
9111,0,50
2640,0,50
3589,0,50
5990,0,50
7937,0,50
3988,0,50
5117,0,50
9350,0,50
8017,0,50
9856,0,50
5501,0,50
9839,0,50
614,0,50
781,0,50
2422,0,50
8011,0,50
8188,0,50
8096,0,50
9246,0,50
6225,0,50
6572,0,50
1489,0,50
5338,0,50
2985,0,50
1484,0,50
8570,0,50
7684,0,50
4168,0,50
3547,0,50
907,0,50
8778,0,50
2746,0,50
8482,0,50
4455,0,50
2859,0,50
9948,0,50
7701,0,50
862,0,50
8542,0,50
8092,0,50
1661,0,50
6820,0,50
9506,0,50
433,0,50
2687,0,50
1481,0,50
2543,0,50
5182,0,50
5807,0,50
5132,0,50
5141,0,50
5658,0,50
4271,0,50
84,0,50
7034,0,50
54,0,50
2942,0,50
1443,0,50
8361,0,50
6854,0,50
9658,0,50
5029,0,50
7615,0,50
846,0,50
1705,0,50
2685,0,50
2676,0,50
3756,0,50
43,0,50
9671,0,50
5804,0,50
1985,0,50
5727,0,50
6662,0,50
1323,0,50
7283,0,50
4538,0,50
2235,0,50
7572,0,50
3432,0,50
3773,0,50
8084,0,50
1063,0,50
5971,0,50
2655,0,50
9166,0,50
2053,0,50
3206,0,50
1751,0,50
4728,0,50
8354,0,50
2853,0,50
6433,0,50
3873,0,50
265,0,50
9233,0,50
1241,0,50
3579,0,50
1640,0,50
9386,0,50
6122,0,50
7807,0,50
8962,0,50
1016,0,50
6006,0,50
6526,0,50
8436,0,50
5577,0,50
2779,0,50
6131,0,50
71,0,50
589,0,50
5778,0,50
9646,0,50
9555,0,50
7138,0,50
2206,0,50
3658,0,50
4775,0,50
1276,0,50
2314,0,51
3200,7,51
6964,8,51
9521,2,51
2129,2,51
1657,4,51
3162,4,51
4154,4,51
8043,0,51
5585,0,51
7775,0,51
9134,0,51
8433,0,51
9905,0,51
4759,0,51
4016,0,51
1767,0,51
394,0,51
980,0,51
5165,0,51
7322,0,51
9534,0,51
4781,0,51
3903,0,51
2177,0,51
5199,0,51
5705,0,51
5090,0,51
5936,0,51
3885,0,51
7398,0,51
5674,0,51
4170,0,51
6567,0,51
1924,0,51
166,0,51
8632,0,51
6682,0,51
7929,0,51
7282,0,51
508,0,51
8046,0,51
6479,0,51
7975,0,51
9368,0,51
7889,0,51
972,0,51
8399,0,51
7624,0,51
9818,0,51
857,0,51
5600,0,51
2059,0,51
2230,0,51
3170,0,51
1695,0,51
1118,0,51
4470,0,51
1285,0,51
5844,0,51
6935,0,51
1142,0,51
4825,0,51
5438,0,51
9589,0,51
9693,0,51
4030,0,51
1463,0,51
8076,0,51
8461,0,51
6490,0,51
5234,0,51
9415,0,51
361,0,51
8712,0,51
1795,0,51
5651,0,51
3089,0,51
1125,0,51
3350,0,51
5980,0,51
5456,0,51
3468,0,51
3758,0,51
9687,0,51
3229,0,51
5103,0,51
2576,0,51
6288,0,51
7116,0,51
8923,0,51
5042,0,51
8633,0,51
1609,0,51
2819,0,51
2276,0,51
9916,0,51
8845,0,51
8056,0,51
9160,0,51
5777,0,51
2418,0,51
6075,0,51
4244,0,51
1253,0,51
4082,0,51
1579,0,51
2366,0,51
7778,0,51
8838,0,51
5612,0,51
8856,0,51
2837,0,51
6450,0,51
9548,0,51
7843,0,51
7047,0,51
933,0,51
7825,0,51
9067,0,51
1528,0,51
1693,0,51
4064,0,51
429,0,51
8991,0,51
1342,0,51
3108,0,51
405,0,51
753,0,51
4620,0,51
4239,0,51
597,0,51
7499,0,51
5683,0,51
9647,0,51
2341,0,51
1880,0,51
5865,0,51
7849,0,51
9700,0,51
8493,0,51
9473,0,51
787,0,51
5565,0,51
4817,0,51
5819,0,51
6228,0,51
2796,9,52
5467,3,52
904,3,52
3789,5,52
2401,9,52
1300,9,52
3625,9,52
2539,9,52
3277,9,52
1851,0,52
1951,0,52
7403,0,52
5826,0,52
1845,0,52
5620,0,52
8059,0,52
7279,0,52
9697,0,52
8327,0,52
6226,0,52
4665,0,52
5254,0,52
8564,0,52
3785,0,52
1741,0,52
9620,0,52
5588,0,52
7304,0,52
6843,0,52
5833,0,52
779,0,52
9475,0,52
1569,0,52
1594,0,52
8935,0,52
5295,0,52
979,0,52
5471,0,52
4883,0,52
6941,0,52
8905,0,52
3719,0,52
7053,0,52
3138,0,52
6179,0,52
2833,0,52
8534,0,52
8811,0,52
490,0,52
6275,0,52
7617,0,52
9033,0,52
8870,0,52
3591,0,52
1634,0,52
8897,0,52
7787,0,52
6757,0,52
9901,0,52
6414,0,52
803,0,52
9461,0,52
3759,0,52
2072,0,52
1015,0,52
5812,0,52
3013,0,52
3629,0,52
5073,0,52
3467,0,52
7640,0,52
1417,0,52
3628,0,52
2879,0,52
3998,0,52
1650,0,52
8744,0,52
4860,0,52
6092,0,52
5442,0,52
6229,0,52
8846,0,52
4431,0,52
5755,0,52
6096,0,52
532,0,52
897,0,52
9590,0,52
5867,0,52
8124,0,52
9343,0,52
9075,0,52
2032,0,52
1357,0,52
9456,0,52
3967,0,52
8484,0,52
6653,0,52
6156,0,52
5539,0,52
9574,0,52
4433,0,52
4772,0,52
1846,0,52
1551,0,52
3909,0,52
9378,0,52
5523,0,52
5609,0,52
8490,0,52
299,0,52
9841,0,52
3391,0,52
4177,0,52
8663,0,52
282,0,52
1041,0,52
6701,0,52
1976,0,52
5016,0,52
3024,0,52
7512,0,52
8577,0,52
7584,0,52
8556,0,52
3237,0,52
3499,0,52
7134,0,52
8555,0,52
3743,0,52
4961,0,52
8521,0,52
8134,0,52
3832,0,52
2954,0,52
7710,0,52
1172,0,52
5512,6,53
6283,7,53
4875,1,53
3154,9,53
7292,2,53
1352,3,53
8921,3,53
6529,0,53
4121,0,53
6923,6,53
403,6,53
1967,7,53
6700,7,53
2883,7,53
6699,0,53
822,0,53
6617,0,53
9499,0,53
6594,0,53
9742,7,53
3798,0,53
5895,0,53
1710,0,53
5337,0,53
5077,0,53
5887,0,53
8667,0,53
3941,0,53
4985,0,53
100,0,53
2651,0,53
9566,0,53
5550,0,53
9291,0,53
4839,0,53
9193,0,53
9743,0,53
184,0,53
213,0,53
6248,0,53
4179,0,53
9875,0,53
1001,0,53
9512,0,53
350,0,53
7679,0,53
6974,0,53
3895,0,53
6430,0,53
5699,0,53
144,0,53
3390,0,53
3736,0,53
3351,0,53
1023,0,53
2852,0,53
6184,0,53
4530,0,53
2373,0,53
7552,0,53
5689,0,53
2798,0,53
9504,0,53
1060,0,53
8730,0,53
2770,0,53
7716,0,53
1625,0,53
968,0,53
2892,0,53
8100,0,53
2886,0,53
9351,0,53
9612,0,53
5702,0,53
4416,0,53
2155,0,53
2809,0,53
5933,0,53
4660,0,53
4014,0,53
7628,0,53
4232,0,53
8783,0,53
9936,0,53
1278,0,53
1035,0,53
9920,0,53
1602,0,53
7887,0,53
2538,0,53
3976,0,53
437,0,53
3118,0,53
6488,0,53
8948,0,53
4357,0,53
1356,0,53
8033,0,53
8524,0,53
4143,0,53
3541,0,53
283,0,53
9165,0,53
8052,0,53
7095,0,53
8047,0,53
8035,0,53
2967,0,53
1298,0,53
948,0,53
5177,0,53
2776,0,53
2278,0,53
6163,0,53
1849,0,53
5679,0,53
6977,0,53
7914,0,53
6980,0,53
1238,0,53
7326,0,53
2630,0,53
2527,0,53
2894,0,53
2469,8,54
6438,3,54
6139,2,54
9266,2,54
3073,1,54
8709,1,54
3398,7,54
9897,5,54
4031,6,54
7588,4,54
4506,9,54
2491,0,54
8793,8,54
2948,8,54
6121,1,54
3365,0,54
3043,0,54
7780,0,54
1011,0,54
1729,0,54
7301,0,54
854,0,54
8122,0,54
3117,0,54
448,0,54
4220,0,54
537,0,54
5984,0,54
8180,0,54
4897,0,54
9382,0,54
389,0,54
1358,0,54
4040,0,54
9884,0,54
9353,0,54
1496,0,54
1691,0,54
6710,0,54
2920,0,54
7484,0,54
6997,0,54
1198,0,54
3415,0,54
4776,0,54
3478,0,54
7625,0,54
5108,0,54
9183,0,54
9745,0,54
8325,0,54
463,0,54
6115,0,54
3900,0,54
7801,0,54
286,0,54
8727,0,54
8498,0,54
717,0,54
495,0,54
4294,0,54
7759,0,54
5393,0,54
3763,0,54
661,0,54
7250,0,54
8303,0,54
3328,0,54
6024,0,54
4792,0,54
2632,0,54
7648,0,54
9055,0,54
8701,0,54
2344,0,54
5200,0,54
2210,0,54
5372,0,54
7340,0,54
7826,0,54
1327,0,54
1773,0,54
8506,0,54
2551,0,54
5834,0,54
544,0,54
4615,0,54
8603,0,54
6678,0,54
6481,0,54
3127,0,54
7930,0,54
7676,0,54
6055,0,54
2657,0,54
8864,0,54
1919,0,54
7902,0,54
5720,0,54
5033,0,54
5398,0,54
1567,0,54
473,0,54
7423,0,54
6460,0,54
4023,0,54
3526,0,54
24,0,54
7107,0,54
9538,0,54
5224,0,54
9633,0,54
674,0,54
1987,0,54
4632,0,54
5149,0,54
2927,0,54
4200,0,54
6197,0,54
5059,0,54
8889,0,54
7109,0,54
3762,0,54
7193,0,54
1598,0,54
6137,0,54
2139,0,54
6464,0,54
4322,0,54
7504,0,54
569,0,54
9906,0,54
1068,0,54
3226,0,54
9237,0,54
7868,0,54
1756,0,54
6515,0,54
4636,0,54
1820,0,54
7958,0,54
5884,0,54
3921,0,54
420,0,54
2385,0,54
3815,0,54
3744,0,54
355,0,54
5613,9,55
9051,0,55
9436,3,55
4833,1,55
9565,5,55
7114,7,55
7806,9,55
1305,8,55
4902,6,55
2099,0,55
2732,2,55
337,2,55
3348,4,55
396,4,55
8214,4,55
4466,4,55
1370,0,55
9798,4,55
7184,0,55
9178,0,55
710,0,55
1372,0,55
2724,0,55
7594,0,55
4855,0,55
4705,0,55
4326,0,55
5052,0,55
6514,0,55
9717,0,55
6208,0,55
8671,0,55
7598,0,55
3961,0,55
2584,0,55
4487,0,55
3042,0,55
9132,0,55
5927,0,55
2943,0,55
9705,0,55
9769,0,55
2878,0,55
2382,0,55
5466,0,55
9723,0,55
6198,0,55
2553,0,55
6462,0,55
8151,0,55
7296,0,55
1790,0,55
757,0,55
5961,0,55
6099,0,55
740,0,55
4583,0,55
1590,0,55
3306,0,55
7932,0,55
2007,0,55
1409,0,55
5376,0,55
1639,0,55
8153,0,55
1250,0,55
5392,0,55
7514,0,55
8112,0,55
1426,0,55
3295,0,55
9239,0,55
4572,0,55
3427,0,55
8373,0,55
7228,0,55
4336,0,55
1769,0,55
3304,0,55
9202,0,55
1395,0,55
9908,0,55
2009,0,55
9502,0,55
4972,0,55
3430,0,55
9487,0,55
4644,0,55
1217,0,55
3310,0,55
9842,0,55
9251,0,55
2239,0,55
3402,0,55
5013,0,55
3643,0,55
2597,0,55
543,0,55
7793,0,55
8478,0,55
6159,0,55
268,0,55
3286,0,55
9377,0,55
3313,0,55
9998,0,55
8986,0,55
2334,0,55
6817,0,55
7799,0,55
9137,0,55
3991,0,55
4494,0,55
6266,0,55
591,0,55
4723,0,55
7373,0,55
3802,0,55
3869,0,55
1593,0,55
2326,0,55
4366,0,55
2134,0,55
6528,0,55
3858,0,55
5559,0,55
7037,0,55
6120,0,55
277,0,55
6157,0,55
3790,0,55
3048,0,55
8513,0,55
795,0,55
8163,0,55
8201,0,55
202,0,55
2061,0,55
3102,0,55
6371,0,56
4733,9,56
9638,1,56
1935,3,56
9734,8,56
5044,8,56
7305,0,56
7177,0,56
5809,0,56
8579,0,56
6734,0,56
2243,1,56
3357,1,56
5951,1,56
27,0,56
9010,0,56
1082,0,56
4306,0,56
4991,0,56
2771,0,56
6360,0,56
5258,0,56
6577,0,56
7393,0,56
5458,0,56
5611,0,56
5297,0,56
419,0,56
7159,0,56
1916,0,56
6868,0,56
8441,0,56
6624,0,56
2411,0,56
9471,0,56
4927,0,56
4830,0,56
6101,0,56
957,0,56
3023,0,56
1,0,56
7401,0,56
9895,0,56
3392,0,56
6067,0,56
6204,0,56
7610,0,56
8170,0,56
3025,0,56
5189,0,56
1674,0,56
3574,0,56
650,0,56
4434,0,56
599,0,56
5092,0,56
5205,0,56
1487,0,56
8001,0,56
1923,0,56
9157,0,56
5146,0,56
8641,0,56
7632,0,56
1614,0,56
8587,0,56
4464,0,56
7236,0,56
2855,0,56
657,0,56
247,0,56
9813,0,56
6497,0,56
9290,0,56
4653,0,56
8447,0,56
6218,0,56
8982,0,56
3826,0,56
7627,0,56
9800,0,56
2015,0,56
2721,0,56
57,0,56
4503,0,56
5711,0,56
466,0,56
7125,0,56
9393,0,56
8221,0,56
4324,0,56
9624,0,56
7252,0,56
1780,0,56
7300,0,56
1745,0,56
1065,0,56
7465,0,56
1546,0,56
5081,0,56
4718,0,56
5241,0,56
3264,0,56
2507,0,56
4107,0,56
5890,0,56
6030,0,56
9887,0,56
1536,0,56
4561,0,56
7523,0,56
4087,0,56
7781,0,56
1307,0,56
6296,0,56
3919,0,56
1644,0,56
3530,0,56
2554,0,56
9323,0,56
909,0,56
7353,0,56
4780,0,56
449,0,56
1818,0,56
8318,0,56
6328,0,56
6547,0,56
9707,0,56
7830,0,56
2593,0,56
6459,0,56
5509,0,56
406,0,56
2932,0,56
2580,0,56
4591,0,56
2633,0,56
5996,0,56
5500,0,56
5220,0,56
8445,0,56
7905,0,56
2720,0,56
9337,0,56
3240,0,56
5433,0,56
7491,0,56
2338,0,56
5111,0,56
1059,0,56
2067,0,56
5624,0,56
5528,5,57
5176,2,57
9356,0,57
1473,1,57
5840,4,57
3268,8,57
5195,8,57
9874,7,57
4225,3,57
7293,3,57
3356,0,57
9115,0,57
5849,0,57
8274,0,57
1259,0,57
6858,0,57
7342,0,57
5871,0,57
5336,0,57
3497,0,57
2797,0,57
8395,0,57
442,0,57
2998,0,57
7143,0,57
5023,0,57
1328,0,57
6917,0,57
4332,0,57
263,0,57
235,0,57
5481,0,57
2569,0,57
2146,0,57
9614,0,57
374,0,57
983,0,57
2399,0,57
9366,0,57
28,0,57
6643,0,57
1836,0,57
2275,0,57
5889,0,57
2830,0,57
7554,0,57
7911,0,57
8912,0,57
7126,0,57
222,0,57
876,0,57
5925,0,57
104,0,57
3573,0,57
6493,0,57
4162,0,57
8981,0,57
2782,0,57
4486,0,57
1713,0,57
8724,0,57
666,0,57
2238,0,57
4126,0,57
8154,0,57
2253,0,57
7547,0,57
1986,0,57
4929,0,57
6903,0,57
8387,0,57
6706,0,57
2548,0,57
3674,0,57
4364,0,57
4995,0,57
6523,0,57
694,0,57
5637,0,57
4854,0,57
376,0,57
9201,0,57
9231,0,57
9423,0,57
8346,0,57
2811,0,57
6816,0,57
4123,0,57
7561,0,57
7295,0,57
8509,0,57
2060,0,57
1599,0,57
6416,0,57
1424,0,57
3029,0,57
7166,0,57
3986,0,57
6558,0,57
1808,0,57
171,0,57
7580,0,57
9568,0,57
1838,0,57
4641,0,57
8133,0,57
1117,0,57
5118,0,57
62,0,57
1646,0,57
324,0,57
1777,0,57
8145,0,57
2775,0,57
45,0,57
3080,0,57
4913,0,57
5551,0,57
6399,0,57
259,0,57
5086,0,57
1325,0,57
8722,0,57
1887,0,57
9176,0,57
4448,0,57
9092,0,57
3657,0,57
9150,0,57
8061,0,57
4694,0,57
635,0,57
2093,0,57
9880,7,58
6730,7,58
6982,1,58
4951,6,58
2037,6,58
5259,0,58
4709,0,58
4160,8,58
9575,3,58
5973,3,58
4253,2,58
8117,2,58
7254,4,58
3624,4,58
9547,4,58
5873,0,58
2464,0,58
5252,0,58
7968,0,58
631,0,58
3686,0,58
758,0,58
5281,0,58
4810,0,58
4544,0,58
7338,0,58
9369,0,58
51,0,58
9765,0,58
5503,0,58
8381,0,58
6232,0,58
7054,0,58
4258,0,58
5703,0,58
7562,0,58
5775,0,58
4788,0,58
629,0,58
8906,0,58
9244,0,58
1524,0,58
887,0,58
7960,0,58
4293,0,58
5975,0,58
3726,0,58
826,0,58
5043,0,58
2616,0,58
8228,0,58
1600,0,58
6181,0,58
2397,0,58
8283,0,58
8713,0,58
5014,0,58
4873,0,58
1825,0,58
5171,0,58
8081,0,58
1055,0,58
8915,0,58
9314,0,58
9557,0,58
9712,0,58
201,0,58
6714,0,58
1444,0,58
8439,0,58
3585,0,58
8363,0,58
8690,0,58
2487,0,58
3938,0,58
8553,0,58
6839,0,58
8496,0,58
3723,0,58
3335,0,58
2324,0,58
572,0,58
8621,0,58
8162,0,58
1178,0,58
163,0,58
554,0,58
2523,0,58
5484,0,58
308,0,58
4809,0,58
1517,0,58
996,0,58
2027,0,58
1081,0,58
3861,0,58
1592,0,58
5395,0,58
6648,0,58
4896,0,58
2451,0,58
6973,0,58
236,0,58
5450,0,58
3843,0,58
8880,0,58
8125,0,58
4729,0,58
7458,0,58
790,0,58
5765,0,58
9689,0,58
6595,0,58
1832,0,58
5124,0,58
6020,0,58
8129,0,58
7359,0,58
6241,0,58
206,0,58
744,0,58
329,0,58
4139,0,58
3578,0,58
8827,0,58
5922,0,58
5519,0,58
4412,0,58
8874,0,58
1304,0,58
1113,0,58
3594,0,58
1791,0,58
5403,0,58
5776,0,58
2043,0,58
4213,0,58
2354,0,58
7869,0,58
1921,0,58
1676,0,58
8403,0,58
8651,0,58
7959,0,58
961,4,59
3074,9,59
8673,9,59
7313,9,59
6685,4,59
1215,8,59
3346,7,59
8643,2,59
2208,0,59
1690,3,59
8723,0,59
5815,0,59
9002,0,59
8504,0,59
811,0,59
695,0,59
7205,0,59
8434,0,59
7000,0,59
8210,0,59
7457,0,59
4531,0,59
6549,0,59
6252,0,59
105,0,59
4598,0,59
4606,0,59
2716,0,59
733,0,59
2526,0,59
6404,0,59
3205,0,59
9672,0,59
9531,0,59
9043,0,59
7559,0,59
4142,0,59
9826,0,59
4635,0,59
2757,0,59
5247,0,59
7335,0,59
8537,0,59
8175,0,59
5774,0,59
8756,0,59
700,0,59
7524,0,59
9852,0,59
1858,0,59
9807,0,59
1344,0,59
8341,0,59
8953,0,59
5906,0,59
797,0,59
8334,0,59
2964,0,59
7239,0,59
9358,0,59
799,0,59
3936,0,59
5767,0,59
1437,0,59
1228,0,59
8531,0,59
8919,0,59
4092,0,59
4015,0,59
9653,0,59
8710,0,59
5276,0,59
4984,0,59
5339,0,59
6670,0,59
1391,0,59
8315,0,59
8720,0,59
7570,0,59
4320,0,59
9979,0,59
9242,0,59
5667,0,59
9486,0,59
4348,0,59
2136,0,59
5903,0,59
4003,0,59
2109,0,59
9308,0,59
3559,0,59
9806,0,59
1332,0,59
9519,0,59
834,0,59
7746,0,59
763,0,59
2893,0,59
327,0,59
6448,0,59
6722,0,59
4977,0,59
6078,0,59
8479,0,59
7884,0,59
2101,0,59
848,0,59
3667,0,59
4104,0,59
8257,0,59
385,0,59
6675,0,59
8687,0,59
2704,0,59
680,0,59
8821,0,59
7275,0,59
3307,0,59
3308,0,59
2150,0,59
8223,0,59
4131,0,59
4887,0,59
8244,0,59
2755,0,59
5716,0,59
5597,0,59
7769,0,59
373,0,59
414,0,59
8391,0,59
5547,0,59
5098,0,59
6039,0,59
7955,0,59
6289,0,59
4268,0,59
9859,0,59
6578,0,59
5712,0,59
2301,0,59
7760,0,59
3958,0,59
8675,0,59
2398,0,59
5070,0,59
6516,7,60
813,6,60
5771,9,60
1365,1,60
446,3,60
7267,7,60
4094,4,60
6639,2,60
3044,2,60
963,2,60
4794,0,60
3652,0,60
4278,0,60
3191,4,60
7891,0,60
5831,0,60
3725,0,60
5622,0,60
4933,0,60
5914,0,60
5901,0,60
1843,0,60
4310,0,60
5035,0,60
9840,0,60
8485,0,60
4941,0,60
4743,0,60
5507,0,60
3046,0,60
5474,0,60
4697,0,60
4565,0,60
9384,0,60
1823,0,60
582,0,60
6203,0,60
1112,0,60
5136,0,60
8557,0,60
3362,0,60
8829,0,60
1811,0,60
6764,0,60
7200,0,60
7346,0,60
3924,0,60
3492,0,60
9000,0,60
9778,0,60
1340,0,60
6387,0,60
3374,0,60
4617,0,60
2939,0,60
8867,0,60
4071,0,60
188,0,60
7962,0,60
9805,0,60
3860,0,60
2854,0,60
5024,0,60
4206,0,60
8463,0,60
8736,0,60
3453,0,60
8378,0,60
9422,0,60
2494,0,60
9595,0,60
4127,0,60
4355,0,60
2287,0,60
6492,0,60
1920,0,60
6103,0,60
5389,0,60
8966,0,60
3317,0,60
9383,0,60
6504,0,60
1315,0,60
5682,0,60
911,0,60
2609,0,60
8142,0,60
9738,0,60
1219,0,60
2249,0,60
962,0,60
899,0,60
272,0,60
5910,0,60
9703,0,60
6959,0,60
3539,0,60
4362,0,60
2016,0,60
6799,0,60
6285,0,60
8650,0,60
148,0,60
3823,0,60
6874,0,60
9109,0,60
6967,0,60
3437,0,60
1410,0,60
3810,0,60
2207,0,60
8491,0,60
7977,0,60
2510,0,60
935,0,60
2668,0,60
4850,0,60
7007,0,60
8545,0,60
8568,0,60
9182,0,60
2436,0,60
5843,0,60
6074,0,60
1520,0,60
1964,0,60
7157,0,60
65,0,60
1225,0,60
6434,0,60
1774,0,60
7517,0,60
7556,6,61
7976,9,61
7600,8,61
4248,1,61
6348,4,61
956,6,61
5538,6,61
6713,2,61
2654,2,61
6215,7,61
4970,7,61
798,7,61
3970,7,61
1048,3,61
5747,3,61
281,7,61
3720,0,61
9643,0,61
4277,0,61
5361,0,61
9622,0,61
2617,0,61
4908,0,61
7508,0,61
7704,0,61
1263,0,61
8901,0,61
2283,0,61
4746,0,61
6119,0,61
2353,0,61
3631,0,61
3034,0,61
8604,0,61
7967,0,61
3627,0,61
5275,0,61
4750,0,61
4736,0,61
3561,0,61
4745,0,61
6059,0,61
6723,0,61
646,0,61
841,0,61
1512,0,61
4838,0,61
6151,0,61
5738,0,61
9433,0,61
719,0,61
1731,0,61
7244,0,61
1136,0,61
1806,0,61
4719,0,61
6111,0,61
7056,0,61
4165,0,61
8669,0,61
2624,0,61
6498,0,61
3709,0,61
7719,0,61
460,0,61
6277,0,61
1557,0,61
6821,0,61
2799,0,61
9580,0,61
1708,0,61
134,0,61
1792,0,61
48,0,61
3894,0,61
177,0,61
7162,0,61
80,0,61
3003,0,61
6234,0,61
7836,0,61
6561,0,61
1897,0,61
9013,0,61
1913,0,61
2292,0,61
7639,0,61
9181,0,61
8343,0,61
8024,0,61
1384,0,61
9298,0,61
1163,0,61
3584,0,61
341,0,61
6500,0,61
423,0,61
1996,0,61
1009,0,61
2404,0,61
9537,0,61
2323,0,61
1765,0,61
3783,0,61
4670,0,61
2081,0,61
5435,0,61
9803,0,61
4527,0,61
9431,0,61
1722,0,61
8245,0,61
4418,0,61
2637,0,61
7248,0,61
985,0,61
1071,0,61
8590,0,61
9261,0,61
1907,0,61
5065,0,61
3273,0,61
9634,0,61
3431,0,61
8536,0,61
1692,0,61
1848,0,61
6646,0,61
2091,0,61
8367,0,61
6077,0,61
9663,0,61
3291,0,61
6382,0,61
7214,0,61
5540,0,61
220,0,61
9019,0,61
7221,0,61
6566,0,61
1224,0,61
2744,0,61
1006,0,61
8383,0,61
2029,0,61
6292,0,61
8558,0,61
6429,0,61
1785,0,61
7754,1,62
5869,6,62
6009,0,62
9586,0,62
2198,4,62
5499,4,62
256,5,62
6585,5,62
5437,1,62
7087,7,62
2291,6,62
3609,3,62
291,2,62
5469,2,62
9528,2,62
6671,9,62
9321,9,62
1522,9,62
8195,9,62
1222,0,62
1317,0,62
6826,0,62
670,0,62
2825,0,62
6936,0,62
5340,0,62
2057,0,62
6580,0,62
4515,0,62
7015,0,62
90,0,62
5759,0,62
4562,0,62
628,0,62
3186,0,62
5655,0,62
8754,0,62
2607,0,62
8443,0,62
3737,0,62
2599,0,62
7461,0,62
4698,0,62
6168,0,62
4880,0,62
938,0,62
5489,0,62
5636,0,62
377,0,62
2014,0,62
8368,0,62
4523,0,62
6210,0,62
3176,0,62
6880,0,62
8064,0,62
367,0,62
1181,0,62
5096,0,62
1645,0,62
6230,0,62
3842,0,62
3800,0,62
9661,0,62
316,0,62
1554,0,62
2898,0,62
3053,0,62
4122,0,62
3604,0,62
7534,0,62
5926,0,62
6511,0,62
4753,0,62
6019,0,62
7526,0,62
2430,0,62
7728,0,62
2574,0,62
2112,0,62
5954,0,62
9119,0,62
1737,0,62
8900,0,62
7750,0,62
9098,0,62
969,0,62
2012,0,62
688,0,62
1022,0,62
2020,0,62
4084,0,62
9114,0,62
9644,0,62
7733,0,62
774,0,62
2993,0,62
9229,0,62
4083,0,62
7175,0,62
5854,0,62
3022,0,62
6640,0,62
8801,0,62
4841,0,62
2488,0,62
9410,0,62
1877,0,62
1052,0,62
1234,0,62
634,0,62
4836,0,62
6582,0,62
5038,0,62
3064,0,62
6344,0,62
3120,0,62
9550,0,62
9804,0,62
6667,0,62
6302,0,62
7070,0,62
7874,0,62
6645,0,62
4458,0,62
4282,0,62
9924,0,62
3152,0,62
9944,0,62
1073,0,62
1525,0,62
7585,0,62
6375,0,62
5158,0,62
2152,0,62
9926,0,62
970,0,62
1386,0,62
2824,0,62
641,0,62
8999,0,62
1348,0,62
5476,0,62
671,0,62
3412,0,62
7844,0,62
5356,0,62
6107,0,62
3806,6,63
4350,8,63
47,8,63
4842,6,63
6050,6,63
2800,9,63
8541,9,63
3409,2,63
1027,2,63
9561,2,63
1235,4,63
4868,4,63
8012,1,63
7856,1,63
8181,0,63
6219,0,63
5963,5,63
6016,5,63
894,3,63
6361,3,63
836,5,63
2380,0,63
8996,0,63
50,0,63
4958,0,63
9065,0,63
438,0,63
499,0,63
2104,0,63
1591,0,63
8582,0,63
8654,0,63
1295,0,63
3171,0,63
2008,0,63
3204,0,63
3106,0,63
6402,0,63
8182,0,63
8532,0,63
7650,0,63
3475,0,63
470,0,63
7230,0,63
6145,0,63
2851,0,63
7872,0,63
8960,0,63
305,0,63
7944,0,63
1649,0,63
5957,0,63
8000,0,63
513,0,63
1837,0,63
7494,0,63
434,0,63
8053,0,63
6487,0,63
4338,0,63
548,0,63
2822,0,63
6786,0,63
3364,0,63
949,0,63
8141,0,63
5325,0,63
637,0,63
4558,0,63
8393,0,63
5423,0,63
2588,0,63
5394,0,63
1380,0,63
7156,0,63
6981,0,63
3314,0,63
9500,0,63
7139,0,63
225,0,63
6533,0,63
3519,0,63
9627,0,63
5696,0,63
5723,0,63
3616,0,63
7779,0,63
8008,0,63
7257,0,63
2919,0,63
9780,0,63
4704,0,63
5461,0,63
4567,0,63
3838,0,63
6336,0,63
8645,0,63
7460,0,63
486,0,63
2590,0,63
2973,0,63
2123,0,63
4764,0,63
8828,0,63
7336,0,63
6207,0,63
4578,0,63
8835,0,63
3659,0,63
3461,0,63
5326,0,63
4203,0,63
742,0,63
9992,0,63
304,0,63
4036,0,63
4870,0,63
7111,0,63
9349,0,63
9164,0,63
4888,0,63
7173,0,63
5772,0,63
8649,0,63
2681,0,63
2260,0,63
584,0,63
1096,0,63
7851,0,63
8767,0,63
8970,0,63
4714,0,63
7990,0,63
5061,0,63
4334,0,63
7897,0,63
9241,0,63
5379,0,63
5357,0,63
7379,0,63
435,0,63
8522,0,63
2820,0,63
2028,8,64
5003,2,64
1969,6,64
6913,6,64
4297,8,64
4133,7,64
2457,0,64
9573,5,64
6311,4,64
9365,3,64
136,1,64
168,1,64
4024,9,64
5847,9,64
7374,9,64
643,0,64
1553,0,64
88,0,64
2977,0,64
2760,0,64
7550,0,64
5949,0,64
6589,0,64
2778,0,64
8459,0,64
9232,0,64
8453,0,64
4255,0,64
1354,0,64
8600,0,64
832,0,64
712,0,64
7984,0,64
6862,0,64
425,0,64
8497,0,64
3872,0,64
7597,0,64
4907,0,64
2190,0,64
8704,0,64
6189,0,64
2079,0,64
592,0,64
1232,0,64
4890,0,64
2976,0,64
5055,0,64
6238,0,64
7800,0,64
1267,0,64
1213,0,64
3937,0,64
5473,0,64
1651,0,64
5564,0,64
1212,0,64
3557,0,64
5960,0,64
9424,0,64
5623,0,64
34,0,64
7747,0,64
2968,0,64
9180,0,64
6467,0,64
780,0,64
5534,0,64
3061,0,64
9395,0,64
8389,0,64
9706,0,64
8437,0,64
7689,0,64
3376,0,64
917,0,64
1336,0,64
692,0,64
5754,0,64
2244,0,64
1363,0,64
4190,0,64
6483,0,64
3676,0,64
2333,0,64
2055,0,64
3370,0,64
7255,0,64
8898,0,64
941,0,64
8494,0,64
8495,0,64
672,0,64
5148,0,64
519,0,64
9973,0,64
4940,0,64
6883,0,64
2321,0,64
8291,0,64
3516,0,64
8233,0,64
6231,0,64
1931,0,64
7555,0,64
769,0,64
4205,0,64
8753,0,64
4513,0,64
7446,0,64
9464,0,64
8794,0,64
5521,0,64
7303,0,64
3569,0,64
3219,0,64
6470,0,64
7817,0,64
63,0,64
5342,0,64
2565,0,64
4981,0,64
4980,0,64
7903,0,64
5839,0,64
7614,0,64
9199,0,64
7415,0,64
156,0,64
5562,0,64
5974,0,64
8653,0,64
8289,8,65
9617,5,65
418,2,65
3371,9,65
5594,0,65
4018,4,65
8418,8,65
6437,8,65
3426,3,65
755,3,65
4076,1,65
6921,1,65
9849,0,65
5511,0,65
3297,0,65
3424,0,65
627,0,65
2987,0,65
1351,0,65
7812,0,65
8909,0,65
2173,0,65
731,0,65
1350,0,65
4152,0,65
7880,0,65
3038,0,65
6835,0,65
232,0,65
1933,0,65
556,0,65
3039,0,65
4540,0,65
1296,0,65
7022,0,65
4315,0,65
5580,0,65
5937,0,65
8678,0,65
4308,0,65
400,0,65
752,0,65
6942,0,65
5691,0,65
328,0,65
5734,0,65
833,0,65
3331,0,65
4406,0,65
2269,0,65
2591,0,65
8840,0,65
5617,0,65
1240,0,65
4662,0,65
4577,0,65
9025,0,65
1039,0,65
1709,0,65
8039,0,65
5866,0,65
3562,0,65
4610,0,65
9127,0,65
4770,0,65
8304,0,65
9917,0,65
6123,0,65
2495,0,65
6183,0,65
4250,0,65
6691,0,65
6463,0,65
4496,0,65
6755,0,65
3250,0,65
3418,0,65
598,0,65
2535,0,65
5213,0,65
349,0,65
8390,0,65
6190,0,65
3930,0,65
3284,0,65
1560,0,65
1803,0,65
3558,0,65
6532,0,65
1632,0,65
4950,0,65
9518,0,65
1430,0,65
6666,0,65
1694,0,65
7470,0,65
2331,0,65
5560,0,65
6611,0,65
2479,0,65
2857,0,65
7835,0,65
2518,0,65
2307,0,65
6478,0,65
3101,0,65
8110,0,65
2452,0,65
9286,0,65
9688,0,65
8751,0,65
9827,0,65
3892,0,65
8589,0,65
8657,0,65
5269,0,65
4387,0,65
1233,0,65
9987,0,65
8242,0,65
9770,0,65
6811,0,65
8853,0,65
3653,0,65
3825,0,65
3620,0,65
3747,0,65
1218,0,65
165,0,65
7924,0,65
3606,0,65
8422,0,65
7785,0,65
1038,0,65
2378,0,65
9817,0,65
9789,0,65
5968,0,65
8094,0,65
2180,0,65
4901,0,65
2619,0,65
3319,0,65
9451,5,66
7989,8,66
4816,7,66
7042,6,66
2395,0,66
7822,1,66
2710,3,66
4451,3,66
7199,3,66
7493,8,66
6742,8,66
8964,4,66
2650,4,66
6262,2,66
2608,2,66
4462,0,66
5732,0,66
3803,0,66
9947,0,66
2220,0,66
603,0,66
1387,0,66
3207,0,66
4737,0,66
3707,0,66
4240,0,66
5223,0,66
178,0,66
3334,0,66
4871,0,66
5126,0,66
5707,0,66
815,0,66
7993,0,66
9388,0,66
2550,0,66
1706,0,66
1947,0,66
6638,0,66
2421,0,66
4500,0,66
8173,0,66
200,0,66
2481,0,66
574,0,66
4948,0,66
8171,0,66
226,0,66
4642,0,66
2636,0,66
1958,0,66
7065,0,66
1170,0,66
8930,0,66
2035,0,66
2454,0,66
6647,0,66
8338,0,66
789,0,66
5753,0,66
3156,0,66
9210,0,66
4859,0,66
9698,0,66
5155,0,66
169,0,66
4616,0,66
9601,0,66
8385,0,66
3780,0,66
9439,0,66
1781,0,66
7804,0,66
3246,0,66
7752,0,66
6392,0,66
6990,0,66
8037,0,66
1260,0,66
4652,0,66
2410,0,66
1576,0,66
82,0,66
4465,0,66
4553,0,66
1040,0,66
9397,0,66
4499,0,66
4006,0,66
8973,0,66
4368,0,66
2441,0,66
4299,0,66
6861,0,66
7224,0,66
2956,0,66
4905,0,66
5803,0,66
8260,0,66
7028,0,66
7498,0,66
9667,0,66
1193,0,66
698,0,66
2521,0,66
2174,0,66
478,0,66
3372,0,66
8083,0,66
1230,0,66
3721,0,66
6267,0,66
3150,0,66
2628,0,66
1760,0,66
2394,0,66
4608,0,66
4004,0,66
3754,0,66
4978,0,66
3330,0,66
4754,0,66
7633,0,66
8054,0,66
9294,0,66
912,6,67
4675,7,67
4521,5,67
5644,6,67
610,9,67
6417,7,67
129,8,67
8963,2,67
8002,4,67
7601,0,67
3389,7,67
484,7,67
827,7,67
808,0,67
9716,0,67
9950,0,67
3646,0,67
3633,0,67
3354,0,67
2475,0,67
8123,0,67
3533,0,67
8286,0,67
5443,0,67
2022,0,67
5194,0,67
7995,0,67
155,0,67
4491,0,67
7240,0,67
5763,0,67
7604,0,67
89,0,67
4201,0,67
7894,0,67
185,0,67
9786,0,67
3337,0,67
4954,0,67
4571,0,67
8702,0,67
3939,0,67
4673,0,67
2897,0,67
8559,0,67
4261,0,67
6807,0,67
8745,0,67
865,0,67
5510,0,67
9820,0,67
9699,0,67
6590,0,67
2626,0,67
7973,0,67
6762,0,67
7510,0,67
3026,0,67
70,0,67
8113,0,67
380,0,67
9211,0,67
6133,0,67
6674,0,67
6557,0,67
2264,0,67
3035,0,67
8425,0,67
7198,0,67
3252,0,67
776,0,67
1364,0,67
4744,0,67
9529,0,67
5441,0,67
5378,0,67
332,0,67
9885,0,67
7901,0,67
2294,0,67
8772,0,67
3504,0,67
1798,0,67
7622,0,67
1137,0,67
5488,0,67
4402,0,67
6317,0,67
2205,0,67
386,0,67
4159,0,67
1669,0,67
5731,0,67
1559,0,67
9878,0,67
3742,0,67
2971,0,67
7881,0,67
9447,0,67
2622,0,67
2425,0,67
942,0,67
1822,0,67
1908,0,67
9669,0,67
1815,0,67
3020,0,67
3299,0,67
5415,0,67
730,0,67
6736,0,67
6250,0,67
6329,0,67
9453,0,67
3942,0,67
6280,0,67
3305,0,67
6000,0,67
167,0,67
997,0,67
4020,0,67
8287,0,67
3925,0,67
4631,0,67
5773,0,67
7916,0,67
751,0,67
1087,0,67
8747,0,67
9032,0,67
6654,0,67
8684,0,67
1345,0,67
313,0,67
5692,0,67
7427,0,67
338,0,67
5566,0,67
4010,0,67
5915,0,67
5605,0,67
8466,0,67
6108,0,67
3143,0,67
4191,2,68
8527,6,68
560,4,68
2414,4,68
1128,1,68
7101,0,68
8279,9,68
3403,3,68
4668,3,68
1252,7,68
1667,7,68
9753,1,68
5296,7,68
2923,0,68
5939,0,68
9342,0,68
7409,0,68
3994,0,68
5568,0,68
8319,0,68
4528,0,68
126,0,68
2612,0,68
7027,0,68
4542,0,68
9264,0,68
1527,0,68
7263,0,68
1111,0,68
3266,0,68
4773,0,68
7957,0,68
6104,0,68
4223,0,68
5368,0,68
6608,0,68
8624,0,68
199,0,68
6791,0,68
613,0,68
4960,0,68
9892,0,68
3182,0,68
685,0,68
8030,0,68
8677,0,68
2217,0,68
1568,0,68
7796,0,68
8693,0,68
8128,0,68
6725,0,68
1978,0,68
6341,0,68
6744,0,68
3225,0,68
2232,0,68
5964,0,68
1014,0,68
1501,0,68
2871,0,68
4918,0,68
6560,0,68
1150,0,68
2500,0,68
1534,0,68
6720,0,68
1281,0,68
2869,0,68
7756,0,68
8344,0,68
1597,0,68
9347,0,68
4648,0,68
4454,0,68
101,0,68
3474,0,68
1208,0,68
7247,0,68
9963,0,68
1930,0,68
6887,0,68
7226,0,68
8250,0,68
2319,0,68
1595,0,68
2849,0,68
479,0,68
416,0,68
6746,0,68
4447,0,68
6890,0,68
5478,0,68
9957,0,68
2907,0,68
4619,0,68
5543,0,68
4080,0,68
7017,0,68
5075,0,68
8770,0,68
2365,0,68
9148,0,68
7285,0,68
3697,0,68
8516,0,68
5606,0,68
4442,0,68
7520,0,68
8015,0,68
2983,0,68
3551,0,68
1115,0,68
6724,0,68
1580,0,68
2358,4,69
890,7,69
5710,0,69
6728,2,69
7923,1,69
7372,1,69
7873,3,69
2847,9,69
943,9,69
9962,9,69
3751,0,69
3848,0,69
5054,0,69
223,0,69
5348,0,69
2242,0,69
1032,0,69
1610,0,69
6154,0,69
4695,0,69
2754,0,69
5211,0,69
8405,0,69
3339,0,69
1422,0,69
2821,0,69
6739,0,69
8928,0,69
9011,0,69
253,0,69
5426,0,69
5208,0,69
3476,0,69
4535,0,69
9306,0,69
3897,0,69
6477,0,69
9292,0,69
2814,0,69
3851,0,69
4609,0,69
3360,0,69
1893,0,69
4115,0,69
2529,0,69
2005,0,69
9648,0,69
1480,0,69
5162,0,69
3673,0,69
5114,0,69
5355,0,69
8659,0,69
9168,0,69
9975,0,69
7155,0,69
6304,0,69
3077,0,69
1371,0,69
6810,0,69
4986,0,69
5371,0,69
7473,0,69
8342,0,69
5853,0,69
1962,0,69
5848,0,69
806,0,69
4922,0,69
3381,0,69
7792,0,69
9224,0,69
5284,0,69
8612,0,69
1347,0,69
9955,0,69
5885,0,69
9184,0,69
1990,0,69
8958,0,69
2896,0,69
483,0,69
2030,0,69
7176,0,69
3018,0,69
3567,0,69
3786,0,69
5411,0,69
3952,0,69
2827,0,69
6775,0,69
5618,0,69
7474,0,69
699,0,69
4038,0,69
8322,0,69
8278,0,69
4210,0,69
946,0,69
4325,0,69
4545,0,69
6586,0,69
2470,0,69
2762,0,69
7049,0,69
1123,0,69
6474,0,69
8674,0,69
7051,0,69
1626,0,69
5909,0,69
5049,0,69
7367,0,69
8969,0,69
5486,0,69
759,0,69
6603,0,69
3947,0,69
9028,0,69
2157,0,69
5315,0,69
1735,0,69
9651,0,69
4273,0,69
502,0,69
5672,0,69
3054,0,69
4234,0,69
5719,0,69
7231,0,69
1261,0,69
6423,3,70
9152,5,70
7730,8,70
9524,9,70
9102,9,70
2463,9,70
937,1,70
2066,3,70
2715,3,70
3323,5,70
3438,7,70
4671,7,70
4171,2,70
6556,2,70
7829,0,70
601,0,70
766,0,70
906,0,70
9061,0,70
2674,0,70
6953,0,70
127,0,70
5680,0,70
5214,0,70
7010,0,70
1164,0,70
8749,0,70
8415,0,70
3623,0,70
4485,0,70
3534,0,70
3092,0,70
1834,0,70
2462,0,70
9107,0,70
5428,0,70
2191,0,70
8305,0,70
6236,0,70
3079,0,70
6570,0,70
3411,0,70
2504,0,70
4630,0,70
2928,0,70
103,0,70
6385,0,70
5164,0,70
2064,0,70
6956,0,70
8738,0,70
930,0,70
8780,0,70
3830,0,70
7603,0,70
5221,0,70
7909,0,70
6193,0,70
686,0,70
6290,0,70
2077,0,70
4563,0,70
430,0,70
4837,0,70
1247,0,70
6187,0,70
916,0,70
4037,0,70
8954,0,70
884,0,70
6677,0,70
8073,0,70
1859,0,70
7713,0,70
7983,0,70
2600,0,70
8911,0,70
1900,0,70
6431,0,70
7333,0,70
2296,0,70
8995,0,70
2132,0,70
3149,0,70
7145,0,70
5187,0,70
5880,0,70
7755,0,70
8668,0,70
151,0,70
7229,0,70
7210,0,70
8815,0,70
9637,0,70
3983,0,70
5875,0,70
6330,0,70
3544,0,70
4944,0,70
4417,0,70
1420,0,70
9759,0,70
2709,0,70
9438,0,70
5350,0,70
5289,0,70
2803,0,70
2944,0,70
9815,0,70
5011,0,70
2692,0,70
3818,0,70
4846,0,70
4964,0,70
7507,0,70
7207,0,70
6793,0,70
3181,0,70
4284,0,70
482,0,70
4509,0,70
5104,0,70
7113,0,70
9024,0,70
1547,0,70
8626,0,70
290,0,70
2423,0,70
7321,0,70
8786,0,70
2485,0,70
7764,0,70
7344,0,70
7421,7,71
1746,9,71
6381,1,71
3480,0,71
9913,7,71
6539,2,71
6419,5,71
5972,0,71
4411,0,71
9338,0,71
5309,0,71
5842,0,71
2555,0,71
498,0,71
5089,0,71
2329,0,71
3263,0,71
452,4,71
9203,0,71
7644,0,71
9584,0,71
5045,0,71
450,0,71
2832,0,71
4166,0,71
843,0,71
1005,0,71
9380,0,71
6769,0,71
5222,0,71
3990,0,71
3985,0,71
6716,0,71
5923,0,71
1513,0,71
9969,0,71
3510,0,71
6284,0,71
4157,0,71
2396,0,71
1452,0,71
5760,0,71
4549,0,71
9207,0,71
1070,0,71
8875,0,71
1374,0,71
7606,0,71
4267,0,71
9467,0,71
6458,0,71
6475,0,71
8892,0,71
4459,0,71
549,0,71
8353,0,71
3011,0,71
3377,0,71
3447,0,71
7489,0,71
1167,0,71
289,0,71
7297,0,71
984,0,71
6370,0,71
14,0,71
248,0,71
5088,0,71
8871,0,71
9784,0,71
6584,0,71
9793,0,71
839,0,71
5542,0,71
4811,0,71
0,0,71
5877,0,71
2467,0,71
8025,0,71
9525,0,71
7025,0,71
3109,0,71
5188,0,71
5183,0,71
2696,0,71
5397,0,71
1196,0,71
8127,0,71
7970,0,71
2915,0,71
3621,0,71
1310,0,71
8814,0,71
8939,0,71
3049,0,71
2468,0,71
2515,0,71
7567,0,71
3969,0,71
4178,0,71
1892,0,71
6070,0,71
6904,0,71
5067,0,71
3436,0,71
2730,0,71
5962,0,71
382,0,71
5533,0,71
7388,0,71
7437,0,71
9082,0,71
7951,0,71
1531,0,71
8855,0,71
4151,0,71
8976,2,72
331,9,72
7376,2,72
357,5,72
1541,6,72
8743,6,72
7456,4,72
2034,4,72
1518,7,72
4180,0,72
5908,8,72
1703,8,72
7316,3,72
2613,3,72
5983,1,72
6889,1,72
2611,0,72
1477,0,72
3644,0,72
8843,0,72
5729,0,72
7041,0,72
6726,0,72
93,0,72
8093,0,72
8847,0,72
7144,0,72
5709,0,72
7571,0,72
3469,0,72
7590,0,72
6502,0,72
8836,0,72
8375,0,72
967,0,72
2722,0,72
1542,0,72
3379,0,72
3611,0,72
1989,0,72
6540,0,72
6097,0,72
4602,0,72
5941,0,72
5087,0,72
974,0,72
6962,0,72
4942,0,72
4700,0,72
1475,0,72
6259,0,72
8893,0,72
7708,0,72
2566,0,72
1621,0,72
9588,0,72
9322,0,72
6729,0,72
8859,0,72
4372,0,72
6986,0,72
4938,0,72
9282,0,72
1719,0,72
3423,0,72
8816,0,72
8470,0,72
9287,0,72
6661,0,72
9466,0,72
4096,0,72
5989,0,72
7672,0,72
9678,0,72
5805,0,72
6919,0,72
2763,0,72
4840,0,72
9054,0,72
3642,0,72
4525,0,72
4254,0,72
6263,0,72
6018,0,72
3914,0,72
5249,0,72
2845,0,72
3045,0,72
9307,0,72
8475,0,72
2135,0,72
931,0,72
2424,0,72
7630,0,72
6040,0,72
713,0,72
4501,0,72
523,0,72
371,0,72
7956,0,72
2201,0,72
7308,0,72
7136,0,72
3713,0,72
4586,0,72
1388,0,72
2069,0,72
2567,0,72
8297,0,72
7939,0,72
1966,0,72
4903,0,72
4352,0,72
4801,0,72
2438,0,72
6233,0,72
1249,0,72
3276,0,72
1589,0,72
9336,0,72
6872,0,72
2299,0,72
8913,0,72
2838,0,72
9327,0,72
875,0,72
7531,0,72
5814,0,72
8529,0,72
7391,0,72
2988,0,72
4604,0,72
5058,0,72
9958,0,72
9167,7,75
6174,9,76
7949,7,77
9996,8,80
3981,7,81
5028,7,81
9819,9,82
2787,5,83
2568,9,83
4774,3,83
2884,3,84
9755,4,84
5621,1,85
8312,6,86
9140,0,86
6970,0,86
1508,0,86
5725,9,87
9490,0,87
1413,8,87
4585,7,88
2273,4,89
4886,3,90
7705,1,90
4580,1,91
8908,0,91
9639,0,91
9050,0,91
1050,1,93
2858,8,94
3404,0,94
9535,1,95
5446,0,96
6239,1,96
8302,1,97
2703,1,97
8757,0,98
881,7,99
6907,7,99
7149,7,99
734,1,100
9711,7,101
7637,7,101
1211,9,102
3693,1,103
4212,7,103
7864,7,104
3030,9,104
8300,7,105
4046,0,105
2885,0,107
7060,2,108
6044,0,109
1280,2,109
4982,0,111
3470,8,111
902,1,113
1701,0,113
3481,1,115
3757,7,116
6873,0,116
2165,1,117
4920,0,120
6362,1,123
7142,4,124
3464,1,127
8487,7,127
1810,0,128
5601,1,128
8538,9,129
8215,7,130
318,4,131
2937,0,131
4601,8,131
1638,9,133
8766,7,133
4452,0,133
4976,0,135
3318,7,135
8622,7,136
15,0,138
9036,1,138
5115,9,139
1939,8,141
6642,4,142
5857,9,143
3490,7,143
9937,7,148
2226,4,150
4489,9,152
1860,7,154
9558,9,155
2713,4,157
92,7,158
1796,0,159
5736,4,160
5845,9,160
4346,1,162
1896,6,163
1220,9,163
1982,0,163
2562,0,164
6770,7,165
1613,4,165
6972,0,167
8042,1,168
8114,0,168
7262,1,169
4029,0,170
9220,1,172
921,1,173
5102,4,174
5362,0,174
872,7,175
3301,7,176
9869,7,177
2638,6,177
6841,9,177
8705,1,177
5078,9,179
4088,7,179
4693,7,180
9118,1,180
6551,0,182
9104,8,183
2693,0,185
7390,3,186
8376,0,187
7170,8,188
5138,0,189
3040,1,191
6940,7,192
2974,1,194
9206,3,195
9564,5,196
3158,0,196
5391,5,198
4724,4,201
3416,5,201
2171,7,203
9609,1,203
9345,0,205
172,1,205
5048,9,205
2700,5,206
9324,4,208
1786,6,208
6928,7,209
4343,0,209
3690,3,211
4112,0,212
7455,7,212
370,6,216
4755,9,216
7140,4,219
8661,9,219
772,2,219
4327,7,219
8528,2,222
8150,7,224
3216,8,225
8807,9,228
69,8,228
8225,4,234
2966,3,235
8707,0,235
809,7,235
796,9,236
9403,4,237
8822,1,238
6616,9,239
3630,6,240
9828,0,240
5851,7,242
9217,8,244
7026,0,244
378,0,244
5630,1,245
2223,1,246
6142,0,247
8706,1,249
2187,4,250
9171,7,252
4576,6,253
8270,7,253
5979,1,254
9320,7,255
2528,1,256
7777,7,256
2933,9,256
4949,8,259
8873,0,259
5306,0,261
9245,0,263
6961,3,263
3607,2,268
6243,1,270
6246,3,272
1486,5,273
138,0,273
