没什么用拿来占位的第一行，这是第7个文件
0,9025,38,30
1,674,63,9
2,10091,62,44
3,4051,15,43
4,5803,64,47
5,11536,67,52
6,4879,13,15
7,502,16,17
8,3929,28,3
9,11350,23,1
10,683,58,36
11,11092,35,1
12,1016,46,41
13,6056,75,4
14,5089,23,12
15,7112,57,54
16,9030,66,18
17,3678,31,9
18,4964,70,56
19,1711,73,42
20,8024,73,6
21,4040,26,9
22,9026,53,7
23,2534,53,56
24,5205,39,17
25,11196,29,52
26,7614,43,44
27,7349,25,47
28,4091,33,26
29,6200,30,36
30,9326,34,25
31,9789,7,26
32,8614,11,45
33,3891,31,8
34,726,4,16
35,4217,71,57
36,2956,67,1
37,1469,6,44
38,608,58,23
39,4653,18,1
40,602,61,38
41,1841,16,50
42,7110,68,39
43,5775,30,45
44,3892,54,14
45,7253,8,16
46,10267,25,49
47,11018,17,4
48,479,11,16
49,8671,3,20
50,951,63,55
51,9695,31,8
52,3294,13,5
53,2421,57,60
54,9961,64,39
55,7471,71,25
56,5794,29,10
57,894,58,32
58,473,28,23
59,8621,48,3
60,7536,70,11
61,7247,49,11
62,5191,71,30
63,10333,68,53
64,2562,73,24
65,6955,15,24
66,3378,39,45
67,7489,56,30
68,8756,76,23
69,7787,75,49
70,9586,70,43
71,2755,45,48
72,1133,20,50
73,11831,56,26
74,5677,34,22
75,9860,4,52
76,8687,52,13
77,11720,49,15
78,6681,11,60
79,6048,25,42
80,6491,19,47
81,9312,49,5
82,205,73,48
83,6815,24,58
84,7914,36,35
85,1111,16,18
86,6579,36,32
87,6113,46,25
88,605,31,33
89,2880,15,13
90,9558,46,33
91,4526,40,42
92,6678,44,55
93,10262,50,37
94,904,51,46
95,6223,40,42
96,8468,32,52
97,11720,67,58
98,11820,43,31
99,5523,36,54
100,968,42,54
101,8443,54,16
102,6000,39,45
103,7474,16,9
104,1047,39,58
105,4045,66,28
106,2677,20,36
107,6335,33,34
108,2033,70,38
109,9508,71,42
110,10103,56,34
111,11014,44,56
112,9199,6,53
113,5215,15,15
114,6228,19,59
115,8857,51,39
116,1506,48,33
117,3811,47,12
118,9532,15,61
119,8328,60,30
120,2374,40,57
121,2636,2,49
122,935,62,50
123,4651,31,55
124,11695,38,40
125,11673,56,47
126,10807,48,1
127,5213,41,14
128,7314,29,19
129,4930,53,52
130,3934,73,43
131,5295,47,44
132,5806,35,13
133,11466,72,53
134,5749,19,52
135,2405,66,8
136,5478,50,10
137,5997,70,32
138,9943,76,50
139,8052,65,38
140,9832,29,41
141,1385,25,31
142,5724,15,1
143,8399,9,7
144,2624,22,4
145,7331,73,52
146,6671,55,5
147,2854,17,20
148,11690,3,47
149,7415,30,24
150,9652,2,44
151,9829,32,42
152,9879,51,7
153,11088,36,47
154,6457,22,38
155,7682,46,19
156,2433,9,37
157,1870,38,30
158,10853,16,17
159,1752,53,12
160,2791,45,12
161,6960,65,57
162,7553,6,8
163,10375,60,60
164,2891,62,20
165,3555,32,4
166,2418,36,17
167,5662,46,7
168,7283,53,10
169,5223,55,11
170,7885,41,48
171,1102,36,43
172,10257,65,25
173,5074,68,57
174,6655,50,26
175,5977,36,56
176,10016,18,19
177,1796,51,41
178,8520,73,22
179,5879,10,5
180,1639,45,17
181,5803,25,42
182,3848,58,60
183,6355,39,16
184,61,4,21
185,4125,53,51
186,2580,76,61
187,9508,2,32
188,3481,25,52
189,7704,7,15
190,11224,74,59
191,5887,40,9
192,10300,44,49
193,8367,17,3
194,10814,16,50
195,8531,26,32
196,5425,3,8
197,4265,57,60
198,11063,4,11
199,9101,51,56
200,4306,20,20
201,4562,29,12
202,11322,33,14
203,10842,24,54
204,8195,66,7
205,10740,53,16
206,100,25,20
207,10643,70,35
208,8164,11,46
209,1182,73,11
210,7577,35,56
211,5338,15,18
212,268,42,58
213,8566,12,54
214,234,47,21
215,389,67,41
216,451,53,43
217,3702,75,27
218,8003,62,26
219,5184,37,32
220,2598,6,60
221,170,45,46
222,3436,34,1
223,11045,19,34
224,8069,14,28
225,4615,34,32
226,9567,28,18
227,4701,76,54
228,6281,3,20
229,1721,38,47
230,11770,6,12
231,5436,0,54
232,10578,48,60
233,3573,27,49
234,6559,37,12
235,4433,69,16
236,8288,19,17
237,5869,64,35
238,8524,45,46
239,62,46,34
240,5666,64,13
241,9968,55,35
242,5600,36,61
243,5181,41,26
244,5981,13,46
245,7881,70,18
246,11622,47,45
247,5653,76,46
248,6380,75,49
249,9805,29,17
250,8759,49,45
251,6896,66,9
252,3329,46,18
253,2549,22,11
254,3601,12,22
255,2200,30,19
256,3665,28,33
257,5210,39,23
258,241,56,39
259,6685,7,45
260,2967,7,26
261,504,60,53
262,5435,10,59
263,4339,59,41
264,787,2,51
265,1337,31,38
266,11479,57,17
267,2794,26,6
268,5856,76,39
269,5188,19,41
270,850,57,48
271,10861,21,10
272,8836,46,22
273,725,7,27
274,4061,27,50
275,824,38,16
276,10544,34,3
277,9192,60,58
278,3126,37,42
279,10019,40,5
280,4029,21,24
281,6617,24,25
282,11975,38,17
283,135,34,18
284,9647,28,40
285,8109,35,47
286,9722,5,57
287,6852,41,40
288,4358,29,20
289,2832,23,39
290,8957,31,20
291,2051,59,49
292,6266,11,58
293,3740,49,44
294,11163,2,49
295,4969,26,2
296,10847,72,4
297,4626,45,10
298,1100,46,27
299,6828,73,31
300,2998,69,4
301,2459,14,54
302,4776,6,9
303,6079,12,10
304,7796,41,30
305,2340,39,56
306,2182,46,45
307,5865,15,60
308,11637,8,37
309,9918,63,21
310,11079,61,12
311,7500,27,38
312,6149,59,59
313,6648,40,32
314,9483,6,38
315,301,58,53
316,10858,2,4
317,3579,72,10
318,9668,0,45
319,8777,45,12
320,5147,76,10
321,7028,45,59
322,5176,13,27
323,6208,64,30
324,1864,18,52
325,3305,29,20
326,3853,42,61
327,2002,54,53
328,3080,30,8
329,8538,14,13
330,853,3,39
331,7373,64,28
332,7261,56,33
333,4940,64,1
334,7192,18,6
335,9812,40,17
336,2789,13,28
337,1007,57,23
338,10331,36,3
339,6749,31,2
340,11474,27,46
341,640,12,21
342,5394,7,27
343,8236,73,3
344,3813,19,41
345,2311,2,57
346,3328,2,45
347,6072,22,7
348,2826,57,15
349,2905,30,52
350,3789,61,9
351,10273,72,17
352,5736,29,14
353,8058,20,26
354,11093,30,25
355,5410,0,61
356,5960,33,32
357,4596,21,2
358,4023,12,19
359,6968,38,31
360,10320,37,54
361,2932,9,61
362,4880,18,22
363,10719,44,28
364,2444,70,18
365,10895,38,1
366,10587,67,54
367,3956,12,21
368,4360,9,50
369,10481,15,17
370,5419,58,49
371,647,12,10
372,9156,43,39
373,11987,2,45
374,5727,42,30
375,6540,23,36
376,4737,26,60
377,3644,49,24
378,9684,39,58
379,1683,49,54
380,7249,34,1
381,5817,55,33
382,7661,26,42
383,7220,55,45
384,551,4,4
385,10747,55,8
386,7920,56,55
387,9677,36,58
388,9318,19,15
389,10513,12,11
390,8580,57,12
391,2191,35,12
392,6277,29,11
393,2070,61,32
394,288,13,38
395,3373,38,52
396,10925,14,11
397,9178,13,33
398,2088,42,20
399,6013,35,19
400,8491,3,49
401,2236,6,36
402,599,55,56
403,1086,36,22
404,3333,28,41
405,1770,0,24
406,2937,45,4
407,11921,41,42
408,8365,34,43
409,1954,61,61
410,7073,19,29
411,6970,15,10
412,7111,31,34
413,3507,10,26
414,3730,8,27
415,8330,31,44
416,4406,52,25
417,11877,53,21
418,4770,68,31
419,4404,38,12
420,8939,52,32
421,3657,14,47
422,2748,33,61
423,11786,60,33
424,9895,4,51
425,9010,28,31
426,857,18,29
427,8359,64,51
428,4694,23,13
429,4301,16,58
430,1192,73,21
431,4211,44,11
432,3592,12,8
433,285,31,4
434,7729,58,22
435,4903,47,42
436,6281,68,23
437,2799,17,32
438,6729,8,51
439,2083,75,3
440,3871,48,7
441,6813,24,36
442,5877,14,35
443,8879,50,40
444,6971,64,21
445,4236,65,60
446,9002,5,26
447,2379,11,59
448,7891,61,2
449,7363,65,5
450,4848,63,20
451,9986,27,21
452,2435,46,50
453,8941,75,53
454,5993,22,58
455,3486,38,58
456,10781,2,20
457,4734,5,39
458,6055,34,39
459,7437,35,37
460,1884,25,28
461,2236,0,35
462,1758,1,5
463,3689,39,12
464,8667,68,60
465,418,71,49
466,8198,14,22
467,2285,46,1
468,9831,22,17
469,858,31,4
470,2506,69,23
471,6293,30,20
472,7031,15,33
473,11301,37,35
474,3628,66,4
475,4039,16,26
476,4065,24,36
477,1411,18,60
478,10455,8,34
479,3439,53,23
480,11725,68,33
481,4513,35,21
482,4140,60,7
483,688,32,45
484,3801,27,3
485,7824,67,1
486,4593,34,37
487,4538,7,7
488,1096,66,15
489,674,14,36
490,10707,36,48
491,9432,7,21
492,11084,2,47
493,5771,20,11
494,8830,21,46
495,5631,75,32
496,8591,16,17
497,1908,17,20
498,570,43,43
499,2055,38,43
500,7573,35,21
501,7980,24,4
502,9570,34,7
503,7021,0,4
504,11985,40,31
505,4441,60,28
506,427,1,25
507,4007,39,57
508,5295,38,1
509,2393,6,12
510,11443,70,54
511,8522,67,40
512,10493,34,50
513,8793,25,31
514,5165,74,29
515,3410,50,46
516,11702,22,25
517,10634,18,1
518,5095,49,43
519,8182,23,44
520,8918,33,38
521,6363,35,17
522,9596,36,61
523,6404,40,33
524,2205,61,7
525,5828,47,26
526,11607,71,4
527,3781,74,18
528,8960,70,23
529,3363,22,6
530,1044,49,6
531,10279,28,47
532,3048,60,11
533,1623,25,27
534,322,73,39
535,185,13,16
536,6005,59,48
537,5855,56,41
538,4447,45,50
539,7075,61,15
540,4132,35,10
541,7763,31,28
542,2491,43,49
543,10807,26,1
544,5504,2,34
545,4802,49,59
546,11759,56,1
547,2428,49,3
548,11441,44,8
549,8245,7,1
550,1373,44,22
551,11390,28,49
552,9364,74,41
553,4537,63,59
554,4369,33,11
555,10008,45,28
556,4339,67,13
557,10615,19,31
558,8968,51,39
559,8711,75,59
560,1205,36,39
561,11142,62,46
562,1504,22,3
563,11339,57,46
564,6269,36,22
565,10968,33,28
566,1971,56,21
567,9636,13,50
568,3112,37,33
569,11902,20,23
570,6728,17,32
571,4074,67,11
572,11702,44,47
573,8102,65,9
574,4432,8,17
575,6195,26,47
576,6545,10,35
577,5239,19,46
578,4706,23,18
579,4736,66,22
580,1927,75,60
581,9649,18,29
582,3293,0,44
583,4926,14,23
584,7083,50,25
585,1780,58,57
586,82,10,30
587,5973,46,17
588,6421,32,46
589,10744,17,39
590,4004,0,55
591,11406,15,8
592,8443,44,9
593,8617,36,60
594,11268,44,20
595,10664,32,38
596,6124,30,17
597,11619,13,39
598,1135,76,30
599,2135,21,26
600,2521,23,53
601,9020,21,19
602,2058,5,58
603,4983,19,35
604,2602,48,19
605,11346,25,30
606,1762,47,55
607,4041,53,7
608,126,56,54
609,7074,3,30
610,5620,36,20
611,9691,76,18
612,5639,61,58
613,8405,66,1
614,11265,30,52
615,9653,76,53
616,4998,33,1
617,10083,61,46
618,7234,54,27
619,2519,40,47
620,7384,35,24
621,1833,42,15
622,9975,70,25
623,3901,10,8
624,5283,51,18
625,685,6,17
626,1121,60,46
627,716,12,56
628,11440,28,28
629,10426,30,50
630,161,35,29
631,7517,70,19
632,5163,74,37
633,7154,57,21
634,7530,32,7
635,8540,50,9
636,9882,53,1
637,1316,17,36
638,11586,65,61
639,4466,27,7
640,11381,56,25
641,2301,36,16
642,10566,42,57
643,6518,56,24
644,10561,66,40
645,10311,25,36
646,3421,8,2
647,7591,47,61
648,8904,51,17
649,2593,74,14
650,3881,74,43
651,7447,11,1
652,4178,2,30
653,3345,40,29
654,9904,58,9
655,4435,28,49
656,676,33,45
657,11397,56,42
658,1313,34,39
659,6919,69,60
660,1936,36,33
661,10876,47,51
662,5608,18,9
663,2941,21,6
664,10733,37,4
665,513,20,5
666,4822,14,25
667,9187,1,60
668,3629,69,29
669,11380,54,50
670,1258,56,11
671,8995,56,58
672,539,10,25
673,11161,36,29
674,11025,36,33
675,10692,76,18
676,8824,24,19
677,8842,40,40
678,7040,18,21
679,11968,6,40
680,2923,1,47
681,7433,0,26
682,9297,10,42
683,1044,34,2
684,10017,37,56
685,10472,75,34
686,6491,19,44
687,11453,57,10
688,52,16,36
689,10655,3,42
690,1829,12,22
691,11861,1,12
692,3276,14,2
693,6031,71,60
694,11068,39,14
695,5821,32,46
696,2452,66,42
697,6134,4,28
698,2052,75,3
699,6188,41,58
700,6271,35,55
701,3208,30,10
702,7047,10,41
703,5976,58,47
704,11859,55,60
705,11367,33,51
706,3543,74,37
707,9564,43,37
708,2270,55,34
709,1052,52,46
710,5878,40,53
711,8022,17,40
712,2915,60,36
713,11855,23,22
714,237,18,2
715,2780,2,31
716,5603,50,23
717,3901,28,19
718,8774,68,29
719,8625,29,32
720,2460,71,6
721,4459,50,37
722,2483,42,17
723,158,58,5
724,3163,21,4
725,10565,41,25
726,4888,76,54
727,233,37,14
728,3083,5,52
729,3843,53,52
730,8700,68,10
731,275,8,44
732,5777,55,43
733,8603,67,47
734,2377,23,42
735,13,53,28
736,525,39,56
737,7807,50,42
738,7423,52,21
739,2346,23,30
740,4922,14,50
741,9734,65,11
742,803,36,19
743,4690,66,42
744,9955,24,48
745,4482,76,36
746,3753,74,38
747,1371,67,15
748,1236,3,51
749,123,29,49
750,7007,20,43
751,700,42,40
752,9308,72,17
753,11666,71,51
754,8283,21,28
755,2320,18,10
756,4341,28,27
757,7587,48,7
758,640,39,28
759,10584,3,21
760,5965,73,38
761,7130,3,29
762,3410,36,39
763,11876,73,48
764,5834,22,45
765,11661,63,10
766,5369,16,31
767,11481,73,47
768,1804,51,33
769,8464,76,16
770,9455,21,21
771,9698,50,38
772,7983,76,18
773,4407,56,43
774,4012,57,32
775,5104,25,36
776,517,36,26
777,5651,8,42
778,9875,10,39
779,2777,46,6
780,8479,63,53
781,10339,8,43
782,9408,74,13
783,2289,24,44
784,1353,6,3
785,3232,37,43
786,9895,60,50
787,2033,27,52
788,10880,60,57
789,1429,46,31
790,8614,61,57
791,2048,24,51
792,1212,15,42
793,9868,68,7
794,3891,26,56
795,1817,65,48
796,2956,12,58
797,1380,40,57
798,8216,64,28
799,1619,59,5
800,2406,24,7
801,8030,55,50
802,4541,49,53
803,273,2,32
804,10928,47,32
805,5221,12,21
806,607,71,40
807,9604,31,51
808,1860,52,35
809,11603,68,31
810,5959,45,48
811,5408,45,14
812,8990,1,34
813,2114,64,59
814,11067,27,15
815,1553,46,24
816,1157,6,12
817,7771,43,23
818,11781,28,53
819,417,24,37
820,11107,71,4
821,4465,2,10
822,6890,70,48
823,7592,58,33
824,4440,33,36
825,1676,21,49
826,411,7,1
827,4658,7,12
828,3796,54,17
829,5687,59,40
830,11950,6,32
831,1342,71,58
832,6244,0,48
833,7196,73,55
834,4822,57,53
835,9697,0,10
836,3745,66,11
837,11572,20,33
838,6430,44,9
839,2882,39,32
840,530,71,14
841,5333,29,1
842,11401,31,8
843,3372,5,8
844,8063,11,60
845,188,74,55
846,5651,11,22
847,1609,55,32
848,8184,18,46
849,1156,3,57
850,5645,34,40
851,8406,29,61
852,2254,64,9
853,6784,55,49
854,5234,62,36
855,2748,39,3
856,1001,5,2
857,403,44,34
858,6669,9,48
859,10888,29,3
860,7452,9,59
861,7956,32,5
862,2095,13,20
863,8110,30,29
864,9550,1,29
865,11234,56,7
866,10860,43,38
867,170,24,7
868,3441,18,11
869,2398,73,57
870,1331,67,56
871,64,75,22
872,4987,44,16
873,2794,9,49
874,9562,45,4
875,8999,11,1
876,1646,57,37
877,4800,38,10
878,8774,8,15
879,9399,62,38
880,8184,48,15
881,11124,75,45
882,2272,19,12
883,8587,17,42
884,498,48,8
885,7592,18,3
886,8614,40,34
887,4918,46,41
888,9257,76,61
889,4299,61,16
890,1285,31,33
891,7664,73,52
892,7745,61,14
893,3622,11,2
894,3755,28,47
895,5695,31,53
896,9026,3,30
897,255,59,15
898,4257,69,14
899,119,54,42
900,2943,3,30
901,1707,64,35
902,8826,2,21
903,5639,12,1
904,6939,28,26
905,10287,15,37
906,1386,61,36
907,5176,70,59
908,3512,2,58
909,4464,16,47
910,5782,20,4
911,4001,64,5
912,10596,67,36
913,3839,46,46
914,4667,20,19
915,1226,35,23
916,1811,31,1
917,2683,47,49
918,9464,50,26
919,7410,43,53
920,1170,6,23
921,4030,47,31
922,4,8,9
923,8485,25,32
924,9446,34,38
925,7345,59,19
926,7173,56,25
927,7011,25,26
928,7112,26,37
929,11734,51,11
930,10049,73,50
931,4297,21,3
932,8886,33,28
933,8643,34,22
934,9206,34,48
935,5866,61,7
936,8908,53,2
937,8423,72,4
938,9232,30,12
939,3200,9,26
940,6790,23,28
941,2136,12,24
942,5237,40,16
943,2690,22,43
944,11037,75,28
945,10943,67,48
946,3985,33,10
947,3974,1,32
948,1592,16,49
949,6303,53,20
950,1515,74,1
951,1102,10,18
952,8741,64,39
953,787,10,14
954,9372,25,35
955,8645,66,19
956,5950,37,46
957,8461,70,19
958,11538,36,26
959,10294,37,41
960,5166,46,13
961,5849,61,55
962,4993,22,51
963,186,41,26
964,11719,71,61
965,1501,71,26
966,11398,19,48
967,3021,50,4
968,8088,76,26
969,887,53,3
970,7912,65,23
971,306,58,52
972,4908,41,52
973,2601,57,42
974,8428,49,1
975,9777,11,19
976,5941,14,22
977,905,12,20
978,10994,6,46
979,1801,11,28
980,3626,1,43
981,5985,50,38
982,10681,13,30
983,2104,33,55
984,5038,39,8
985,5560,55,44
986,11960,71,1
987,6893,45,42
988,10467,43,9
989,10570,27,47
990,5849,30,12
991,1469,18,43
992,3277,52,10
993,4267,74,26
994,4974,50,56
995,4766,50,38
996,5846,64,60
997,7612,38,49
998,1436,17,9
999,7407,4,29
1000,3113,48,52
1001,7411,59,39
1002,10014,18,46
1003,3125,40,1
1004,2049,30,10
1005,3564,32,12
1006,5800,60,30
1007,2343,47,21
1008,6099,7,5
1009,4764,20,29
1010,138,20,58
1011,7496,5,18
1012,9172,27,4
1013,4552,18,50
1014,7035,15,27
1015,10713,51,3
1016,8795,26,23
1017,1591,13,28
1018,8346,54,1
1019,3526,38,10
1020,10052,70,40
1021,10126,23,47
1022,5214,67,7
1023,10946,25,55
1024,7588,45,35
1025,464,25,1
1026,6341,14,52
1027,7414,76,7
1028,11296,14,36
1029,7773,3,27
1030,4251,42,12
1031,4196,26,40
1032,3017,10,28
1033,11080,16,24
1034,7509,2,27
1035,6705,0,48
1036,231,39,43
1037,6590,25,35
1038,4125,6,52
1039,10933,61,29
1040,8129,60,2
1041,7852,18,24
1042,5947,21,58
1043,11939,13,41
1044,6027,17,27
1045,7949,43,42
1046,4066,65,27
1047,3171,30,9
1048,7206,30,14
1049,517,40,44
1050,10981,22,49
1051,648,43,9
1052,3997,51,31
1053,2240,32,1
1054,6323,11,35
1055,537,35,49
1056,8993,47,42
1057,2736,64,10
1058,1179,6,17
1059,4321,43,41
1060,7230,23,48
1061,2861,61,50
1062,7760,32,27
1063,591,21,7
1064,4786,42,17
1065,4205,22,19
1066,5201,35,2
1067,8707,42,12
1068,9314,70,20
1069,11498,44,19
1070,2190,27,37
1071,1519,74,17
1072,5688,52,44
1073,8291,57,53
1074,9972,25,21
1075,4756,50,41
1076,944,21,31
1077,2953,1,17
1078,1953,19,10
1079,5501,26,25
1080,2819,64,39
1081,4533,72,46
1082,11644,18,50
1083,4148,29,24
1084,8635,55,28
1085,7779,35,37
1086,2117,0,37
1087,641,72,14
1088,6791,5,34
1089,9744,40,57
1090,1822,63,60
1091,2606,20,27
1092,2956,48,11
1093,10631,25,39
1094,2926,51,57
1095,7921,9,22
1096,6526,76,9
1097,3589,56,25
1098,7815,63,18
1099,4871,17,9
1100,6254,39,18
1101,2504,75,21
1102,7491,45,36
1103,2551,1,47
1104,8326,0,45
1105,10787,65,54
1106,2689,14,51
1107,9327,26,8
1108,9653,21,3
1109,5267,19,49
1110,2726,44,47
1111,4495,6,37
1112,2755,53,2
1113,9853,50,54
1114,5233,22,37
1115,10585,26,36
1116,9334,20,30
1117,3950,0,57
1118,6721,38,11
1119,1141,60,45
1120,8602,29,34
1121,7276,8,39
1122,11770,13,25
1123,1391,16,6
1124,10418,39,19
1125,6479,56,61
1126,9847,1,34
1127,2695,20,7
1128,1316,21,3
1129,1524,59,45
1130,8542,1,19
1131,4974,40,5
1132,5675,13,23
1133,6137,46,48
1134,8909,60,8
1135,11021,58,8
1136,10907,22,41
1137,11257,49,35
1138,9748,7,61
1139,4033,71,60
1140,11730,29,20
1141,11565,2,50
1142,8032,68,3
1143,4588,52,1
1144,10734,1,37
1145,8054,14,27
1146,7485,42,6
1147,6712,25,5
1148,10037,40,20
1149,11827,48,2
1150,1928,27,55
1151,941,9,33
1152,4140,0,34
1153,352,15,26
1154,2263,68,14
1155,8642,45,16
1156,2671,76,33
1157,5492,10,41
1158,8504,20,46
1159,1373,46,50
1160,9272,72,37
1161,5798,23,29
1162,7923,12,30
1163,9322,54,3
1164,4131,37,56
1165,1962,21,16
1166,2187,62,12
1167,3008,30,22
1168,4738,46,23
1169,5476,42,15
1170,8901,12,56
1171,3095,61,46
1172,11974,38,36
1173,7922,7,31
1174,7174,24,29
1175,8814,7,4
1176,8896,47,47
1177,2904,36,40
1178,10255,72,50
1179,4631,42,34
1180,10564,68,59
1181,6333,27,56
1182,4174,76,61
1183,9283,63,46
1184,10010,4,38
1185,8267,39,50
1186,1399,61,36
1187,4077,65,30
1188,9439,64,14
1189,2694,74,33
1190,9213,63,14
1191,2620,28,54
1192,360,67,3
1193,11411,36,9
1194,8390,66,16
1195,8483,41,18
1196,1299,55,34
1197,1728,17,12
1198,425,30,38
1199,3185,64,15
1200,2777,5,14
1201,8455,19,32
1202,11663,11,55
1203,376,19,58
1204,7219,48,12
1205,3365,43,8
1206,9627,11,48
1207,10900,76,61
1208,10792,40,25
1209,7204,51,50
1210,5119,72,49
1211,3452,18,21
1212,8537,66,21
1213,898,64,52
1214,2169,71,33
1215,10713,14,9
1216,10443,9,23
1217,3110,36,53
1218,5494,10,7
1219,2681,70,23
1220,9717,59,7
1221,518,41,39
1222,1350,41,49
1223,572,52,41
1224,10651,27,24
1225,3624,35,17
1226,324,36,34
1227,2401,10,51
1228,11583,49,20
1229,4998,28,41
1230,9830,8,4
1231,4152,75,47
1232,9473,15,17
1233,1104,71,31
1234,3772,30,22
1235,697,15,7
1236,7242,73,52
1237,9386,60,21
1238,6028,49,35
1239,7960,5,61
1240,10385,54,24
1241,6420,37,36
1242,221,47,58
1243,11620,73,48
1244,6218,26,61
1245,10535,49,9
1246,11284,5,22
1247,6907,57,61
1248,864,6,58
1249,10648,22,18
1250,3293,18,28
1251,866,52,35
1252,3532,11,14
1253,993,13,19
1254,6172,29,30
1255,5368,11,12
1256,2907,69,40
1257,11112,7,29
1258,8033,67,29
1259,5955,65,1
1260,10228,32,48
1261,6681,47,49
1262,11466,36,54
1263,10407,7,16
1264,5310,35,26
1265,11947,68,47
1266,7014,47,25
1267,10104,41,14
1268,6954,32,30
1269,3943,69,50
1270,8328,3,14
1271,7195,39,6
1272,6965,57,59
1273,8560,31,51
1274,10897,34,30
1275,8543,9,55
1276,386,7,16
1277,9005,35,56
1278,6010,67,54
1279,4264,35,6
1280,2415,35,55
1281,4106,10,44
1282,10202,9,7
1283,588,43,22
1284,255,43,46
1285,3375,42,51
1286,3667,49,44
1287,4741,54,5
1288,5004,66,25
1289,1193,73,10
1290,10910,61,21
1291,9437,64,47
1292,2751,49,11
1293,3021,53,33
1294,8654,5,4
1295,959,15,13
1296,4585,1,42
1297,2545,2,60
1298,5295,63,16
1299,8140,60,4
1300,3021,61,11
1301,9915,68,56
1302,1071,43,21
1303,6749,43,24
1304,566,22,60
1305,4712,11,34
1306,4435,20,2
1307,120,56,40
1308,1124,0,22
1309,1103,70,61
1310,5378,70,46
1311,3659,36,29
1312,1106,51,57
1313,7569,48,11
1314,11987,69,39
1315,2262,1,4
1316,6472,42,17
1317,3931,6,60
1318,83,26,16
1319,11579,14,35
1320,3965,38,5
1321,500,7,8
1322,10622,60,31
1323,1431,15,24
1324,11949,2,20
1325,3533,22,22
1326,1141,15,47
1327,9357,55,12
1328,7430,69,38
1329,1005,40,22
1330,10223,29,28
1331,1751,14,6
1332,10559,68,15
1333,1366,1,10
1334,4920,7,20
1335,10490,31,39
1336,10084,5,45
1337,9543,24,37
1338,8284,66,56
1339,8134,54,61
1340,9842,57,56
1341,7491,68,25
1342,4387,45,2
1343,2338,38,38
1344,9264,16,25
1345,800,46,6
1346,3911,52,41
1347,1067,76,27
1348,8198,44,24
1349,1739,63,49
1350,5620,66,14
1351,11805,13,49
1352,8794,63,39
1353,7207,45,18
1354,8475,52,6
1355,1250,4,26
1356,1066,4,38
1357,9414,61,30
1358,11651,4,11
1359,3558,49,24
1360,10139,7,26
1361,5969,59,48
1362,4798,65,36
1363,5887,16,2
1364,10251,65,18
1365,11513,66,42
1366,7811,49,54
1367,9931,20,39
1368,3064,1,34
1369,8197,58,31
1370,9112,12,36
1371,4354,1,39
1372,1414,11,6
1373,4677,12,3
1374,5184,40,2
1375,200,32,33
1376,2875,38,42
1377,5119,27,4
1378,7647,0,12
1379,7712,0,28
1380,6701,14,42
1381,10584,27,3
1382,7167,53,27
1383,5595,75,28
1384,721,61,24
1385,1723,62,24
1386,9852,5,52
1387,2523,43,27
1388,1503,9,35
1389,6440,61,33
1390,8541,14,40
1391,6647,27,21
1392,6727,9,28
1393,1578,24,35
1394,9438,8,41
1395,4911,28,8
1396,11508,70,32
1397,1391,33,52
1398,8491,7,45
1399,575,72,45
1400,9838,52,22
1401,9745,36,11
1402,5001,25,53
1403,8667,26,33
1404,2123,52,12
1405,2905,65,57
1406,11211,17,16
1407,6267,25,56
1408,5193,39,58
1409,3986,54,36
1410,10710,74,18
1411,7713,32,47
1412,6282,32,3
1413,1233,48,36
1414,11214,76,48
1415,243,25,6
1416,7097,30,55
1417,4923,20,4
1418,8949,39,2
1419,8675,16,28
1420,10894,14,48
1421,146,43,45
1422,7428,55,35
1423,3466,60,50
1424,2542,76,2
1425,2093,39,54
1426,7381,49,30
1427,6265,22,25
1428,11432,71,32
1429,8075,45,36
1430,8770,15,18
1431,11705,37,3
1432,2625,68,1
1433,10530,55,7
1434,8440,23,54
1435,11180,26,28
1436,9302,48,52
1437,2721,31,19
1438,9351,76,45
1439,11440,66,3
1440,621,56,56
1441,11955,39,38
1442,4802,51,56
1443,10148,46,53
1444,5224,69,5
1445,1244,43,19
1446,10802,72,39
1447,4994,30,61
1448,742,12,23
1449,7347,59,53
1450,9835,27,57
1451,7452,11,23
1452,11990,50,54
1453,7228,47,5
1454,8985,60,47
1455,7449,11,59
1456,5769,14,36
1457,11325,41,6
1458,6383,34,56
1459,2724,65,35
1460,8072,21,39
1461,7196,72,27
1462,503,23,60
1463,2265,15,24
1464,11365,29,43
1465,240,9,54
1466,4775,60,19
1467,10270,73,54
1468,7094,3,56
1469,5301,3,8
1470,4332,62,37
1471,5158,2,13
1472,7382,19,38
1473,4509,6,44
1474,6687,12,25
1475,7843,25,46
1476,9219,12,5
1477,9968,40,3
1478,3084,64,43
1479,2012,19,22
1480,2099,36,58
1481,1178,65,23
1482,7054,42,4
1483,7714,14,54
1484,10387,25,59
1485,57,62,7
1486,8523,57,16
1487,6257,25,1
1488,4233,4,30
1489,9183,30,36
1490,184,13,55
1491,8955,47,1
1492,7395,51,24
1493,8006,48,3
1494,701,50,20
1495,9547,11,60
1496,10784,15,52
1497,9538,46,18
1498,4078,20,9
1499,2201,15,22
1500,8855,38,6
1501,5076,68,56
1502,8021,32,7
1503,1422,24,19
1504,1788,52,11
1505,3453,47,13
1506,2964,36,5
1507,9187,31,58
1508,8088,68,52
1509,3456,57,30
1510,8950,20,16
1511,3724,63,6
1512,252,26,23
1513,6642,22,11
1514,6608,67,24
1515,9832,31,61
1516,5075,54,6
1517,1211,37,59
1518,4143,9,35
1519,6457,46,26
1520,5686,26,5
1521,1662,37,30
1522,4043,49,38
1523,8577,36,52
1524,10564,46,19
1525,11408,53,16
1526,8656,63,45
1527,1795,18,37
1528,9,37,10
1529,8079,64,33
1530,4558,32,6
1531,9948,58,58
1532,5677,56,3
1533,116,55,30
1534,6686,2,35
1535,3879,29,32
1536,6443,24,33
1537,6398,25,39
1538,577,65,54
1539,9068,53,1
1540,11678,47,39
1541,5358,67,57
1542,6182,19,2
1543,2401,9,17
1544,1361,55,53
1545,8965,72,12
1546,99,10,13
1547,3487,2,6
1548,8691,6,47
1549,7852,29,50
1550,7780,43,40
1551,2158,69,22
1552,5001,68,26
1553,8702,12,28
1554,9837,16,20
1555,7322,46,21
1556,212,76,50
1557,9867,19,24
1558,1728,40,48
1559,859,26,7
1560,2988,36,55
1561,1375,29,14
1562,5264,58,8
1563,8683,26,38
1564,11747,63,8
1565,9845,19,20
1566,6505,73,44
1567,8520,18,48
1568,10639,33,17
1569,1439,28,1
1570,1987,55,1
1571,311,6,57
1572,2122,23,46
1573,1951,46,26
1574,2200,9,16
1575,4581,44,6
1576,6058,66,9
1577,7786,12,39
1578,194,33,40
1579,5382,59,60
1580,6496,40,28
1581,11667,19,46
1582,11406,64,11
1583,10711,8,9
1584,6989,17,8
1585,9723,30,30
1586,2939,14,33
1587,10848,44,9
1588,7317,60,43
1589,6073,26,60
1590,8325,43,7
1591,5766,69,61
1592,11768,57,55
1593,7244,61,57
1594,1226,33,44
1595,6166,34,25
1596,7907,6,20
1597,601,21,12
1598,5824,19,52
1599,9862,33,32
1600,2506,12,15
1601,10093,10,1
1602,8582,33,48
1603,798,26,23
1604,1043,33,7
1605,10814,62,23
1606,11042,4,13
1607,8489,2,48
1608,10588,64,46
1609,5884,71,45
1610,11759,1,49
1611,11060,50,22
1612,3452,4,12
1613,694,4,30
1614,1495,57,23
1615,1195,25,2
1616,9517,14,57
1617,6103,40,40
1618,2151,68,21
1619,4275,4,40
1620,7251,28,36
1621,7402,30,17
1622,11199,75,43
1623,5704,67,46
1624,10864,69,25
1625,4258,32,19
1626,4049,68,56
1627,5793,29,35
1628,11145,13,26
1629,1577,36,24
1630,11302,58,57
1631,7178,10,18
1632,10945,57,33
1633,7887,0,27
1634,10801,19,22
1635,8731,69,26
1636,488,60,4
1637,9819,70,24
1638,8858,25,15
1639,8546,62,26
1640,2413,21,35
1641,2570,59,37
1642,8428,67,51
1643,11438,52,29
1644,998,16,1
1645,2250,15,49
1646,5091,1,56
1647,7039,58,19
1648,2548,74,40
1649,6119,41,17
1650,10028,36,49
1651,9877,14,52
1652,1418,76,41
1653,7499,69,1
1654,10525,59,38
1655,9713,38,56
1656,9672,34,13
1657,1745,41,26
1658,4782,9,11
1659,5925,28,52
1660,6752,56,54
1661,7267,76,10
1662,2296,17,59
1663,3135,10,54
1664,6374,55,21
1665,10109,17,43
1666,11775,41,25
1667,11507,31,33
1668,7827,58,26
1669,9593,70,26
1670,1701,47,54
1671,10563,13,25
1672,3101,25,36
1673,94,71,21
1674,626,47,5
1675,6400,46,50
1676,7313,8,22
1677,9158,5,39
1678,6623,22,1
1679,2959,51,9
1680,4283,57,17
1681,9328,1,16
1682,3618,47,55
1683,921,41,52
1684,8737,50,13
1685,1941,60,32
1686,2950,27,45
1687,8731,64,5
1688,10084,56,60
1689,11791,11,36
1690,7776,34,49
1691,5494,29,30
1692,211,69,50
1693,5870,15,45
1694,2309,30,8
1695,7901,19,23
1696,9107,70,9
1697,6052,76,55
1698,10244,63,11
1699,5861,15,24
1700,2143,0,61
1701,1846,63,54
1702,3533,65,26
1703,10303,25,12
1704,10955,18,38
1705,5409,8,45
1706,769,45,23
1707,4347,60,54
1708,2004,53,58
1709,12,50,35
1710,1679,21,53
1711,11993,27,12
1712,3929,62,48
1713,5456,21,32
1714,5495,21,18
1715,781,33,16
1716,5606,42,61
1717,10920,71,15
1718,1805,31,4
1719,343,50,29
1720,6678,66,5
1721,4937,32,42
1722,614,54,50
1723,6622,47,17
1724,4128,25,48
1725,8496,15,30
1726,3275,38,48
1727,9922,8,47
1728,10489,2,22
1729,3923,4,44
1730,7734,29,17
1731,415,73,61
1732,8164,45,48
1733,10865,10,4
1734,6820,67,3
1735,6984,3,23
1736,5469,58,48
1737,3042,45,40
1738,4049,22,57
1739,10847,42,30
1740,11445,4,59
1741,7875,2,13
1742,481,65,26
1743,5192,20,23
1744,3814,43,41
1745,1843,75,33
1746,1113,74,19
1747,6527,5,59
1748,5708,13,45
1749,108,53,47
1750,2070,17,30
1751,6974,50,4
1752,7054,28,8
1753,3979,5,34
1754,3313,26,37
1755,10593,40,5
1756,9962,60,29
1757,4694,47,34
1758,5414,5,8
1759,9906,15,34
1760,11149,1,31
1761,4875,69,18
1762,3498,59,55
1763,3534,15,9
1764,3847,22,7
1765,11255,70,53
1766,8743,8,48
1767,2483,46,40
1768,7515,73,7
1769,3888,34,4
1770,2448,47,5
1771,2991,38,6
1772,2097,9,18
1773,11893,25,10
1774,1570,28,2
1775,11647,55,39
1776,7612,31,33
1777,3283,27,1
1778,5186,49,60
1779,6677,29,17
1780,8214,24,38
1781,220,47,30
1782,1315,72,1
1783,6905,52,16
1784,9672,68,52
1785,224,64,23
1786,2211,7,58
1787,1593,34,2
1788,3064,36,12
1789,389,16,34
1790,3827,68,42
1791,524,32,4
1792,8060,59,3
1793,5931,50,30
1794,10023,20,35
1795,534,66,25
1796,1070,28,54
1797,8023,68,50
1798,577,76,54
1799,10952,45,8
1800,6329,10,43
1801,1861,16,41
1802,889,23,7
1803,5509,38,21
1804,3966,13,33
1805,9477,47,43
1806,10040,44,31
1807,1971,34,33
1808,199,42,45
1809,10615,39,8
1810,4247,58,1
1811,955,39,3
1812,1312,30,40
1813,6982,26,57
1814,871,4,6
1815,4648,28,60
1816,7242,10,61
1817,10863,31,4
1818,5102,48,12
1819,5726,22,41
1820,421,45,1
1821,5363,27,56
1822,9429,3,26
1823,8678,32,37
1824,9039,5,58
1825,8886,21,3
1826,8753,69,15
1827,9709,24,28
1828,8128,28,30
1829,4939,3,18
1830,11092,70,58
1831,8916,12,10
1832,975,69,37
1833,509,35,27
1834,1026,25,61
1835,6493,53,54
1836,2385,9,45
1837,11094,16,8
1838,10590,25,34
1839,1423,5,49
1840,6209,70,60
1841,5896,47,7
1842,736,48,14
1843,5096,26,2
1844,1956,10,25
1845,3836,1,33
1846,4790,26,24
1847,11356,18,57
1848,11100,8,13
1849,9475,38,29
1850,206,56,23
1851,7362,28,60
1852,1361,55,10
1853,3632,67,22
1854,10851,15,13
1855,8760,57,41
1856,5894,61,47
1857,11708,19,47
1858,11207,28,7
1859,870,41,17
1860,9988,57,39
1861,948,71,3
1862,7720,14,44
1863,7278,34,19
1864,11779,10,12
1865,11304,41,29
1866,11641,29,58
1867,3878,55,25
1868,10756,56,59
1869,7920,61,8
1870,8089,73,48
1871,6526,7,56
1872,9127,63,40
1873,4275,58,10
1874,10122,18,34
1875,3567,28,13
1876,1501,12,43
1877,8713,69,25
1878,558,65,15
1879,135,6,27
1880,5270,7,27
1881,4169,47,43
1882,4544,0,10
1883,7757,74,3
1884,5791,27,40
1885,9143,28,13
1886,3277,55,26
1887,5734,17,3
1888,4925,2,52
1889,11352,44,55
1890,2588,24,36
1891,622,76,27
1892,6751,38,36
1893,4344,0,42
1894,1733,73,6
1895,9993,34,1
1896,5131,3,53
1897,10789,5,39
1898,6843,16,44
1899,4049,19,5
1900,10678,70,55
1901,10819,12,55
1902,11701,2,7
1903,10097,27,9
1904,10986,68,10
1905,137,64,45
1906,5822,46,6
1907,5892,19,59
1908,8708,55,43
1909,3179,63,37
1910,1793,45,3
1911,9466,14,33
1912,6718,12,47
1913,9742,38,58
1914,2645,14,5
1915,3569,40,51
1916,8953,68,28
1917,11129,76,25
1918,3829,2,42
1919,3625,1,12
1920,10573,39,50
1921,3612,66,9
1922,7363,75,41
1923,4225,32,59
1924,11244,8,41
1925,6504,0,60
1926,11294,39,50
1927,7800,53,6
1928,6458,43,27
1929,2462,26,36
1930,11508,20,37
1931,8626,18,25
1932,4985,30,55
1933,287,58,12
1934,4626,48,26
1935,5341,69,48
1936,2567,28,59
1937,2829,48,9
1938,11315,69,15
1939,1788,71,1
1940,1073,36,1
1941,11668,9,22
1942,6684,6,31
1943,5544,34,19
1944,5637,52,41
1945,10310,75,42
1946,10780,66,13
1947,4703,17,41
1948,3208,1,30
1949,9771,22,22
1950,4719,0,30
1951,10978,52,39
1952,8511,11,2
1953,3977,29,20
1954,2655,58,30
1955,3788,30,16
1956,1529,24,35
1957,7874,73,17
1958,6623,3,26
1959,4937,6,33
1960,4927,31,9
1961,6451,23,54
1962,5782,69,11
1963,8610,53,55
1964,3219,25,20
1965,6588,36,51
1966,409,73,14
1967,10895,13,31
1968,5579,54,46
1969,8127,34,17
1970,7975,27,7
1971,6547,63,15
1972,3510,4,3
1973,5900,3,2
1974,7259,17,32
1975,1577,21,14
1976,11161,12,49
1977,10792,55,27
1978,5875,13,53
1979,11618,41,32
1980,1791,7,52
1981,5464,61,18
1982,9968,28,33
1983,11812,70,37
1984,3324,60,48
1985,11511,57,39
1986,3808,12,24
1987,6447,23,37
1988,2949,10,35
1989,288,53,45
1990,4105,0,37
1991,7325,40,19
1992,4046,39,47
1993,1107,64,6
1994,6763,15,15
1995,938,70,34
1996,2219,32,55
1997,11718,51,31
1998,3625,61,51
1999,8574,39,40
2000,10340,21,18
2001,5248,30,52
2002,11846,53,34
2003,10347,16,25
2004,7002,72,32
2005,8718,11,23
2006,5774,2,12
2007,9331,59,47
2008,6180,2,35
2009,2547,2,30
2010,10401,20,1
2011,7532,59,5
2012,11403,30,56
2013,8334,34,8
2014,10488,66,17
2015,9539,31,13
2016,4647,60,32
2017,323,13,39
2018,3014,63,7
2019,3667,70,36
2020,3275,6,44
2021,5238,23,11
2022,5935,11,15
2023,9060,5,41
2024,3719,68,36
2025,9378,61,12
2026,2624,52,4
2027,10378,71,9
2028,8006,17,55
2029,11836,24,11
2030,6091,55,38
2031,1460,54,33
2032,3192,51,48
2033,11484,20,58
2034,1035,52,25
2035,2845,68,45
2036,1985,74,19
2037,4578,75,17
2038,7956,51,25
2039,5944,0,16
2040,2146,6,23
2041,6256,8,45
2042,2159,62,27
2043,1608,50,24
2044,937,3,45
2045,11337,64,48
2046,6346,30,44
2047,2964,40,7
2048,1160,25,34
2049,4651,48,11
2050,5457,26,38
2051,6851,38,33
2052,2070,31,14
2053,9753,17,53
2054,2255,74,11
2055,7997,39,46
2056,5,48,50
2057,5606,0,24
2058,10825,43,43
2059,19,37,38
2060,9375,5,22
2061,8632,3,34
2062,11601,4,43
2063,9474,61,37
2064,1733,37,16
2065,1414,58,4
2066,11712,42,46
2067,10611,57,39
2068,3042,26,3
2069,8606,0,22
2070,9952,52,51
2071,9225,36,55
2072,679,31,15
2073,10826,28,23
2074,5623,75,37
2075,10008,20,48
2076,371,1,36
2077,6355,50,52
2078,7627,54,37
2079,4993,36,26
2080,4160,41,30
2081,9880,16,24
2082,5707,3,42
2083,6062,30,38
2084,8347,35,2
2085,3166,14,8
2086,10517,6,42
2087,6754,56,29
2088,9484,14,57
2089,6233,73,47
2090,8669,39,36
2091,2517,71,49
2092,8409,14,57
2093,2297,29,42
2094,4951,18,44
2095,6807,20,17
2096,9278,15,28
2097,75,43,59
2098,2161,4,30
2099,6928,3,6
2100,10630,37,6
2101,11570,6,21
2102,6973,17,44
2103,9517,27,31
2104,6379,61,3
2105,2830,44,59
2106,9580,67,6
2107,3000,56,61
2108,1092,58,32
2109,187,53,20
2110,5277,73,50
2111,8520,7,29
2112,8499,25,43
2113,10217,49,8
2114,8791,34,28
2115,215,14,40
2116,11655,2,57
2117,5626,4,56
2118,1586,74,5
2119,8666,76,25
2120,9098,1,38
2121,255,47,18
2122,8653,46,16
2123,6699,18,27
2124,9042,65,32
2125,8632,51,12
2126,277,70,48
2127,5957,65,45
2128,1043,71,2
2129,47,19,12
2130,10600,62,17
2131,6627,10,24
2132,401,18,54
2133,10896,25,29
2134,11979,60,40
2135,10029,28,33
2136,8579,49,5
2137,4856,36,24
2138,2563,43,28
2139,2439,49,50
2140,5728,28,51
2141,5000,55,20
2142,9480,61,47
2143,3665,64,52
2144,10124,37,44
2145,1999,14,50
2146,3154,9,54
2147,1945,24,45
2148,3999,61,23
2149,10899,40,49
2150,7312,38,31
2151,2686,56,4
2152,9276,59,50
2153,86,21,3
2154,6166,33,13
2155,11853,8,48
2156,2482,71,60
2157,2330,61,37
2158,5705,42,23
2159,1296,6,22
2160,1853,50,42
2161,5976,5,44
2162,8643,33,49
2163,10605,75,51
2164,10759,2,15
2165,9785,26,46
2166,6065,24,51
2167,7823,40,42
2168,7916,37,38
2169,9608,54,12
2170,2987,64,12
2171,5780,19,31
2172,11689,51,25
2173,5843,65,46
2174,3904,45,17
2175,4701,28,48
2176,9879,29,6
2177,11295,53,3
2178,10895,50,28
2179,1027,73,40
2180,4591,14,28
2181,4546,60,26
2182,3928,36,36
2183,364,0,50
2184,5940,48,9
2185,3173,60,52
2186,3914,41,40
2187,10645,62,36
2188,2399,31,15
2189,8881,65,4
2190,7738,15,23
2191,821,6,51
2192,6107,43,11
2193,8590,6,18
2194,7225,42,60
2195,68,3,30
2196,10310,65,34
2197,7311,25,6
2198,11247,72,46
2199,6383,13,11
2200,2328,52,36
2201,2068,26,10
2202,11734,28,24
2203,7367,30,45
2204,6808,20,57
2205,1961,40,14
2206,9878,40,28
2207,4789,51,41
2208,10340,48,2
2209,1074,2,56
2210,3073,62,5
2211,8576,13,57
2212,10831,65,56
2213,1765,25,40
2214,5743,47,58
2215,5759,21,59
2216,4281,7,33
2217,5575,46,20
2218,8637,41,56
2219,3864,28,33
2220,490,68,21
2221,6252,23,37
2222,9969,52,15
2223,6101,46,26
2224,3589,8,26
2225,9656,57,19
2226,371,41,28
2227,10745,22,31
2228,11386,29,32
2229,2596,53,17
2230,1700,31,58
2231,83,13,11
2232,10756,27,5
2233,10861,23,7
2234,7059,27,58
2235,6861,61,35
2236,228,6,13
2237,9389,58,17
2238,3835,37,30
2239,5202,67,54
2240,3267,71,24
2241,1456,36,7
2242,8342,48,56
2243,11461,20,47
2244,224,52,21
2245,4725,38,38
2246,7075,0,33
2247,11202,20,40
2248,11033,67,20
2249,3555,28,30
2250,4632,5,40
2251,2753,67,10
2252,5226,2,39
2253,9315,19,23
2254,9825,8,44
2255,10695,53,11
2256,9229,58,3
2257,6149,64,46
2258,199,13,48
2259,3470,14,42
2260,6203,41,46
2261,10803,46,54
2262,4648,44,20
2263,11550,58,10
2264,6368,38,28
2265,7808,7,12
2266,11788,26,59
2267,6534,24,56
2268,1434,58,25
2269,675,12,52
2270,9458,26,13
2271,7048,21,54
2272,6902,29,58
2273,6064,25,19
2274,3642,25,48
2275,212,5,39
2276,498,2,35
2277,11575,15,3
2278,8995,66,45
2279,3792,64,1
2280,11870,38,21
2281,1510,66,25
2282,519,66,20
2283,1419,34,50
2284,2228,71,13
2285,419,24,17
2286,6686,29,11
2287,6960,64,3
2288,6685,35,35
2289,6413,37,33
2290,10315,3,43
2291,11891,48,47
2292,10999,65,41
2293,11583,17,42
2294,1895,41,2
2295,654,21,9
2296,3317,38,16
2297,10373,42,17
2298,4357,55,12
2299,11053,57,27
2300,7488,60,51
2301,2767,10,36
2302,4289,7,39
2303,7308,0,54
2304,6239,15,42
2305,4370,75,49
2306,2618,30,54
2307,1128,34,30
2308,11826,22,41
2309,7707,63,8
2310,4561,63,59
2311,2610,60,29
2312,3715,41,6
2313,8042,74,8
2314,5713,38,25
2315,10955,0,10
2316,11836,65,38
2317,4095,27,2
2318,5989,27,25
2319,553,22,19
2320,6551,48,20
2321,9947,33,7
2322,11334,19,28
2323,9711,75,61
2324,4660,58,27
2325,10427,11,54
2326,3665,29,23
2327,43,73,14
2328,9581,26,42
2329,987,21,2
2330,9665,38,40
2331,6750,57,25
2332,7712,11,53
2333,4488,61,42
2334,4736,49,45
2335,3048,71,47
2336,3792,47,32
2337,9586,2,59
2338,10261,53,33
2339,4588,62,59
2340,1327,19,19
2341,4688,58,37
2342,5630,10,21
2343,7517,67,35
2344,7444,70,29
2345,10773,60,27
2346,4457,33,42
2347,683,56,50
2348,4251,1,53
2349,8795,46,12
2350,3221,59,9
2351,6430,10,6
2352,4368,7,4
2353,9425,68,35
2354,6607,35,35
2355,924,46,36
2356,3154,33,26
2357,4963,24,33
2358,6392,14,4
2359,5022,27,46
2360,2191,6,40
2361,7917,68,27
2362,4948,36,30
2363,1348,74,47
2364,1252,12,56
2365,10099,53,46
2366,6585,34,57
2367,7205,3,4
2368,9543,38,8
2369,212,38,39
2370,7447,63,36
2371,9630,58,21
2372,10745,0,27
2373,4773,55,15
2374,11230,55,23
2375,2264,73,14
2376,294,10,18
2377,10128,57,17
2378,8098,35,3
2379,11508,24,24
2380,4098,70,37
2381,2144,73,45
2382,11722,46,61
2383,1904,71,23
2384,5762,58,28
2385,5903,44,50
2386,3602,75,4
2387,2011,31,41
2388,6446,10,6
2389,10944,26,28
2390,8528,29,30
2391,2443,26,53
2392,11901,5,1
2393,6202,2,28
2394,11045,16,56
2395,4032,59,24
2396,6558,27,38
2397,2263,29,30
2398,10352,71,7
2399,4015,35,40
2400,8166,33,42
2401,5899,52,53
2402,7549,71,32
2403,11507,13,5
2404,10546,11,49
2405,4599,40,6
2406,7578,19,7
2407,9184,35,13
2408,6487,70,41
2409,8642,2,30
2410,2803,12,9
2411,5772,14,12
2412,7692,1,23
2413,8284,23,44
2414,9803,72,37
2415,6362,51,29
2416,3513,3,8
2417,5207,5,44
2418,1456,9,52
2419,10705,24,41
2420,8248,2,38
2421,2966,43,14
2422,8947,21,20
2423,2445,14,1
2424,1661,28,39
2425,5639,73,14
2426,6762,57,10
2427,11939,7,61
2428,11433,26,21
2429,3946,31,16
2430,5142,59,26
2431,11888,59,31
2432,6084,10,26
2433,7278,58,40
2434,2975,60,18
2435,4072,27,9
2436,2817,74,19
2437,7490,68,58
2438,3274,39,16
2439,8657,59,54
2440,8982,52,24
2441,6701,30,56
2442,8287,6,40
2443,9081,56,1
2444,6068,53,43
2445,8700,64,20
2446,41,66,23
2447,7603,57,60
2448,594,42,53
2449,4820,31,53
2450,6985,48,43
2451,4042,15,59
2452,10250,50,57
2453,11261,19,58
2454,9167,15,1
2455,5981,61,48
2456,7692,2,31
2457,8711,45,18
2458,10032,48,13
2459,11087,31,35
2460,3470,28,42
2461,5025,18,55
2462,3640,60,50
2463,6102,10,51
2464,7337,76,38
2465,10319,12,28
2466,7822,76,33
2467,2312,31,11
2468,1980,24,20
2469,9749,11,14
2470,11331,51,49
2471,3354,44,23
2472,4872,16,56
2473,170,51,5
2474,10328,48,53
2475,5767,60,60
2476,7536,76,47
2477,3325,5,38
2478,1439,56,32
2479,2119,42,20
2480,10889,70,56
2481,10733,34,58
2482,5692,25,29
2483,6720,16,20
2484,372,25,33
2485,8520,62,7
2486,792,34,53
2487,9582,23,15
2488,7602,68,38
2489,5235,68,13
2490,1216,49,37
2491,11717,41,30
2492,5058,58,45
2493,10287,8,13
2494,8449,51,46
2495,7585,33,60
2496,6364,45,21
2497,256,5,26
2498,3924,24,22
2499,7347,45,30
2500,8627,5,6
2501,7444,29,56
2502,7153,7,19
2503,977,34,17
2504,1436,3,51
2505,6506,41,53
2506,10657,52,25
2507,9776,37,14
2508,6836,72,57
2509,3627,62,5
2510,2266,42,60
2511,2347,7,37
2512,1898,68,55
2513,7315,16,19
2514,1316,24,9
2515,8273,36,2
2516,705,39,61
2517,3404,61,59
2518,2655,54,8
2519,6412,6,12
2520,7204,60,22
2521,6952,36,18
2522,5018,46,26
2523,7517,73,30
2524,31,48,46
2525,3713,20,56
2526,2498,23,60
2527,2397,22,17
2528,4370,24,14
2529,692,50,13
2530,10356,68,42
2531,6694,3,48
2532,8796,42,25
2533,519,29,54
2534,6135,2,31
2535,3783,38,6
2536,11968,25,36
2537,6050,15,23
2538,7100,43,42
2539,10307,28,25
2540,7647,28,42
2541,1739,11,29
2542,6929,57,26
2543,1115,3,28
2544,4314,17,50
2545,5489,46,44
2546,1265,51,11
2547,3994,63,13
2548,6136,73,46
2549,9992,53,60
2550,10327,9,6
2551,2343,3,24
2552,4991,63,17
2553,11642,10,6
2554,5811,67,22
2555,11881,50,49
2556,10268,57,22
2557,2765,32,59
2558,4824,73,56
2559,8464,46,30
2560,2374,2,51
2561,9615,9,41
2562,880,67,47
2563,9315,65,36
2564,11086,29,57
2565,680,40,24
2566,6583,59,5
2567,4761,32,32
2568,911,51,10
2569,2838,2,39
2570,8846,69,27
2571,3287,46,15
2572,11547,23,33
2573,4907,53,49
2574,8832,61,27
2575,3635,65,18
2576,6806,36,6
2577,7608,21,60
2578,10739,7,14
2579,9982,68,34
2580,3680,22,61
2581,2512,36,39
2582,9524,30,53
2583,5001,73,60
2584,1290,15,3
2585,4199,3,27
2586,2314,5,1
2587,5548,6,3
2588,5019,34,38
2589,6253,8,37
2590,5361,49,30
2591,4718,9,9
2592,2993,48,12
2593,1065,2,28
2594,7897,10,27
2595,11278,26,8
2596,11888,12,59
2597,4308,25,1
2598,5650,19,48
2599,4826,43,26
2600,5375,25,37
2601,3440,33,43
2602,3363,33,61
2603,3987,50,3
2604,10921,58,41
2605,8996,41,15
2606,2200,62,6
2607,9336,7,21
2608,2365,46,58
2609,3671,33,10
2610,11941,34,36
2611,6501,71,11
2612,2567,24,36
2613,9310,0,46
2614,8082,72,36
2615,173,27,12
2616,2133,15,2
2617,4627,43,6
2618,851,41,28
2619,8526,39,48
2620,9904,42,40
2621,10347,25,32
2622,2922,68,36
2623,2623,69,2
2624,11217,26,18
2625,11897,28,51
2626,4644,20,49
2627,1698,18,10
2628,7014,42,59
2629,2944,37,60
2630,6315,44,42
2631,10852,10,41
2632,8347,47,38
2633,1810,29,36
2634,7932,7,36
2635,1281,37,18
2636,3555,6,61
2637,5659,55,45
2638,4223,34,55
2639,2315,62,28
2640,3959,21,35
2641,9093,20,49
2642,571,53,21
2643,4957,64,51
2644,7562,54,58
2645,4466,20,22
2646,8194,62,12
2647,8878,40,30
2648,11498,73,23
2649,4902,50,20
2650,9617,7,7
2651,11897,61,23
2652,10088,7,40
2653,7465,65,33
2654,7000,74,3
2655,7207,58,32
2656,9388,45,45
2657,5484,58,34
2658,9896,31,6
2659,5637,10,21
2660,7651,29,18
2661,10603,57,39
2662,1696,24,5
2663,1629,53,18
2664,11859,19,52
2665,5022,5,20
2666,6045,48,2
2667,7187,74,59
2668,1754,65,53
2669,6672,49,42
2670,11903,11,53
2671,9758,53,57
2672,9329,38,47
2673,11538,20,41
2674,9342,63,33
2675,9949,66,16
2676,6528,52,17
2677,7273,0,45
2678,9413,29,10
2679,797,58,54
2680,9975,56,21
2681,10914,34,31
2682,3862,47,51
2683,11260,29,61
2684,4570,40,31
2685,2793,76,25
2686,1839,43,15
2687,10742,61,45
2688,11691,32,28
2689,2229,64,32
2690,345,14,14
2691,1688,62,55
2692,5212,34,8
2693,614,32,61
2694,1521,28,53
2695,8496,42,33
2696,2560,4,22
2697,2461,35,22
2698,2681,54,30
2699,6029,53,36
2700,7176,74,23
2701,5672,54,43
2702,332,46,30
2703,11779,10,36
2704,3903,41,39
2705,10749,48,14
2706,5913,20,35
2707,8274,7,1
2708,1106,7,15
2709,6876,51,28
2710,1677,39,34
2711,8539,28,51
2712,2023,51,53
2713,10694,0,28
2714,9460,62,38
2715,3594,38,54
2716,7889,8,37
2717,534,9,3
2718,4623,28,57
2719,7494,18,45
2720,433,41,61
2721,7430,34,56
2722,6878,55,28
2723,3635,64,43
2724,10666,11,41
2725,5844,5,15
2726,10016,6,56
2727,1740,21,10
2728,7476,4,18
2729,6257,9,48
2730,4815,11,17
2731,9620,9,8
2732,2696,50,4
2733,9078,29,31
2734,4192,33,6
2735,4292,22,31
2736,8126,45,56
2737,9958,44,58
2738,6061,24,37
2739,9893,73,10
2740,4329,8,3
2741,3748,21,53
2742,4688,61,27
2743,9172,23,40
2744,3893,63,59
2745,11015,8,61
2746,9778,50,39
2747,8776,41,31
2748,8188,65,39
2749,1342,2,61
2750,7378,21,21
2751,3080,6,36
2752,8231,70,43
2753,6058,35,10
2754,11845,44,42
2755,1312,27,55
2756,3951,70,6
2757,6129,20,11
2758,9585,50,19
2759,10146,11,46
2760,1718,64,20
2761,2169,65,20
2762,8064,24,53
2763,11152,64,1
2764,8512,61,18
2765,4685,48,47
2766,3612,43,61
2767,1416,14,52
2768,8760,5,23
2769,6999,35,7
2770,6730,26,15
2771,281,61,48
2772,3751,6,39
2773,9475,1,14
2774,2978,64,14
2775,855,29,38
2776,1416,57,26
2777,3144,42,12
2778,2812,24,30
2779,8609,67,56
2780,10580,19,31
2781,3397,53,36
2782,2844,21,51
2783,4799,68,52
2784,4023,74,57
2785,9,6,42
2786,6068,44,8
2787,3205,28,20
2788,9196,51,28
2789,9626,9,50
2790,3344,64,15
2791,4067,50,1
2792,1964,32,31
2793,5449,30,31
2794,1674,31,9
2795,206,19,39
2796,5025,39,47
2797,7743,58,32
2798,10831,11,50
2799,10344,57,61
2800,1984,0,11
2801,4480,20,38
2802,6816,23,6
2803,390,14,18
2804,7029,73,22
2805,5709,31,36
2806,9636,69,38
2807,8227,13,55
2808,4623,57,38
2809,2341,71,15
2810,9637,41,45
2811,1442,65,37
2812,5856,36,28
2813,1370,58,7
2814,5134,40,27
2815,9171,57,22
2816,1840,34,36
2817,1210,20,18
2818,10835,39,44
2819,3560,64,22
2820,1714,25,5
2821,8289,63,4
2822,3702,76,21
2823,1918,13,26
2824,8383,64,53
2825,1476,24,45
2826,4696,66,45
2827,11773,1,37
2828,6449,35,52
2829,11555,28,21
2830,1785,35,1
2831,3124,55,6
2832,7699,27,9
2833,11030,54,21
2834,801,69,58
2835,8746,69,18
2836,4571,6,3
2837,9913,30,50
2838,9350,73,31
2839,7503,38,44
2840,6714,73,47
2841,5323,64,21
2842,4772,74,3
2843,11267,63,21
2844,2179,10,22
2845,6641,33,30
2846,10527,35,10
2847,3677,45,59
2848,11651,10,9
2849,9636,42,27
2850,487,54,17
2851,10975,67,40
2852,682,68,45
2853,10015,56,48
2854,4539,42,18
2855,5339,13,6
2856,1892,72,60
2857,10892,49,41
2858,8112,23,49
2859,352,27,15
2860,11519,16,22
2861,7397,18,10
2862,3462,13,44
2863,7411,27,14
2864,6275,35,2
2865,1205,31,8
2866,1650,0,46
2867,11830,30,60
2868,6008,70,36
2869,6237,39,10
2870,7669,54,19
2871,5016,28,58
2872,4305,29,20
2873,10659,50,31
2874,11344,1,54
2875,8540,47,48
2876,9238,67,43
2877,317,18,52
2878,9805,20,11
2879,1704,5,48
2880,9649,16,9
2881,10478,27,36
2882,3166,28,43
2883,1098,10,15
2884,1585,25,1
2885,10220,39,18
2886,8342,63,13
2887,9842,17,40
2888,1611,23,25
2889,4816,23,13
2890,7104,48,23
2891,8699,32,13
2892,4996,71,55
2893,11808,26,11
2894,899,75,16
2895,2189,25,12
2896,5940,57,8
2897,1448,17,51
2898,894,10,13
2899,10286,29,55
2900,564,34,3
2901,3044,5,60
2902,11093,43,43
2903,5719,26,27
2904,9228,76,47
2905,9316,40,36
2906,2521,43,41
2907,10080,0,43
2908,8310,3,38
2909,7367,69,34
2910,9305,53,17
2911,11772,44,1
2912,895,69,17
2913,4894,2,50
2914,867,5,53
2915,2046,27,27
2916,7706,27,53
2917,1484,66,23
2918,5573,13,36
2919,9583,38,57
2920,6681,11,36
2921,4322,57,60
2922,10853,53,18
2923,7621,70,25
2924,6784,57,31
2925,9242,10,51
2926,5534,31,39
2927,1599,19,3
2928,11237,70,55
2929,10989,38,25
2930,11845,25,30
2931,2367,68,9
2932,9600,13,29
2933,8988,61,4
2934,5898,7,27
2935,9908,74,18
2936,6335,72,18
2937,10401,46,2
2938,7835,71,16
2939,7298,69,36
2940,4156,34,36
2941,8769,17,31
2942,7853,59,21
2943,3357,0,26
2944,526,70,33
2945,11875,43,34
2946,4153,22,55
2947,9064,32,30
2948,3739,63,43
2949,6455,49,7
2950,2794,24,42
2951,11435,1,61
2952,1052,34,5
2953,6497,23,14
2954,95,36,48
2955,277,57,19
2956,4988,12,38
2957,8113,12,24
2958,10899,76,42
2959,933,41,23
2960,1557,23,58
2961,967,46,49
2962,1528,20,11
2963,1193,39,31
2964,8949,6,51
2965,6693,5,37
2966,4685,33,10
2967,9610,6,50
2968,7869,45,35
2969,7296,67,42
2970,3190,61,48
2971,761,63,29
2972,8074,11,13
2973,9333,40,22
2974,8598,75,23
2975,6394,28,46
2976,2949,23,3
2977,2413,76,9
2978,1851,69,38
2979,5352,64,5
2980,7723,30,42
2981,11405,69,9
2982,4184,26,30
2983,10759,10,46
2984,2682,46,14
2985,3697,12,40
2986,2783,43,21
2987,4576,74,59
2988,5892,39,51
2989,5630,15,44
2990,5426,37,58
2991,6485,55,32
2992,10476,34,12
2993,6575,71,14
2994,8326,49,1
2995,327,52,30
2996,1973,8,14
2997,5948,25,25
2998,9862,33,53
2999,9935,76,10
3000,1109,69,59
3001,11279,72,7
3002,4851,70,4
3003,2252,74,1
3004,812,43,24
3005,9482,55,35
3006,11006,61,16
3007,8332,2,32
3008,4226,32,36
3009,888,68,61
3010,4023,16,51
3011,9703,61,48
3012,4982,37,3
3013,6393,50,4
3014,1048,29,37
3015,3627,21,58
3016,6178,33,45
3017,11836,35,20
3018,1176,23,43
3019,4440,34,43
3020,3611,5,2
3021,4114,50,42
3022,785,67,10
3023,3747,15,42
3024,7926,35,29
3025,10000,27,36
3026,9942,39,31
3027,10428,6,28
3028,5759,27,52
3029,5795,58,33
3030,8470,23,43
3031,3246,64,21
3032,2103,26,31
3033,9189,50,19
3034,3459,60,48
3035,10075,15,17
3036,2168,54,28
3037,3093,1,30
3038,9535,15,61
3039,1719,49,30
3040,4179,18,2
3041,9995,12,27
3042,4868,15,27
3043,5427,64,10
3044,7122,54,37
3045,10646,14,24
3046,7979,41,28
3047,5297,12,37
3048,2436,40,4
3049,923,69,40
3050,5197,56,1
3051,6870,5,11
3052,10054,44,54
3053,3886,7,18
3054,4112,64,3
3055,7011,17,40
3056,10932,42,41
3057,1114,29,42
3058,1039,57,7
3059,4465,76,49
3060,4835,65,19
3061,10970,48,26
3062,2467,8,25
3063,5429,48,51
3064,5395,65,1
3065,5473,39,42
3066,4088,62,13
3067,3759,35,2
3068,7932,32,36
3069,1788,69,55
3070,11397,42,30
3071,5291,42,24
3072,5462,2,2
3073,5131,16,55
3074,9723,67,7
3075,2359,54,18
3076,6038,71,51
3077,4736,3,12
3078,3751,17,61
3079,6220,74,17
3080,1067,9,43
3081,5487,33,18
3082,3405,70,13
3083,4523,11,23
3084,1078,19,6
3085,9884,1,27
3086,1601,52,1
3087,11863,56,34
3088,5783,47,44
3089,8400,76,41
3090,882,68,9
3091,64,10,32
3092,4914,27,13
3093,6604,50,39
3094,10562,47,40
3095,10181,8,16
3096,10935,48,12
3097,5261,0,41
3098,9623,50,44
3099,7248,73,58
3100,978,65,17
3101,1506,63,13
3102,2826,30,11
3103,10751,47,11
3104,6764,52,7
3105,235,31,9
3106,5873,39,34
3107,6421,68,12
3108,5909,45,15
3109,8791,64,46
3110,9288,45,61
3111,8816,74,40
3112,863,26,6
3113,832,49,31
3114,1950,76,19
3115,4590,47,35
3116,7691,42,47
3117,502,33,57
3118,6885,0,37
3119,8621,65,29
3120,2815,72,18
3121,1996,14,8
3122,6579,52,32
3123,9830,58,44
3124,5999,5,19
3125,6353,15,59
3126,9071,19,60
3127,1087,65,30
3128,11663,75,11
3129,2772,20,48
3130,6013,52,17
3131,10012,3,53
3132,4626,13,53
3133,5031,34,25
3134,10330,34,42
3135,2934,66,53
3136,7782,5,1
3137,6746,45,48
3138,6246,18,20
3139,542,47,56
3140,10425,40,17
3141,9181,46,28
3142,5978,55,5
3143,1326,17,18
3144,8760,58,37
3145,5877,21,16
3146,9618,30,58
3147,4025,46,23
3148,1249,29,29
3149,8876,54,55
3150,11176,28,5
3151,11667,25,21
3152,697,59,47
3153,8843,24,57
3154,9936,57,35
3155,11029,7,57
3156,6122,41,3
3157,4638,27,52
3158,8015,25,53
3159,4267,33,18
3160,8165,69,56
3161,2074,29,61
3162,8708,72,24
3163,8342,53,3
3164,6356,9,16
3165,1081,44,51
3166,7449,74,34
3167,9946,27,30
3168,2965,19,27
3169,4753,72,47
3170,4906,75,22
3171,1496,68,29
3172,4056,20,40
3173,6915,58,58
3174,11397,49,42
3175,2613,50,28
3176,10088,3,33
3177,7791,15,56
3178,11745,54,56
3179,11904,71,3
3180,5142,44,8
3181,2635,74,22
3182,4753,36,1
3183,11841,65,55
3184,9445,28,59
3185,7148,61,49
3186,4330,17,20
3187,7465,11,39
3188,9189,72,32
3189,5166,72,58
3190,366,40,8
3191,2954,43,4
3192,3354,36,42
3193,10274,11,25
3194,8055,21,20
3195,3052,71,39
3196,8346,55,13
3197,7737,46,35
3198,11169,67,14
3199,9959,62,41
3200,8859,24,38
3201,1126,28,28
3202,255,63,42
3203,10655,72,54
3204,3590,32,6
3205,2458,74,61
3206,10222,14,60
3207,618,11,38
3208,6140,3,54
3209,2180,42,42
3210,1698,43,4
3211,9131,52,7
3212,3816,65,19
3213,2154,38,36
3214,4337,36,55
3215,7811,13,13
3216,7722,26,21
3217,8752,13,43
3218,6717,64,50
3219,10805,19,20
3220,2183,26,6
3221,5919,46,21
3222,1318,47,4
3223,3734,61,58
3224,144,23,28
3225,9897,30,57
3226,397,75,59
3227,4341,57,50
3228,5114,24,60
3229,2236,39,49
3230,5312,9,53
3231,11904,37,53
3232,11138,69,15
3233,2916,15,39
3234,10596,24,1
3235,1416,51,30
3236,2888,14,60
3237,529,5,32
3238,7661,36,46
3239,6423,29,32
3240,10993,30,34
3241,11422,0,57
3242,5192,69,47
3243,7765,71,20
3244,9998,38,17
3245,4229,14,25
3246,10266,4,3
3247,184,37,29
3248,6732,46,25
3249,628,20,42
3250,5027,51,38
3251,10111,10,22
3252,9799,22,14
3253,6464,53,14
3254,3136,13,26
3255,661,74,12
3256,8935,39,34
3257,4707,57,26
3258,4317,31,39
3259,879,59,11
3260,9331,29,53
3261,10984,25,36
3262,5743,7,9
3263,5096,42,55
3264,11959,68,24
3265,927,32,45
3266,9768,61,25
3267,5369,14,25
3268,961,48,16
3269,4206,48,44
3270,9526,38,22
3271,4968,50,42
3272,1603,6,45
3273,4974,48,14
3274,10844,18,30
3275,5563,28,48
3276,5007,16,36
3277,8497,61,53
3278,3513,48,12
3279,9138,18,59
3280,1999,74,54
3281,11474,28,33
3282,11674,47,20
3283,748,74,30
3284,8809,6,13
3285,3696,12,57
3286,10420,10,55
3287,1916,40,37
3288,7242,2,34
3289,6716,4,23
3290,1566,24,15
3291,1124,16,5
3292,4724,2,24
3293,5756,66,24
3294,10372,17,59
3295,5826,76,30
3296,5395,45,48
3297,7200,58,10
3298,4961,52,5
3299,11637,1,45
3300,7435,24,57
3301,2232,8,59
3302,994,75,32
3303,5677,2,22
3304,9254,68,45
3305,10567,57,8
3306,3178,72,21
3307,4446,54,58
3308,10867,63,50
3309,2306,64,11
3310,11899,2,1
3311,5998,25,14
3312,8076,7,21
3313,6158,72,44
3314,1344,62,52
3315,2441,57,54
3316,1498,73,49
3317,8932,41,31
3318,3364,3,38
3319,4386,34,45
3320,6361,61,14
3321,11560,28,21
3322,8752,32,11
3323,3366,69,10
3324,1156,55,43
3325,494,3,46
3326,7557,69,51
3327,3739,65,45
3328,8593,46,37
3329,3429,64,33
3330,11885,46,17
3331,6099,9,45
3332,654,40,56
3333,8192,61,20
3334,11092,72,18
3335,6961,62,37
3336,6715,11,25
3337,1181,71,5
3338,6804,62,33
3339,11507,45,38
3340,5594,7,31
3341,1316,25,13
3342,4318,49,60
3343,11733,8,13
3344,5365,49,35
3345,10909,4,57
3346,6807,7,12
3347,6906,51,13
3348,7787,25,27
3349,1517,6,37
3350,4480,27,23
3351,11741,72,2
3352,10155,13,52
3353,9529,37,4
3354,877,55,51
3355,9706,46,49
3356,508,12,49
3357,5543,22,40
3358,4199,64,6
3359,5418,25,47
3360,278,49,12
3361,1367,26,41
3362,3136,42,60
3363,5533,58,61
3364,5807,60,6
3365,2696,40,32
3366,3864,59,55
3367,4027,51,39
3368,4364,11,50
3369,11679,1,58
3370,2534,61,41
3371,5818,46,29
3372,11550,57,36
3373,47,64,60
3374,7394,74,51
3375,2955,59,47
3376,10341,24,43
3377,360,46,51
3378,3564,23,25
3379,4796,57,52
3380,5220,75,48
3381,9667,27,34
3382,5877,58,16
3383,4004,29,45
3384,1928,56,6
3385,527,35,6
3386,9504,12,38
3387,5368,2,28
3388,6364,25,19
3389,4690,68,16
3390,6469,75,6
3391,11625,22,59
3392,10229,10,34
3393,5064,4,54
3394,2718,59,58
3395,8646,5,50
3396,2247,32,6
3397,11031,44,39
3398,3730,17,6
3399,8705,36,21
3400,1988,24,17
3401,10110,41,38
3402,3242,54,51
3403,4931,41,34
3404,3929,64,43
3405,7277,45,11
3406,6633,42,45
3407,338,0,6
3408,1102,41,5
3409,136,34,11
3410,2940,35,10
3411,3085,40,53
3412,9532,2,51
3413,4861,52,19
3414,5076,66,8
3415,11752,21,18
3416,2471,27,57
3417,10033,23,42
3418,4508,7,2
3419,3907,5,17
3420,1273,7,44
3421,3424,13,27
3422,9634,43,26
3423,6481,33,16
3424,11382,59,46
3425,3053,28,58
3426,2844,18,38
3427,649,63,51
3428,7498,53,19
3429,3473,4,5
3430,9630,28,33
3431,3252,70,56
3432,6801,16,52
3433,11517,76,14
3434,11035,53,36
3435,9283,16,37
3436,1539,4,33
3437,6786,63,5
3438,1713,37,19
3439,11422,42,22
3440,48,33,26
3441,6883,45,39
3442,11362,38,57
3443,10664,17,4
3444,10707,32,28
3445,3861,72,10
3446,2582,1,30
3447,9340,2,24
3448,10520,20,36
3449,10629,61,5
3450,1924,53,6
3451,9327,0,26
3452,612,72,28
3453,9412,2,39
3454,6561,55,13
3455,3438,57,59
3456,3449,34,50
3457,9787,5,23
3458,10398,30,31
3459,1834,12,33
3460,11216,32,34
3461,525,38,5
3462,8662,20,5
3463,7129,75,23
3464,7444,43,12
3465,8639,56,11
3466,9054,52,54
3467,9875,29,53
3468,6590,57,12
3469,912,13,11
3470,4262,14,12
3471,5393,19,42
3472,10833,70,19
3473,7945,47,59
3474,8095,49,44
3475,9637,29,5
3476,4432,58,12
3477,7413,58,34
3478,3918,31,34
3479,4820,76,49
3480,8395,20,20
3481,5269,67,17
3482,4770,65,6
3483,7507,8,15
3484,11245,48,24
3485,10896,14,45
3486,9544,37,18
3487,11695,72,50
3488,2430,47,49
3489,5202,68,39
3490,9141,70,60
3491,1814,8,21
3492,8096,73,51
3493,650,50,33
3494,10251,16,52
3495,9046,13,59
3496,6027,20,5
3497,9894,7,6
3498,7225,9,50
3499,4610,1,30
3500,3312,70,19
3501,7591,3,27
3502,11193,50,39
3503,1301,43,10
3504,9507,36,1
3505,8610,72,55
3506,7894,29,57
3507,11791,38,17
3508,4768,4,33
3509,2039,36,15
3510,9479,54,11
3511,11131,76,46
3512,615,16,11
3513,7052,17,36
3514,2301,6,13
3515,9253,33,30
3516,3509,35,9
3517,6611,47,28
3518,6253,64,16
3519,4865,54,21
3520,8352,9,23
3521,1151,73,22
3522,10482,23,36
3523,7737,9,58
3524,5917,2,60
3525,3624,18,33
3526,10255,69,35
3527,7485,22,13
3528,5911,34,29
3529,1108,43,18
3530,9335,42,4
3531,9903,26,9
3532,11457,73,58
3533,839,4,8
3534,3699,14,48
3535,5897,58,3
3536,4042,57,47
3537,6380,37,57
3538,1052,34,50
3539,4825,54,59
3540,8090,53,37
3541,7973,8,59
3542,3605,70,46
3543,8303,25,10
3544,4768,40,47
3545,7652,44,49
3546,2206,66,46
3547,4644,68,48
3548,9574,14,21
3549,11250,46,44
3550,2888,63,15
3551,4488,74,21
3552,5903,74,21
3553,5966,5,53
3554,11710,36,56
3555,6107,10,29
3556,4075,20,4
3557,4573,59,16
3558,2733,70,16
3559,5170,11,37
3560,991,75,31
3561,11179,76,6
3562,10691,35,33
3563,10280,27,48
3564,11488,56,57
3565,6013,58,51
3566,11401,13,32
3567,8044,57,50
3568,2673,69,38
3569,8692,10,49
3570,6925,5,20
3571,5462,30,50
3572,626,16,12
3573,7671,31,17
3574,11602,23,12
3575,4835,33,44
3576,7373,25,39
3577,9421,64,46
3578,4327,64,49
3579,2016,41,12
3580,1738,35,37
3581,6379,36,21
3582,8428,39,45
3583,2489,40,7
3584,6529,45,22
3585,8257,11,26
3586,2131,23,44
3587,4577,22,24
3588,7815,69,38
3589,3282,76,45
3590,7794,56,20
3591,10695,5,51
3592,11515,73,27
3593,8591,66,41
3594,1258,9,20
3595,300,33,20
3596,433,40,30
3597,1057,43,27
3598,10215,20,57
3599,7284,41,35
3600,602,35,13
3601,9799,9,13
3602,4688,69,22
3603,9893,74,53
3604,9086,55,5
3605,2570,35,7
3606,7181,47,46
3607,6289,35,34
3608,9668,63,23
3609,9644,43,59
3610,8585,12,32
3611,8579,6,42
3612,3653,57,49
3613,2586,54,40
3614,7866,34,17
3615,2727,42,6
3616,6368,11,32
3617,10328,39,15
3618,6479,70,41
3619,2989,17,29
3620,3489,36,20
3621,3774,26,35
3622,3242,67,4
3623,1055,5,15
3624,6155,56,50
3625,7800,76,6
3626,6992,19,26
3627,3813,2,18
3628,11671,67,10
3629,5485,2,57
3630,4185,75,12
3631,8725,17,9
3632,5255,66,60
3633,10463,58,3
3634,10593,69,15
3635,2730,75,40
3636,1796,36,23
3637,3322,73,11
3638,1949,67,37
3639,7344,5,5
3640,5856,4,35
3641,5715,3,33
3642,3853,2,44
3643,4272,62,56
3644,8855,4,49
3645,2522,14,36
3646,11999,60,28
3647,7302,75,54
3648,11462,19,5
3649,6956,41,48
3650,8422,5,26
3651,8051,20,19
3652,9969,34,2
3653,5065,37,40
3654,7099,33,27
3655,9872,3,11
3656,9887,20,2
3657,2137,25,25
3658,2081,22,38
3659,10094,1,52
3660,7308,36,5
3661,10259,49,27
3662,4023,57,7
3663,5854,45,6
3664,2568,74,26
3665,4756,55,22
3666,3852,64,33
3667,1299,59,26
3668,1122,33,6
3669,4565,55,13
3670,8027,51,55
3671,5012,23,40
3672,1938,53,2
3673,2657,62,48
3674,11793,40,51
3675,1847,64,59
3676,44,73,49
3677,6384,46,51
3678,4167,56,57
3679,5558,49,8
3680,5162,61,16
3681,11750,21,43
3682,9726,26,50
3683,9056,31,38
3684,3510,75,50
3685,11834,37,51
3686,8250,73,55
3687,3349,44,61
3688,11267,55,34
3689,10084,51,11
3690,9893,32,47
3691,6353,34,22
3692,10074,28,28
3693,726,69,8
3694,8514,52,32
3695,358,48,1
3696,5013,34,1
3697,2681,74,3
3698,7012,73,36
3699,7128,60,41
3700,7945,15,35
3701,5488,64,9
3702,5474,76,6
3703,9840,23,28
3704,9595,46,58
3705,4530,33,29
3706,8491,43,60
3707,10227,73,18
3708,3767,15,14
3709,5631,2,43
3710,9727,3,53
3711,8864,0,59
3712,3145,18,44
3713,1941,2,55
3714,3013,62,9
3715,9870,40,19
3716,10345,53,15
3717,1039,17,51
3718,9300,49,9
3719,10746,55,41
3720,3460,5,42
3721,10038,9,58
3722,480,19,48
3723,9915,67,43
3724,2364,64,47
3725,11397,60,32
3726,1370,28,1
3727,1297,73,14
3728,2560,40,14
3729,11820,75,38
3730,556,7,6
3731,712,5,13
3732,5776,56,8
3733,9572,3,60
3734,9589,23,10
3735,4125,9,41
3736,9356,65,1
3737,10125,8,8
3738,5010,61,21
3739,9777,5,51
3740,6409,0,19
3741,4280,41,42
3742,956,57,55
3743,10879,62,38
3744,1044,55,52
3745,9760,23,40
3746,11952,4,27
3747,5966,49,26
3748,4135,23,28
3749,4815,51,41
3750,6047,29,47
3751,11996,45,26
3752,8698,23,39
3753,8633,62,10
3754,10067,74,42
3755,3365,46,4
3756,273,34,47
3757,1810,69,51
3758,10328,68,27
3759,3681,69,53
3760,6394,71,44
3761,7022,3,6
3762,6277,19,14
3763,9933,23,16
3764,3914,18,10
3765,10160,26,7
3766,8444,54,48
3767,8473,12,14
3768,8370,62,36
3769,1496,34,10
3770,9277,9,51
3771,2472,60,57
3772,9712,0,8
3773,8306,37,21
3774,8778,4,14
3775,525,27,33
3776,5656,58,3
3777,476,17,11
3778,2950,33,20
3779,5211,50,61
3780,425,45,54
3781,6992,43,46
3782,1257,13,61
3783,4271,54,21
3784,664,72,53
3785,504,69,17
3786,7507,8,41
3787,9592,76,49
3788,9274,36,28
3789,5232,29,9
3790,793,52,43
3791,3408,17,53
3792,7746,4,43
3793,8083,31,25
3794,3407,46,20
3795,8927,64,33
3796,11155,34,14
3797,6885,8,10
3798,4943,76,36
3799,2048,67,3
3800,11697,15,46
3801,7518,5,32
3802,3981,20,16
3803,11502,56,8
3804,2386,75,32
3805,9410,0,36
3806,9451,12,57
3807,8516,15,36
3808,7081,25,46
3809,8798,69,44
3810,6525,49,31
3811,688,5,3
3812,10980,56,2
3813,3011,63,27
3814,5051,74,42
3815,5762,11,36
3816,6001,18,24
3817,922,22,50
3818,467,22,40
3819,2263,54,24
3820,11893,69,7
3821,5444,39,38
3822,11381,58,47
3823,745,55,11
3824,6323,56,23
3825,7520,34,35
3826,912,51,23
3827,10357,63,4
3828,6386,76,47
3829,6999,14,4
3830,1890,18,4
3831,3108,24,30
3832,6170,39,56
3833,3056,0,35
3834,5619,44,37
3835,4244,9,35
3836,8340,52,61
3837,3711,27,54
3838,10871,30,49
3839,900,6,29
3840,6948,21,41
3841,11187,49,53
3842,3008,12,9
3843,5391,47,30
3844,9697,57,26
3845,9330,43,37
3846,9698,12,39
3847,4802,60,57
3848,8267,53,19
3849,8207,16,28
3850,7590,73,44
3851,5954,68,16
3852,9448,32,44
3853,5100,27,48
3854,6359,29,46
3855,7194,16,56
3856,3829,21,53
3857,9175,16,61
3858,9237,64,26
3859,11456,6,53
3860,10830,11,25
3861,9248,22,7
3862,9817,56,28
3863,7410,4,27
3864,5082,15,33
3865,8803,55,24
3866,10464,58,34
3867,7109,72,3
3868,2799,49,45
3869,8756,17,29
3870,1529,61,44
3871,416,44,9
3872,4956,15,37
3873,6508,61,15
3874,10463,75,37
3875,2869,35,4
3876,5055,59,17
3877,2718,6,54
3878,1363,8,50
3879,8904,43,23
3880,9900,49,5
3881,291,20,39
3882,10383,26,19
3883,1975,19,47
3884,3464,23,53
3885,10262,73,23
3886,4860,27,9
3887,4140,60,5
3888,4926,34,12
3889,4454,13,53
3890,2884,0,3
3891,11044,9,6
3892,1831,62,5
3893,9765,55,32
3894,6608,76,52
3895,9088,55,33
3896,3065,50,2
3897,10298,40,52
3898,2599,18,61
3899,7118,29,19
3900,8611,17,15
3901,8605,39,29
3902,7515,59,10
3903,10649,19,56
3904,514,52,60
3905,11573,2,60
3906,11045,60,61
3907,3634,52,21
3908,4761,59,53
3909,3789,10,23
3910,9620,25,18
3911,8155,76,45
3912,34,26,18
3913,7993,54,17
3914,10357,27,31
3915,10237,42,50
3916,6248,16,38
3917,3951,53,1
3918,7135,57,5
3919,9077,64,4
3920,2583,4,47
3921,1831,32,20
3922,6921,5,47
3923,6979,57,14
3924,475,12,16
3925,6014,26,41
3926,8685,72,2
3927,11552,48,21
3928,1265,69,29
3929,4773,74,29
3930,5195,17,40
3931,11845,67,14
3932,8974,32,42
3933,4801,47,13
3934,9974,53,41
3935,1008,25,4
3936,2177,42,26
3937,11823,6,42
3938,9931,48,16
3939,1966,73,59
3940,3715,9,10
3941,798,37,12
3942,2073,4,48
3943,7221,7,14
3944,1291,28,49
3945,5935,12,4
3946,8092,76,49
3947,2011,9,44
3948,3993,12,45
3949,9525,67,1
3950,3683,7,37
3951,1402,63,15
3952,4512,36,17
3953,8636,9,32
3954,8401,36,12
3955,4633,54,35
3956,3697,8,20
3957,2279,50,28
3958,281,69,20
3959,10615,59,30
3960,3111,15,21
3961,6610,31,34
3962,9308,17,25
3963,8531,6,33
3964,9079,43,11
3965,9628,25,61
3966,10835,54,5
3967,3227,17,53
3968,10979,74,2
3969,8021,41,52
3970,8671,67,20
3971,4995,4,34
3972,10141,47,49
3973,2181,44,53
3974,1041,76,55
3975,7306,17,48
3976,3966,30,31
3977,10762,41,58
3978,6054,53,50
3979,5484,6,51
3980,7278,41,4
3981,2768,9,4
3982,5707,52,5
3983,8606,49,26
3984,8100,10,38
3985,941,47,52
3986,3761,60,43
3987,8961,54,30
3988,6818,4,42
3989,9612,53,40
3990,4311,29,49
3991,6727,26,34
3992,10767,73,28
3993,2089,33,55
3994,1928,62,27
3995,7362,53,17
3996,3666,25,27
3997,2379,34,1
3998,6727,22,52
3999,3687,62,4
4000,1280,38,29
4001,8528,17,25
4002,6426,4,27
4003,5114,44,21
4004,7475,25,4
4005,1847,23,25
4006,8589,52,15
4007,7668,66,4
4008,9845,27,49
4009,9524,65,20
4010,190,32,26
4011,1823,43,14
4012,4839,33,45
4013,3648,54,3
4014,6857,74,39
4015,10564,31,5
4016,4062,43,16
4017,3463,20,55
4018,5376,13,29
4019,5322,24,44
4020,559,28,17
4021,8103,56,58
4022,10327,55,19
4023,6349,22,53
4024,10610,66,30
4025,1037,15,40
4026,9342,76,38
4027,2839,43,55
4028,8610,27,28
4029,9382,51,9
4030,8489,19,4
4031,7561,49,43
4032,3478,0,30
4033,2313,31,50
4034,9180,31,5
4035,8257,23,18
4036,1390,32,58
4037,9168,31,16
4038,3257,10,18
4039,5855,70,52
4040,2484,47,15
4041,5333,48,60
4042,3873,39,15
4043,4350,52,46
4044,9706,61,37
4045,3503,67,23
4046,8654,16,14
4047,5222,34,23
4048,9372,62,45
4049,2128,31,47
4050,1163,45,14
4051,7035,53,21
4052,4551,36,3
4053,3685,48,45
4054,11488,32,14
4055,2219,57,3
4056,1618,57,51
4057,7025,30,16
4058,9630,16,14
4059,6044,40,10
4060,6351,1,16
4061,7039,68,35
4062,4021,61,51
4063,1126,52,32
4064,313,74,28
4065,11467,2,42
4066,6492,14,34
4067,11130,60,2
4068,10899,19,22
4069,8704,54,50
4070,11103,0,15
4071,8579,61,58
4072,6464,55,50
4073,8632,17,10
4074,7782,1,46
4075,1621,67,10
4076,6003,51,50
4077,5228,43,57
4078,4519,3,56
4079,1949,66,31
4080,10943,34,30
4081,9365,23,6
4082,4251,11,40
4083,503,33,16
4084,1805,56,36
4085,7645,36,54
4086,8944,32,12
4087,6969,22,25
4088,9094,33,43
4089,950,4,22
4090,1284,51,34
4091,3741,21,33
4092,4416,58,58
4093,7329,69,34
4094,1606,29,55
4095,11911,10,30
4096,2063,16,58
4097,1848,58,54
4098,11805,42,19
4099,5774,64,40
4100,5516,23,43
4101,9779,72,44
4102,3847,43,43
4103,5830,64,25
4104,1063,75,3
4105,8977,2,22
4106,7543,64,31
4107,3115,4,21
4108,922,16,44
4109,5832,30,40
4110,7443,32,37
4111,5401,54,3
4112,9421,43,8
4113,11755,7,31
4114,1609,54,25
4115,4436,12,27
4116,4583,69,31
4117,10290,23,49
4118,5581,51,45
4119,10493,28,2
4120,3385,35,2
4121,8834,47,22
4122,7286,2,30
4123,2802,39,28
4124,3064,71,47
4125,10029,48,23
4126,11256,59,46
4127,9510,41,51
4128,6287,52,32
4129,2095,56,8
4130,2355,37,17
4131,935,20,43
4132,7613,74,7
4133,2587,9,15
4134,3686,44,32
4135,677,19,59
4136,2183,14,58
4137,3746,15,59
4138,9186,22,21
4139,7070,51,53
4140,3583,57,10
4141,6519,70,52
4142,8926,65,61
4143,8929,8,43
4144,6281,56,30
4145,2592,34,49
4146,3353,33,2
4147,441,42,45
4148,4849,6,41
4149,10158,55,38
4150,3212,59,38
4151,11395,51,39
4152,7541,3,5
4153,11638,70,27
4154,2136,56,12
4155,6098,36,5
4156,10258,55,34
4157,2221,17,19
4158,3146,36,15
4159,8021,14,53
4160,6590,1,19
4161,2262,34,53
4162,7268,59,11
4163,5220,66,26
4164,11410,68,51
4165,5170,30,59
4166,11880,45,47
4167,9371,52,13
4168,1740,61,14
4169,10876,19,12
4170,7849,53,59
4171,8592,66,45
4172,7625,49,23
4173,2225,66,53
4174,1672,47,57
4175,247,45,6
4176,892,19,8
4177,7313,2,5
4178,7948,32,41
4179,7647,40,37
4180,4567,1,31
4181,2624,51,3
4182,859,10,48
4183,6814,31,56
4184,8828,34,51
4185,8686,70,44
4186,484,23,44
4187,7183,24,20
4188,7005,13,53
4189,3093,23,36
4190,3821,70,25
4191,3778,71,41
4192,5224,64,9
4193,3778,28,4
4194,4661,29,52
4195,7632,59,18
4196,6214,70,26
4197,11933,26,58
4198,10864,57,8
4199,4394,70,13
4200,3752,6,24
4201,5488,72,39
4202,5843,24,45
4203,793,68,5
4204,4211,36,33
4205,6823,48,1
4206,8173,75,40
4207,10207,55,33
4208,8589,67,49
4209,10564,65,5
4210,129,9,61
4211,6555,54,5
4212,8113,22,20
4213,6013,75,35
4214,7069,13,46
4215,8812,24,41
4216,7927,21,5
4217,4545,28,42
4218,6553,69,49
4219,8602,4,21
4220,2841,8,54
4221,5090,74,51
4222,6775,40,53
4223,1823,44,9
4224,5658,40,44
4225,10942,53,29
4226,2009,65,41
4227,8720,67,46
4228,7712,9,42
4229,9496,24,34
4230,6464,28,38
4231,3425,27,16
4232,5161,14,6
4233,6571,14,56
4234,8447,16,50
4235,2648,55,17
4236,8700,27,22
4237,11127,4,44
4238,7783,42,52
4239,7961,54,39
4240,10223,26,7
4241,2697,43,21
4242,4642,4,21
4243,11466,8,29
4244,5532,53,22
4245,6262,0,45
4246,10819,21,18
4247,3130,64,6
4248,11738,76,54
4249,7549,53,26
4250,11162,70,5
4251,2123,61,48
4252,9168,20,20
4253,3776,64,38
4254,11065,4,50
4255,1396,35,39
4256,10063,52,33
4257,2722,42,10
4258,443,74,19
4259,11643,75,39
4260,9113,71,44
4261,19,10,11
4262,11435,76,16
4263,1223,48,7
4264,11955,17,36
4265,4076,76,32
4266,4234,51,14
4267,10184,43,3
4268,7998,54,45
4269,6513,49,7
4270,1689,6,55
4271,3397,22,10
4272,3389,66,16
4273,5955,65,30
4274,10559,24,25
4275,11085,72,19
4276,2498,59,59
4277,7266,0,37
4278,4868,37,25
4279,7395,15,14
4280,10747,65,31
4281,2084,25,20
4282,7882,31,29
4283,1658,29,20
4284,11189,5,30
4285,11537,38,49
4286,4803,9,54
4287,697,46,21
4288,2292,35,19
4289,10383,51,7
4290,259,13,24
4291,6090,69,54
4292,3189,72,47
4293,4046,23,22
4294,9533,42,42
4295,7954,71,26
4296,3386,31,2
4297,412,48,47
4298,9217,9,41
4299,2150,47,30
4300,9722,55,17
4301,9622,38,1
4302,5246,17,50
4303,688,58,60
4304,1900,75,59
4305,6738,9,14
4306,3340,10,6
4307,6205,58,31
4308,10598,76,3
4309,9033,23,13
4310,9610,67,12
4311,11075,42,31
4312,3510,48,30
4313,6798,40,37
4314,10595,47,14
4315,2793,71,50
4316,6930,73,9
4317,4159,62,11
4318,7177,6,14
4319,6979,17,38
4320,1948,67,32
4321,4694,14,19
4322,8954,4,53
4323,6620,31,2
4324,1738,39,9
4325,4543,71,54
4326,10637,43,45
4327,109,62,41
4328,9370,22,32
4329,11990,7,56
4330,10116,66,21
4331,2175,17,10
4332,9082,52,20
4333,788,34,44
4334,1980,19,21
4335,3260,5,10
4336,11015,74,27
4337,4935,7,16
4338,3929,15,9
4339,6242,19,10
4340,9258,40,32
4341,10940,67,29
4342,10360,67,28
4343,11381,6,60
4344,8800,1,41
4345,1562,22,41
4346,4460,60,56
4347,1479,33,27
4348,8073,5,31
4349,8122,55,18
4350,8956,46,26
4351,876,46,30
4352,574,65,44
4353,5004,29,4
4354,8785,48,30
4355,2711,1,12
4356,2268,40,7
4357,7499,48,57
4358,5456,10,21
4359,6214,29,56
4360,10112,32,31
4361,2915,7,30
4362,11149,49,1
4363,7894,52,30
4364,6291,52,33
4365,8319,68,38
4366,5588,25,52
4367,8762,75,42
4368,11125,71,23
4369,4959,25,1
4370,8503,33,51
4371,7368,55,20
4372,1197,6,60
4373,11644,28,19
4374,3147,51,19
4375,8505,74,36
4376,5278,42,53
4377,10277,14,3
4378,981,23,37
4379,9462,75,60
4380,8192,67,34
4381,6127,46,45
4382,4494,58,60
4383,4218,12,4
4384,10302,13,61
4385,7882,32,15
4386,11670,72,7
4387,283,14,39
4388,5221,61,48
4389,8290,67,55
4390,4055,63,56
4391,2629,2,20
4392,6925,45,36
4393,4091,8,45
4394,2022,18,19
4395,7359,55,48
4396,4772,30,53
4397,11850,43,23
4398,2056,18,3
4399,10516,24,15
4400,6540,10,59
4401,10629,2,6
4402,6856,58,54
4403,8769,24,20
4404,3306,10,50
4405,6671,63,36
4406,3720,25,17
4407,11377,14,44
4408,4623,40,59
4409,8086,55,39
4410,7932,52,44
4411,12000,19,49
4412,2415,4,37
4413,8022,62,8
4414,9039,51,28
4415,4119,59,33
4416,438,40,43
4417,10723,69,1
4418,10903,0,9
4419,6550,50,54
4420,5954,57,12
4421,2225,2,58
4422,9991,44,31
4423,11824,74,27
4424,519,19,32
4425,1392,52,2
4426,10505,72,46
4427,8279,33,35
4428,7265,53,54
4429,8816,74,42
4430,151,42,16
4431,11457,44,40
4432,6067,3,54
4433,2483,52,53
4434,10179,62,55
4435,8107,44,53
4436,3994,57,21
4437,1207,52,36
4438,11122,41,23
4439,3417,63,42
4440,9473,17,11
4441,1927,34,33
4442,4776,54,38
4443,8788,4,61
4444,10335,24,52
4445,6808,8,36
4446,2325,15,48
4447,9323,6,9
4448,2877,48,45
4449,5889,64,38
4450,555,25,46
4451,5534,68,19
4452,11402,39,16
4453,3798,56,7
4454,7248,42,17
4455,10272,10,22
4456,1907,14,19
4457,5363,47,59
4458,4918,63,54
4459,7835,39,57
4460,10931,47,48
4461,3060,50,46
4462,7679,15,30
4463,6501,20,52
4464,2713,40,44
4465,6493,59,60
4466,1947,42,34
4467,5420,44,45
4468,5766,43,9
4469,2810,1,11
4470,11968,58,34
4471,7064,75,24
4472,1321,11,17
4473,218,70,50
4474,894,25,3
4475,1331,54,52
4476,9040,7,45
4477,2345,55,36
4478,2217,46,35
4479,11883,30,22
4480,1585,65,37
4481,7876,25,7
4482,290,52,9
4483,2228,33,60
4484,6192,22,46
4485,7429,59,44
4486,4210,75,14
4487,10442,9,35
4488,8190,57,47
4489,2021,53,40
4490,120,37,11
4491,1418,50,6
4492,9326,69,11
4493,7523,29,54
4494,3213,28,7
4495,11107,27,34
4496,1697,10,11
4497,1634,17,37
4498,3985,17,32
4499,2514,48,7
4500,1086,35,34
4501,11669,38,28
4502,4974,53,10
4503,7026,14,59
4504,6393,67,45
4505,3618,7,30
4506,735,44,4
4507,7136,27,15
4508,1164,14,38
4509,9037,52,47
4510,6988,11,2
4511,8953,37,2
4512,10808,72,55
4513,1194,18,48
4514,6689,58,40
4515,9134,57,19
4516,4309,76,29
4517,8424,33,21
4518,8623,14,34
4519,1096,73,51
4520,11863,36,52
4521,5395,12,52
4522,7461,54,54
4523,3386,73,8
4524,694,23,28
4525,3299,6,4
4526,10309,49,25
4527,11771,9,45
4528,9319,58,41
4529,6937,53,48
4530,7490,46,7
4531,415,68,20
4532,9030,5,53
4533,2659,60,53
4534,679,15,17
4535,9484,16,54
4536,8690,67,7
4537,11736,55,6
4538,1757,11,2
4539,4268,24,34
4540,4306,65,26
4541,9210,70,42
4542,3931,75,24
4543,11278,73,24
4544,9148,8,34
4545,4228,8,33
4546,5301,56,40
4547,5379,74,24
4548,885,16,7
4549,793,48,24
4550,6198,12,1
4551,4962,22,52
4552,3183,11,49
4553,7969,35,41
4554,11058,8,39
4555,1142,32,11
4556,5520,34,19
4557,11204,63,28
4558,5260,49,25
4559,9710,50,51
4560,7138,40,30
4561,5737,65,32
4562,5569,41,19
4563,3664,44,42
4564,3384,61,31
4565,5406,26,7
4566,7215,34,22
4567,5850,73,19
4568,1400,42,10
4569,7267,31,51
4570,4424,60,56
4571,8472,42,50
4572,5324,44,16
4573,10559,67,36
4574,11805,26,14
4575,6563,8,46
4576,11059,16,42
4577,6594,33,45
4578,10546,51,13
4579,505,13,19
4580,1262,37,21
4581,7015,60,25
4582,11077,25,20
4583,4632,24,56
4584,8351,9,55
4585,8939,66,54
4586,8242,70,3
4587,11779,55,44
4588,6752,5,23
4589,10772,47,26
4590,9901,75,42
4591,11628,54,40
4592,9336,48,55
4593,9298,18,43
4594,2825,11,45
4595,6005,9,34
4596,595,36,16
4597,5105,52,12
4598,2089,52,43
4599,5297,76,54
4600,9644,3,42
4601,7905,46,56
4602,8905,13,31
4603,5614,25,41
4604,9646,74,3
4605,8455,28,51
4606,8601,47,48
4607,9496,70,38
4608,6083,52,4
4609,8557,45,23
4610,5774,60,49
4611,50,53,45
4612,9343,10,35
4613,9787,31,38
4614,5659,64,51
4615,5311,38,5
4616,6384,17,14
4617,4416,74,22
4618,11537,25,9
4619,10850,32,60
4620,1478,63,19
4621,4971,39,48
4622,10010,13,6
4623,1932,32,8
4624,2032,33,36
4625,1488,30,17
4626,6304,30,43
4627,5779,69,11
4628,4664,43,53
4629,5753,4,28
4630,1636,29,54
4631,3014,41,50
4632,5438,7,10
4633,5812,18,29
4634,10454,20,26
4635,4657,5,6
4636,8875,7,17
4637,8413,64,47
4638,413,17,11
4639,3662,73,38
4640,2364,44,26
4641,2645,66,27
4642,4554,35,27
4643,5784,40,61
4644,4475,37,46
4645,6636,7,34
4646,5577,69,30
4647,8034,8,48
4648,6070,49,50
4649,11924,65,48
4650,445,7,37
4651,9112,21,38
4652,7597,66,43
4653,5911,76,53
4654,5985,7,19
4655,10553,46,37
4656,8400,66,2
4657,6885,21,20
4658,11082,55,38
4659,2711,57,51
4660,11171,34,25
4661,2450,10,18
4662,3913,26,14
4663,8997,16,27
4664,217,70,25
4665,11676,54,31
4666,381,50,55
4667,11911,63,50
4668,6326,3,3
4669,8742,40,50
4670,10820,17,41
4671,2923,55,7
4672,11697,66,34
4673,5693,4,29
4674,3400,65,53
4675,9292,52,27
4676,6355,51,52
4677,518,54,33
4678,11462,65,16
4679,9961,56,57
4680,7938,15,16
4681,6188,23,53
4682,1824,27,24
4683,3145,12,30
4684,4062,56,5
4685,10559,11,30
4686,9540,1,15
4687,9406,11,28
4688,5392,60,25
4689,8932,53,45
4690,10736,42,18
4691,10678,63,31
4692,10855,46,42
4693,3883,19,2
4694,11110,71,3
4695,8752,39,5
4696,8485,57,40
4697,11393,16,44
4698,5033,57,5
4699,8786,29,46
4700,6690,45,37
4701,10620,47,21
4702,11145,13,1
4703,8315,5,16
4704,7821,29,31
4705,1415,67,39
4706,10740,23,6
4707,6502,20,47
4708,1218,34,13
4709,6349,53,37
4710,8209,56,59
4711,2733,55,29
4712,8110,75,3
4713,2867,61,4
4714,1795,29,61
4715,9307,33,58
4716,314,5,27
4717,8003,25,41
4718,6131,21,11
4719,441,58,19
4720,11864,30,53
4721,3839,54,7
4722,11043,45,37
4723,8330,44,3
4724,11582,69,28
4725,8260,37,57
4726,7116,66,29
4727,4985,55,50
4728,1261,22,39
4729,1326,22,4
4730,1263,7,51
4731,9169,20,36
4732,11311,31,39
4733,6834,51,4
4734,4755,8,7
4735,542,4,15
4736,7610,29,10
4737,1402,29,56
4738,418,21,21
4739,5875,39,37
4740,123,59,19
4741,3720,58,29
4742,7752,14,31
4743,7976,76,29
4744,7258,0,29
4745,8448,44,26
4746,8501,10,21
4747,7729,56,38
4748,2488,54,1
4749,10556,23,39
4750,9078,20,51
4751,9212,75,28
4752,3854,10,42
4753,4398,24,5
4754,6470,3,43
4755,10354,16,5
4756,311,24,5
4757,7808,14,15
4758,1828,39,25
4759,7985,44,12
4760,3603,51,42
4761,2297,65,46
4762,1587,30,57
4763,433,50,53
4764,6018,27,43
4765,11450,40,30
4766,4917,18,31
4767,6733,66,57
4768,6299,57,42
4769,4032,11,8
4770,6158,48,51
4771,1152,69,10
4772,5085,58,35
4773,1357,24,33
4774,10294,45,35
4775,3507,45,8
4776,1091,64,39
4777,250,37,30
4778,8361,18,19
4779,4614,59,5
4780,11214,32,30
4781,1942,27,18
4782,10008,44,2
4783,3267,17,21
4784,10820,41,21
4785,3136,46,45
4786,2569,46,38
4787,10132,63,61
4788,9282,35,14
4789,2197,1,39
4790,9213,5,29
4791,9581,22,27
4792,5949,38,16
4793,254,6,55
4794,4930,51,13
4795,2697,48,57
4796,4652,32,35
4797,4768,23,37
4798,8721,7,61
4799,11864,43,26
4800,5876,60,3
4801,9268,32,44
4802,11190,28,35
4803,5431,25,15
4804,4995,50,14
4805,8879,66,10
4806,7887,43,8
4807,3812,45,49
4808,8904,29,43
4809,7875,14,6
4810,5690,57,4
4811,1564,33,5
4812,9436,48,28
4813,3667,69,14
4814,11523,32,45
4815,8528,58,21
4816,9464,38,45
4817,5253,15,35
4818,6377,56,53
4819,10117,38,53
4820,7022,39,13
4821,6304,67,23
4822,5896,65,52
4823,11041,66,54
4824,11049,5,22
4825,10849,3,32
4826,1137,35,15
4827,10916,53,9
4828,9307,3,50
4829,5028,47,15
4830,10296,71,51
4831,6633,60,44
4832,4010,45,32
4833,1617,53,57
4834,4884,32,6
4835,7508,32,22
4836,6016,38,50
4837,8646,18,35
4838,7209,16,33
4839,10960,63,22
4840,3773,12,5
4841,4041,0,51
4842,976,60,40
4843,4365,7,60
4844,5875,67,8
4845,5379,36,48
4846,11406,51,17
4847,10122,73,25
4848,6427,36,42
4849,7050,75,4
4850,10811,70,24
4851,1084,60,55
4852,8171,39,61
4853,2321,64,31
4854,6924,51,21
4855,9030,3,54
4856,8189,1,37
4857,4835,73,49
4858,10938,45,37
4859,156,74,52
4860,1166,47,51
4861,965,37,21
4862,6187,27,8
4863,8840,59,45
4864,10893,32,2
4865,5933,52,12
4866,1115,74,35
4867,2806,56,59
4868,8003,17,60
4869,11914,48,10
4870,1850,61,52
4871,5935,62,9
4872,3857,54,54
4873,9649,17,46
4874,3322,37,42
4875,3102,25,51
4876,3073,15,1
4877,2286,56,31
4878,11568,67,41
4879,640,7,15
4880,1608,26,19
4881,930,40,16
4882,394,30,59
4883,8170,36,29
4884,2930,43,17
4885,3950,24,45
4886,8610,58,40
4887,1099,69,44
4888,10251,54,40
4889,11707,56,5
4890,5270,72,53
4891,5162,69,53
4892,11995,8,23
4893,8307,68,35
4894,2937,2,11
4895,6777,69,15
4896,2463,13,58
4897,3109,62,55
4898,11872,39,2
4899,402,36,25
4900,5668,25,5
4901,5519,64,1
4902,5889,65,19
4903,10987,74,52
4904,6812,37,25
4905,8333,64,40
4906,7357,30,27
4907,7306,19,51
4908,10115,12,14
4909,4055,76,25
4910,1764,66,34
4911,5201,2,2
4912,3297,7,6
4913,8796,29,43
4914,6220,30,22
4915,10146,51,18
4916,1228,36,17
4917,75,45,60
4918,7784,67,6
4919,10957,6,18
4920,8949,70,42
4921,7733,22,8
4922,471,5,30
4923,11508,28,7
4924,1152,5,36
4925,8339,13,7
4926,4198,42,58
4927,3894,29,60
4928,10185,39,12
4929,11294,28,35
4930,8327,38,33
4931,6598,9,12
4932,11979,11,33
4933,7062,26,55
4934,2129,54,7
4935,4695,55,38
4936,10741,13,5
4937,4678,35,57
4938,4756,63,2
4939,10497,28,36
4940,900,10,3
4941,2432,73,58
4942,8644,62,22
4943,10130,63,24
4944,4739,24,47
4945,9988,56,52
4946,1077,51,57
4947,2882,46,15
4948,4181,9,51
4949,405,3,48
4950,3214,36,20
4951,9206,23,14
4952,2816,61,35
4953,8162,2,54
4954,1457,24,14
4955,7147,60,14
4956,10627,39,1
4957,3742,5,32
4958,2737,64,46
4959,5798,20,55
4960,217,57,33
4961,6320,56,11
4962,7058,28,4
4963,2760,60,44
4964,488,21,3
4965,2018,43,10
4966,750,25,47
4967,7422,57,53
4968,2361,20,27
4969,3376,51,31
4970,8613,24,37
4971,6971,25,55
4972,1585,49,14
4973,747,5,2
4974,2937,27,42
4975,894,68,60
4976,4957,25,46
4977,4202,30,58
4978,2214,49,52
4979,2821,12,14
4980,7131,1,58
4981,6357,48,19
4982,9705,22,31
4983,7990,58,10
4984,10076,7,9
4985,4717,45,43
4986,11761,74,5
4987,6188,60,18
4988,3737,4,55
4989,7146,45,41
4990,10564,49,33
4991,2206,73,61
4992,392,17,14
4993,531,64,18
4994,6086,41,55
4995,4840,43,7
4996,11514,36,5
4997,2858,44,36
4998,10645,45,30
4999,1235,59,13
5000,2356,61,17
5001,10619,70,19
5002,9348,38,11
5003,127,10,10
5004,8054,68,14
5005,11361,8,6
5006,11997,48,49
5007,2566,65,1
5008,11269,4,48
5009,4671,74,57
5010,9592,53,42
5011,9866,19,1
5012,11850,18,15
5013,1247,70,51
5014,10400,4,61
5015,1383,54,51
5016,3616,36,2
5017,4861,20,43
5018,11655,68,8
5019,3736,24,13
5020,249,14,40
5021,109,6,1
5022,5521,75,16
5023,5228,5,41
5024,112,13,27
5025,7906,62,32
5026,9801,41,2
5027,5311,64,6
5028,9644,21,15
5029,9446,29,58
5030,6303,70,28
5031,1866,51,4
5032,7810,42,3
5033,9129,75,41
5034,6303,10,3
5035,7385,65,26
5036,88,15,55
5037,8759,65,17
5038,11965,43,38
5039,8622,34,43
5040,4105,33,26
5041,7652,16,28
5042,6186,76,52
5043,11204,2,51
5044,11951,18,11
5045,7532,47,57
5046,10975,70,55
5047,2249,46,8
5048,10918,65,20
5049,283,47,34
5050,10785,11,5
5051,5968,48,34
5052,10645,14,60
5053,6335,58,40
5054,10267,29,15
5055,10904,18,9
5056,4152,8,57
5057,11810,37,39
5058,3190,17,21
5059,990,46,20
5060,1952,73,32
5061,1434,14,24
5062,1303,73,2
5063,9014,61,30
5064,10401,51,26
5065,11766,51,59
5066,8142,51,29
5067,671,62,53
5068,9760,73,27
5069,77,49,50
5070,4245,22,42
5071,2014,25,33
5072,1741,69,48
5073,9259,5,19
5074,475,59,60
5075,10988,22,59
5076,328,15,13
5077,4174,34,38
5078,422,44,22
5079,694,33,45
5080,4920,49,20
5081,589,24,14
5082,5667,1,1
5083,7504,75,41
5084,11729,69,53
5085,6017,12,52
5086,919,74,46
5087,939,32,34
5088,5886,74,54
5089,7653,62,5
5090,6877,46,29
5091,5861,19,39
5092,6039,72,58
5093,9416,48,27
5094,1006,6,36
5095,3561,74,55
5096,4496,71,16
5097,302,43,14
5098,4355,56,39
5099,2060,27,56
5100,5847,5,58
5101,8312,10,23
5102,11115,67,47
5103,4702,14,54
5104,9979,8,5
5105,4125,32,20
5106,9774,28,35
5107,3957,9,1
5108,2848,8,17
5109,6868,71,45
5110,5415,72,8
5111,3407,64,47
5112,1786,69,58
5113,6921,8,41
5114,1963,35,38
5115,10641,64,44
5116,3675,33,45
5117,5982,10,32
5118,6854,31,35
5119,176,10,48
5120,5953,13,18
5121,6708,5,29
5122,8303,6,1
5123,5832,12,56
5124,8005,69,36
5125,4883,31,38
5126,11676,48,57
5127,9229,35,47
5128,9845,37,26
5129,6582,27,30
5130,1146,36,56
5131,11737,67,39
5132,10666,50,3
5133,9398,54,57
5134,636,16,11
5135,6358,18,51
5136,7040,18,16
5137,807,38,1
5138,3968,14,9
5139,7017,30,58
5140,5527,1,6
5141,4560,1,47
5142,8225,14,48
5143,6309,34,61
5144,5730,67,10
5145,9156,67,55
5146,2523,27,55
5147,2561,49,56
5148,3252,70,31
5149,11448,40,14
5150,4030,47,57
5151,10950,25,52
5152,2562,56,28
5153,11522,70,50
5154,8013,75,52
5155,11686,65,8
5156,4128,67,17
5157,9014,56,11
5158,11924,64,42
5159,10352,51,10
5160,11581,42,9
5161,4758,74,35
5162,1267,58,3
5163,477,44,42
5164,11434,10,23
5165,11476,46,22
5166,6258,18,26
5167,3875,15,51
5168,4430,75,39
5169,593,61,61
5170,11733,3,51
5171,7024,49,18
5172,3730,50,9
5173,10427,18,11
5174,9071,62,22
5175,5744,18,55
5176,9952,27,42
5177,219,41,37
5178,3457,31,34
5179,10213,64,6
5180,8639,28,28
5181,3115,43,36
5182,4592,59,19
5183,3630,53,6
5184,11751,18,47
5185,967,28,14
5186,7667,67,34
5187,11626,52,2
5188,10913,37,53
5189,5099,9,45
5190,4536,18,46
5191,9860,27,9
5192,1477,34,26
5193,5004,14,40
5194,9271,15,30
5195,1711,43,21
5196,5798,67,32
5197,4495,28,32
5198,1324,16,8
5199,1066,28,58
5200,4313,47,1
5201,11149,1,11
5202,4598,11,48
5203,1092,52,57
5204,10355,65,52
5205,5809,36,52
5206,5901,56,52
5207,8231,0,32
5208,1368,63,32
5209,1122,41,23
5210,6057,0,10
5211,459,43,25
5212,499,56,40
5213,10415,23,17
5214,10540,74,19
5215,625,73,36
5216,5988,48,18
5217,9942,63,5
5218,1168,14,55
5219,2579,17,42
5220,6921,2,10
5221,7082,66,5
5222,1272,2,37
5223,3321,74,8
5224,6583,65,21
5225,7977,69,46
5226,9917,47,39
5227,6552,67,37
5228,2378,3,9
5229,11069,27,26
5230,9691,9,19
5231,2556,75,54
5232,1166,68,17
5233,10468,75,22
5234,7555,72,2
5235,2781,47,9
5236,2307,32,38
5237,384,6,16
5238,4892,49,39
5239,5901,64,19
5240,4533,19,35
5241,6844,67,38
5242,1646,15,54
5243,1435,73,61
5244,4627,33,18
5245,10464,46,2
5246,7219,29,48
5247,879,32,56
5248,2089,36,29
5249,16,58,23
5250,9240,36,20
5251,1032,47,27
5252,6121,6,54
5253,2836,63,14
5254,5791,62,35
5255,10274,69,19
5256,611,74,13
5257,10016,45,52
5258,10095,49,55
5259,3225,14,32
5260,475,41,4
5261,11535,62,54
5262,3311,1,54
5263,970,71,19
5264,4034,45,34
5265,7354,67,39
5266,2766,28,46
5267,4225,40,31
5268,466,27,9
5269,8380,38,22
5270,9867,64,29
5271,9459,44,1
5272,2704,41,40
5273,2894,73,16
5274,11816,57,53
5275,10800,24,45
5276,9957,21,56
5277,4505,72,13
5278,8378,59,32
5279,10960,14,26
5280,1322,72,12
5281,352,38,14
5282,9433,38,58
5283,11388,74,18
5284,8350,57,27
5285,7164,49,1
5286,5751,40,20
5287,5427,25,33
5288,3853,49,35
5289,11829,5,19
5290,8578,62,15
5291,6575,25,28
5292,6058,37,54
5293,9633,20,20
5294,6974,42,9
5295,2466,72,54
5296,3461,19,10
5297,725,68,48
5298,11186,26,13
5299,10959,69,39
5300,8774,9,23
5301,2850,60,60
5302,2645,35,23
5303,10863,50,16
5304,7101,28,58
5305,2821,25,14
5306,9878,64,57
5307,1173,10,54
5308,6618,14,23
5309,9533,55,56
5310,10285,72,58
5311,9493,54,38
5312,7859,44,11
5313,3167,0,39
5314,7158,71,12
5315,4179,12,20
5316,1747,19,6
5317,5611,60,50
5318,9549,2,1
5319,5415,48,17
5320,4683,50,55
5321,4636,65,9
5322,11846,46,31
5323,8724,28,48
5324,5253,28,28
5325,8055,13,34
5326,8299,54,1
5327,9093,13,60
5328,217,35,17
5329,4152,70,8
5330,8561,31,9
5331,9865,5,45
5332,11616,48,53
5333,4107,42,57
5334,10552,37,13
5335,2052,59,42
5336,5779,58,32
5337,7609,17,45
5338,9068,23,12
5339,4773,10,16
5340,4255,34,54
5341,6151,11,1
5342,8305,74,16
5343,5871,32,52
5344,3071,42,21
5345,6711,16,1
5346,9321,45,11
5347,999,73,56
5348,11707,76,2
5349,2994,60,38
5350,4273,71,54
5351,8931,1,46
5352,9603,71,26
5353,6134,17,20
5354,7952,22,20
5355,8309,34,53
5356,3258,66,27
5357,1097,18,7
5358,11271,55,52
5359,10348,57,57
5360,2478,16,33
5361,8575,40,45
5362,2151,57,21
5363,7876,34,9
5364,5504,15,10
5365,5588,36,34
5366,10882,1,5
5367,3516,43,11
5368,2748,31,40
5369,5996,58,44
5370,6384,59,36
5371,7815,70,14
5372,4791,22,35
5373,6319,67,60
5374,5565,4,13
5375,6305,28,39
5376,3248,1,20
5377,5715,46,27
5378,2704,2,51
5379,6275,21,40
5380,7419,11,28
5381,10410,43,8
5382,528,38,28
5383,11729,68,52
5384,2145,71,42
5385,4080,72,17
5386,2194,22,29
5387,11744,68,47
5388,9826,71,14
5389,8064,8,42
5390,4803,13,9
5391,3226,24,3
5392,11203,4,14
5393,7940,7,60
5394,960,66,27
5395,7767,44,48
5396,10651,54,38
5397,8141,14,58
5398,4458,48,1
5399,2699,28,27
5400,8157,16,59
5401,3918,64,14
5402,9797,19,28
5403,6584,49,14
5404,1301,73,31
5405,10808,15,34
5406,6114,56,57
5407,2466,43,5
5408,5577,23,22
5409,7207,73,40
5410,926,57,38
5411,6504,66,43
5412,10703,60,4
5413,2050,4,9
5414,3921,35,49
5415,7164,76,44
5416,3858,43,14
5417,8548,32,46
5418,8977,37,9
5419,3323,50,33
5420,12000,2,42
5421,3459,58,44
5422,5277,13,41
5423,5010,23,48
5424,10596,16,2
5425,10995,56,51
5426,2325,37,3
5427,7236,5,15
5428,9868,55,24
5429,3031,1,30
5430,1775,26,61
5431,1904,67,52
5432,8391,34,19
5433,6328,20,52
5434,3002,76,41
5435,65,44,20
5436,7973,16,21
5437,8838,42,39
5438,5831,16,22
5439,4526,35,48
5440,131,18,36
5441,5569,20,23
5442,4049,32,54
5443,5921,33,7
5444,1939,29,18
5445,8374,53,7
5446,8391,27,23
5447,5847,69,16
5448,9994,58,35
5449,5807,29,29
5450,8962,31,29
5451,7808,70,15
5452,5101,43,35
5453,7172,48,5
5454,6678,24,34
5455,2567,64,3
5456,6185,74,23
5457,8207,8,38
5458,4220,29,4
5459,3389,34,5
5460,9799,25,13
5461,521,28,28
5462,2162,32,40
5463,11114,71,9
5464,9703,8,47
5465,931,76,12
5466,9918,9,48
5467,7581,54,51
5468,3813,23,4
5469,4092,6,47
5470,1296,39,49
5471,7906,59,41
5472,5139,9,53
5473,9747,76,12
5474,3300,60,50
5475,438,67,3
5476,9536,74,59
5477,3688,30,57
5478,37,2,15
5479,9279,50,27
5480,1573,45,3
5481,9880,20,32
5482,6359,41,6
5483,8111,0,24
5484,11011,19,31
5485,9031,43,60
5486,5795,59,55
5487,7135,62,34
5488,9960,60,43
5489,6138,7,18
5490,11761,8,27
5491,627,15,25
5492,9608,51,35
5493,4513,72,39
5494,9160,72,45
5495,8899,57,41
5496,5363,25,37
5497,8118,60,19
5498,1096,62,39
5499,111,54,39
5500,9605,40,8
5501,6521,59,49
5502,11821,10,29
5503,5939,63,57
5504,10972,56,23
5505,6573,53,43
5506,5178,44,56
5507,4675,22,58
5508,8399,20,50
5509,5091,35,44
5510,4029,43,11
5511,6784,12,8
5512,11587,35,15
5513,798,4,32
5514,7230,69,23
5515,5189,19,22
5516,5115,51,27
5517,97,64,31
5518,9621,46,9
5519,8351,56,2
5520,2424,22,29
5521,3951,27,57
5522,1910,12,50
5523,5909,25,44
5524,8812,60,15
5525,8131,35,10
5526,411,8,12
5527,4070,0,57
5528,2522,76,41
5529,9918,60,4
5530,1664,12,48
5531,68,45,58
5532,11299,67,22
5533,11880,6,32
5534,7399,6,22
5535,9530,41,16
5536,845,11,58
5537,10522,37,18
5538,7939,64,16
5539,1845,31,46
5540,8628,56,26
5541,9372,20,29
5542,10507,16,2
5543,11268,2,24
5544,1508,54,60
5545,11752,13,16
5546,244,48,35
5547,7395,62,22
5548,9653,35,8
5549,4989,15,1
5550,1755,58,5
5551,2726,29,48
5552,203,35,4
5553,7744,9,48
5554,7609,53,38
5555,8963,69,53
5556,7582,15,42
5557,4934,53,17
5558,4383,26,35
5559,9155,12,14
5560,5167,69,21
5561,6436,56,42
5562,1380,13,16
5563,945,11,23
5564,5716,54,37
5565,11441,70,16
5566,3651,21,41
5567,7189,71,44
5568,8929,25,43
5569,4809,20,57
5570,9377,14,8
5571,7262,58,43
5572,7481,20,11
5573,9246,69,37
5574,174,52,19
5575,5422,23,19
5576,1443,67,58
5577,130,5,44
5578,9581,49,61
5579,2744,1,59
5580,9312,31,33
5581,7038,38,53
5582,11001,51,44
5583,9401,29,8
5584,9983,58,56
5585,8706,32,44
5586,2180,22,28
5587,10340,41,45
5588,2117,63,58
5589,6247,37,36
5590,7882,51,59
5591,542,20,25
5592,3014,76,39
5593,4324,3,54
5594,6121,38,33
5595,2120,5,12
5596,3761,53,9
5597,3751,48,6
5598,8222,59,42
5599,2805,33,42
5600,4660,67,3
5601,11165,23,51
5602,5227,31,48
5603,7384,33,8
5604,2529,23,26
5605,3186,51,4
5606,2778,61,18
5607,3098,45,6
5608,4276,5,13
5609,4244,70,38
5610,5747,4,20
5611,6446,72,53
5612,1732,0,7
5613,2957,69,47
5614,7872,75,60
5615,2813,1,44
5616,8483,28,40
5617,3415,25,19
5618,9948,33,23
5619,6197,38,50
5620,11114,76,14
5621,8579,42,37
5622,11486,36,21
5623,10496,55,8
5624,10284,27,48
5625,5322,60,55
5626,9377,7,40
5627,2561,0,11
5628,1330,3,36
5629,1199,2,37
5630,5678,25,54
5631,7425,64,30
5632,5956,65,17
5633,6851,57,59
5634,5140,71,45
5635,4055,55,61
5636,6431,56,54
5637,4099,61,36
5638,11454,35,21
5639,9825,60,17
5640,3457,51,4
5641,9744,10,3
5642,11834,10,9
5643,11108,50,24
5644,10874,42,35
5645,7706,63,42
5646,4066,34,27
5647,8787,60,30
5648,1636,9,9
5649,4560,70,49
5650,107,48,14
5651,11743,16,43
5652,46,18,48
5653,500,13,51
5654,11952,53,61
5655,9038,11,4
5656,9079,23,59
5657,9450,17,19
5658,1064,72,22
5659,8898,35,39
5660,11206,59,50
5661,610,16,48
5662,9590,47,60
5663,8452,63,46
5664,3344,41,1
5665,107,51,35
5666,3149,73,24
5667,7252,5,23
5668,4161,66,6
5669,5683,60,58
5670,9993,42,9
5671,8196,66,47
5672,11091,65,58
5673,5455,49,44
5674,3101,67,36
5675,3252,5,7
5676,1263,5,56
5677,1551,23,34
5678,901,40,29
5679,1300,64,53
5680,6956,13,33
5681,6679,8,41
5682,11860,65,1
5683,10543,49,20
5684,3579,45,27
5685,2921,31,25
5686,6309,18,16
5687,10821,24,1
5688,1907,71,58
5689,4630,73,28
5690,4238,65,14
5691,11937,29,61
5692,4688,58,37
5693,4785,43,2
5694,7975,50,2
5695,6305,38,35
5696,11882,59,18
5697,4205,30,33
5698,2879,37,43
5699,63,64,54
5700,1439,18,2
5701,5000,18,17
5702,7645,53,27
5703,7759,36,26
5704,11853,14,61
5705,10675,54,49
5706,7828,6,53
5707,4576,27,11
5708,2467,64,18
5709,2403,3,44
5710,6386,59,19
5711,9020,15,38
5712,5687,35,19
5713,7543,30,24
5714,1482,43,13
5715,3433,44,9
5716,4318,65,41
5717,11147,42,2
5718,10742,76,14
5719,5009,6,14
5720,11633,59,33
5721,10147,65,21
5722,1543,52,39
5723,2509,2,5
5724,5476,33,42
5725,7476,43,29
5726,2109,65,1
5727,1256,4,39
5728,10178,48,57
5729,7400,74,36
5730,5336,71,31
5731,5426,53,45
5732,1020,42,32
5733,114,9,20
5734,10115,73,34
5735,7579,11,13
5736,3531,33,10
5737,5095,66,14
5738,5550,59,40
5739,7362,75,42
5740,582,38,5
5741,4651,6,8
5742,4587,73,28
5743,5725,44,24
5744,4311,21,22
5745,1827,49,33
5746,2057,18,6
5747,9670,68,45
5748,11461,12,29
5749,6874,0,36
5750,1271,37,19
5751,6284,30,9
5752,8060,38,30
5753,8492,42,58
5754,10090,39,40
5755,6680,63,15
5756,6090,3,11
5757,9724,76,34
5758,7543,55,55
5759,10074,65,16
5760,366,23,11
5761,8457,2,12
5762,3068,52,4
5763,10275,57,18
5764,5839,29,14
5765,227,39,25
5766,1720,21,1
5767,1496,9,16
5768,5002,66,22
5769,5787,22,61
5770,11915,26,50
5771,11265,39,57
5772,9543,66,30
5773,10982,25,58
5774,9658,41,39
5775,9883,55,59
5776,2538,36,26
5777,1328,6,10
5778,3922,33,53
5779,10485,51,5
5780,3890,54,22
5781,9760,10,61
5782,10729,17,13
5783,2858,39,27
5784,6637,41,43
5785,8507,59,37
5786,3852,2,25
5787,10409,25,20
5788,1900,49,54
5789,10573,53,1
5790,10148,23,59
5791,1694,60,58
5792,5668,10,11
5793,1489,3,43
5794,11432,17,52
5795,5334,3,52
5796,7775,1,10
5797,8472,32,46
5798,8922,28,55
5799,2478,50,1
5800,6574,48,2
5801,9829,42,51
5802,11154,75,19
5803,8797,51,61
5804,1737,1,49
5805,11985,41,27
5806,1423,69,49
5807,8587,42,21
5808,11156,49,17
5809,1405,40,28
5810,1465,66,60
5811,3930,28,11
5812,6559,9,5
5813,8432,27,54
5814,759,44,5
5815,1824,23,21
5816,8484,23,19
5817,592,44,21
5818,908,37,47
5819,10978,46,32
5820,6080,46,36
5821,8007,62,57
5822,7158,75,30
5823,8848,16,32
5824,2918,46,39
5825,1150,25,43
5826,8174,31,40
5827,8820,71,35
5828,10855,18,16
5829,11906,52,37
5830,2449,70,37
5831,1058,45,21
5832,6265,12,35
5833,4519,52,43
5834,6025,57,39
5835,11815,31,17
5836,10578,13,1
5837,3735,72,42
5838,11872,17,38
5839,10146,54,8
5840,663,65,39
5841,8185,37,9
5842,1695,75,54
5843,10697,33,55
5844,8677,14,5
5845,8394,64,28
5846,11671,47,28
5847,2639,66,21
5848,6947,9,27
5849,796,66,37
5850,7869,52,17
5851,10245,10,8
5852,4281,2,5
5853,9136,25,37
5854,10009,18,15
5855,9817,25,39
5856,10061,71,30
5857,6914,32,29
5858,9899,55,13
5859,5519,0,58
5860,5678,0,20
5861,824,43,56
5862,4719,20,7
5863,11275,24,29
5864,1361,22,42
5865,5355,0,27
5866,10719,60,61
5867,4382,63,22
5868,2430,73,16
5869,4383,36,18
5870,9089,4,36
5871,4859,41,48
5872,229,29,1
5873,9597,45,14
5874,6956,45,19
5875,2038,42,19
5876,3235,23,43
5877,10217,31,60
5878,2328,59,31
5879,10160,36,40
5880,10862,27,7
5881,1006,5,8
5882,2484,61,52
5883,8281,37,21
5884,3179,37,13
5885,9892,1,44
5886,1532,34,27
5887,864,49,56
5888,2800,4,38
5889,5240,29,43
5890,2054,44,12
5891,10918,51,23
5892,8656,10,11
5893,690,22,43
5894,10647,30,28
5895,3535,57,7
5896,9413,26,8
5897,2998,75,35
5898,673,30,43
5899,4867,45,53
5900,8314,76,21
5901,8102,51,42
5902,8737,9,41
5903,11503,52,24
5904,1293,75,1
5905,9765,42,53
5906,3310,74,20
5907,8808,38,3
5908,829,43,3
5909,6052,69,53
5910,10283,75,8
5911,1441,9,59
5912,3827,28,32
5913,8629,41,39
5914,11774,3,38
5915,5145,28,47
5916,9929,41,45
5917,4715,74,60
5918,2716,19,29
5919,6029,38,47
5920,8949,2,36
5921,1529,31,12
5922,7038,22,56
5923,9779,59,59
5924,11146,9,1
5925,9784,58,35
5926,9229,30,43
5927,7949,29,37
5928,8236,51,49
5929,11468,46,3
5930,10863,63,13
5931,2383,18,40
5932,6128,43,61
5933,7540,66,61
5934,5769,60,2
5935,2811,25,4
5936,8431,75,4
5937,1937,55,16
5938,4841,1,48
5939,5267,34,39
5940,9971,65,42
5941,5235,18,1
5942,4500,54,38
5943,11943,47,3
5944,194,34,53
5945,5024,22,48
5946,7931,36,32
5947,7194,39,50
5948,7175,28,43
5949,11647,20,39
5950,1933,57,22
5951,11686,58,32
5952,6786,58,15
5953,5920,0,33
5954,6865,19,20
5955,9470,43,38
5956,11168,54,61
5957,9890,5,11
5958,880,3,48
5959,5431,15,35
5960,11009,17,40
5961,4125,66,16
5962,11865,28,60
5963,4356,22,55
5964,1139,35,2
5965,7629,53,25
5966,3341,19,4
5967,8353,11,7
5968,953,5,50
5969,9981,5,59
5970,5407,41,11
5971,8851,24,10
5972,2250,49,58
5973,2455,17,9
5974,9410,47,50
5975,11658,20,54
5976,2224,37,5
5977,1390,53,60
5978,4348,34,23
5979,6625,4,61
5980,8219,62,31
5981,10358,33,15
5982,1783,48,44
5983,927,12,13
5984,2062,3,16
5985,11700,36,11
5986,4013,2,39
5987,2522,29,40
5988,4762,50,22
5989,318,62,36
5990,6268,5,55
5991,10323,48,61
5992,4255,26,6
5993,281,44,12
5994,3460,49,15
5995,2226,73,15
5996,4911,17,39
5997,2855,51,28
5998,4410,30,51
5999,10880,37,33
