355,2,0
1700,4,0
1925,3,0
3711,0,0
5859,1,0
5527,1,0
2183,3,0
2866,0,0
582,4,0
1086,1,0
3407,0,0
2076,4,1
3890,0,1
503,1,1
5612,2,1
3772,0,1
506,2,1
4418,1,1
1882,3,1
5210,3,1
835,0,1
2315,1,1
2800,4,1
5627,2,1
1378,0,1
2773,1,1
691,1,1
1919,4,1
4355,2,1
5201,1,1
4469,3,1
5796,0,1
1333,4,1
5140,2,1
5366,0,1
462,3,1
1315,4,1
5082,2,1
4686,0,2
4070,1,2
2039,3,2
4060,3,2
1681,0,2
1077,4,2
3740,3,2
4160,1,2
1130,0,2
5376,2,2
5860,4,2
1308,2,2
2069,1,2
2412,0,2
405,4,2
2057,2,2
5483,1,2
2943,3,2
681,0,2
3451,1,2
5865,4,2
1633,0,2
3085,1,2
2372,0,2
1379,1,2
2713,0,2
4744,1,2
864,0,2
3446,2,2
5429,3,2
3037,4,2
1948,2,2
4032,3,2
3499,4,2
1950,2,2
4180,3,2
1760,1,2
947,4,2
5207,0,2
1845,2,2
5953,3,2
2246,1,2
1368,4,2
1152,2,2
3288,0,2
544,3,2
187,1,2
3007,0,2
803,1,2
2456,1,2
2534,3,2
715,4,2
2409,0,2
4122,1,2
652,2,2
2009,4,2
2393,3,2
3387,2,2
2593,4,2
1034,0,2
5786,2,2
5543,1,2
3447,0,2
3292,3,2
1728,1,2
4105,0,2
3303,4,2
902,1,2
1324,1,2
456,0,2
4391,2,2
3627,3,2
2164,0,2
5478,3,2
1741,1,2
1471,4,2
5761,0,2
2006,2,2
4894,3,2
5220,3,2
821,4,2
1902,1,2
4401,0,2
1547,2,2
4177,1,2
5852,4,2
5723,2,2
316,0,2
3072,3,2
4911,4,2
3310,1,2
5318,0,2
812,1,3
1126,0,3
2276,2,3
461,3,3
3833,4,3
2008,3,3
1534,3,3
5749,3,3
5920,1,3
3805,0,3
5629,2,3
5222,4,3
1990,2,3
3118,3,3
4277,1,3
4856,0,3
1144,0,3
2827,1,3
2420,0,3
2120,0,3
4789,4,3
2569,2,3
5313,4,3
5986,2,3
1371,4,3
2252,2,3
3453,0,3
3097,3,3
4344,0,3
1918,4,3
330,2,3
5914,1,3
2908,0,3
3318,3,3
5628,4,3
2061,0,3
3176,0,3
3641,2,3
4825,0,3
896,0,3
609,0,3
900,3,3
2195,3,3
761,0,3
2543,4,3
1029,0,3
3501,0,3
2585,2,3
1822,0,3
1958,3,3
2551,4,3
1735,3,3
759,0,3
49,0,3
228,0,3
1829,2,3
5984,4,3
1270,0,3
3077,0,3
3655,0,3
5756,0,3
5228,0,3
196,0,3
1469,0,3
2416,0,3
3761,0,3
2099,0,3
4152,0,3
2367,0,3
4668,0,3
1973,0,3
1893,0,4
1296,0,4
2082,0,4
4600,0,4
689,0,4
4065,1,4
5420,1,4
5793,0,4
980,0,4
3709,0,4
4754,0,4
2907,0,4
2290,0,4
5709,0,4
5615,0,4
3642,0,4
150,0,4
1729,0,4
2062,1,4
3792,0,4
3988,0,4
1619,0,4
5727,0,4
1184,0,4
5888,0,4
1356,0,4
4412,0,4
5870,0,4
3640,0,4
3971,0,4
3508,0,4
3436,0,4
5513,0,4
1488,0,4
2098,0,4
1613,0,4
999,0,4
4673,0,4
697,0,4
4629,0,4
3746,1,4
3863,0,4
4002,0,4
1355,0,4
3289,0,4
2696,0,4
4089,0,4
4219,0,4
4242,0,4
4107,0,4
184,0,4
5610,0,4
2728,0,4
34,0,4
4735,0,4
5392,1,4
3774,0,4
1606,1,4
5374,0,4
1612,0,4
1358,1,4
198,1,4
5413,0,4
3533,0,4
1814,0,4
3429,0,4
384,0,4
3246,0,4
1972,0,4
5885,0,5
4237,1,5
2044,0,5
346,0,5
4245,0,5
2677,0,5
1104,0,5
318,0,5
3299,1,5
373,1,5
3325,0,5
4074,0,5
5351,0,5
2613,0,5
1103,0,5
3920,0,5
680,0,5
5141,0,5
492,1,5
148,1,5
4949,0,5
3922,0,5
1336,0,5
5331,0,5
2161,0,5
2417,0,5
5577,2,5
3720,0,5
2023,0,5
5023,0,5
2250,0,5
1897,0,5
1677,0,5
457,0,5
2275,0,5
2477,0,5
2965,0,5
4924,0,5
1088,0,5
1753,0,5
3801,0,5
4957,0,5
3237,0,5
4348,0,5
4284,1,5
4922,0,5
4790,0,5
5121,0,5
4716,0,5
446,0,5
3650,0,5
2497,0,5
3457,0,5
2768,0,5
5667,0,5
4588,0,5
1246,1,5
4824,1,5
2060,0,5
3570,0,5
2665,0,5
5289,1,5
5073,0,5
3124,0,5
1011,0,5
3419,0,5
4703,0,5
5427,0,5
2725,0,5
3623,0,5
1200,0,5
5608,0,5
3731,0,5
5595,0,5
5957,0,5
3051,0,5
4335,0,5
1758,0,5
843,0,5
5881,0,5
5675,0,5
2500,0,5
4635,0,5
3639,0,5
1294,0,5
3811,0,5
3020,0,5
856,0,5
4973,0,5
2392,1,5
3136,0,5
2586,0,5
5958,0,6
2879,0,6
3942,0,6
5938,0,6
832,0,6
2531,0,6
1571,0,6
1035,0,6
1607,0,6
5008,1,6
1839,0,6
5804,0,6
121,0,6
400,0,6
3644,0,6
294,1,6
1610,1,6
5968,0,6
2913,0,6
3395,0,6
1548,0,6
5469,0,6
978,0,6
3272,0,6
1473,0,6
2020,0,6
37,0,6
3937,1,6
2086,0,6
3611,0,6
2785,1,6
4148,0,6
679,1,6
2442,0,6
2360,0,6
2772,0,6
314,0,6
1111,0,6
3349,0,6
2751,0,6
401,0,6
5094,0,6
3963,0,6
1959,0,6
830,1,6
5533,1,6
1942,0,6
3839,0,6
3027,0,6
1879,4,6
4200,0,6
2040,0,6
920,0,6
5534,0,6
2159,0,6
2101,1,6
1596,0,6
4919,0,6
2193,0,6
1058,0,6
625,0,6
5237,0,6
4318,0,6
5719,0,6
3284,0,6
3514,0,6
2236,0,6
230,1,6
2519,0,6
509,0,6
816,0,6
5777,0,6
4447,0,6
302,0,6
162,0,6
5741,0,6
4525,0,6
2587,0,6
2836,0,6
784,0,6
5122,0,6
5021,0,6
4828,0,7
2967,0,7
4254,1,7
1141,1,7
264,0,7
2191,0,7
748,0,7
2504,0,7
2560,0,7
5378,0,7
4730,0,7
4476,0,7
1398,0,7
259,0,7
3420,0,7
2652,0,7
5626,0,7
2302,0,7
3950,0,7
2511,0,7
4650,0,7
2634,0,7
4645,0,7
2216,0,7
4113,1,7
1173,0,7
3340,0,7
4505,0,7
4361,0,7
1257,1,7
2111,0,7
2934,0,7
342,0,7
1880,0,7
273,0,7
1360,0,7
31,0,7
260,0,7
491,0,7
2607,0,7
3312,0,7
1334,0,7
2502,0,7
4654,0,7
5489,0,7
3053,0,7
4636,0,7
1263,0,7
4337,0,7
1276,0,7
189,0,7
2708,0,7
4879,0,7
2578,0,7
3943,0,7
2265,0,7
3346,0,7
827,0,7
4632,0,7
4984,0,7
3262,0,7
1321,0,7
2650,0,7
487,0,7
3497,0,7
4912,0,7
3730,0,7
1008,0,7
1175,0,7
2352,0,7
3418,0,7
2707,0,7
549,0,7
826,0,7
4841,0,8
3979,0,8
2964,0,8
3412,0,8
3739,0,8
438,0,8
3878,0,8
2155,1,8
1766,0,8
4647,0,8
1727,0,8
5464,0,8
4575,0,8
2041,0,8
1705,0,8
4393,0,8
2254,0,8
731,0,8
781,0,8
4143,0,8
5389,0,8
777,0,8
1924,1,8
1394,0,8
3786,0,8
5113,0,8
5681,0,8
4554,1,8
1121,0,8
5457,0,8
308,1,8
2716,0,8
2589,0,8
4445,0,8
478,0,8
4544,0,8
4545,0,8
4243,1,8
5490,1,8
414,0,8
2224,0,8
3062,0,8
4892,1,8
1676,0,8
3491,0,8
3956,0,8
574,0,8
5108,0,8
3095,0,8
45,0,8
878,0,8
3483,0,8
2996,0,8
3343,1,8
1848,1,8
2493,0,8
5526,0,8
3797,0,8
1583,0,8
922,1,8
3737,0,8
4734,0,8
5005,1,8
5104,0,8
1230,0,8
2740,0,8
646,0,8
424,0,9
3591,0,9
5043,1,9
5170,1,9
1980,0,9
728,0,9
1038,0,9
1888,0,9
5795,0,9
1386,0,9
75,0,9
3659,0,9
2914,0,9
2418,0,9
3770,0,9
4948,0,9
2789,0,9
3498,0,9
368,0,9
873,0,9
5466,0,9
5553,0,9
858,0,9
2729,0,9
4527,1,9
3331,0,9
5189,0,9
1836,0,9
3947,0,9
3080,0,9
4228,0,9
2561,0,9
4298,0,9
5902,0,9
3735,0,9
156,0,9
4487,0,9
3835,0,9
1518,0,9
1388,0,9
4595,0,9
1151,0,9
3953,0,9
1392,0,9
5848,0,9
939,0,9
1216,0,9
5300,0,9
3520,0,9
1941,1,9
1095,0,9
3594,0,9
5733,0,9
5230,0,9
1772,0,9
1543,0,9
3164,0,9
1574,0,9
5767,0,9
4133,0,9
4305,0,9
3601,0,9
4931,0,9
1658,0,9
3940,0,9
2591,0,9
5648,0,9
2731,0,9
1282,0,9
143,0,9
3891,1,9
2550,0,9
5812,0,9
3981,0,9
2717,0,9
5924,1,9
5107,0,9
2348,0,10
1896,0,10
5472,0,10
3230,0,10
3553,0,10
5706,0,10
4322,0,10
2925,0,10
2463,0,10
1227,0,10
4404,0,10
3569,0,10
4182,0,10
5119,0,10
2983,0,10
1281,0,10
1800,0,10
682,0,10
4752,0,10
2631,0,10
702,0,10
1157,0,10
778,0,10
3984,0,10
2703,1,10
2301,0,10
4612,0,10
576,0,10
1988,0,10
3392,0,10
5117,0,10
3091,0,10
4095,1,10
586,0,10
5502,1,10
3555,0,10
1032,0,10
2594,0,10
2432,0,10
413,0,10
1844,0,10
672,0,10
2131,0,10
5164,1,10
5101,0,10
3909,0,10
4455,0,10
3251,0,10
2844,0,10
4746,0,10
2659,0,10
2342,0,10
4358,0,10
1631,0,10
4038,0,10
4661,0,10
951,0,10
2376,0,10
5339,0,10
2883,0,10
953,0,10
2898,0,10
1546,0,10
1864,1,10
5892,0,10
5792,0,10
4496,0,10
4261,3,10
5003,0,10
5642,1,10
2848,1,10
5851,0,10
623,0,10
1218,0,10
2553,1,10
2388,0,10
2351,0,10
4306,0,10
179,0,10
1733,0,10
5641,0,10
5034,0,10
4940,0,10
1601,0,10
4532,0,11
112,0,11
3710,0,11
3131,0,11
3859,1,11
1465,0,11
5307,0,11
3877,0,11
4220,0,11
2670,1,11
2332,0,11
2798,0,11
3368,0,11
2404,0,11
4552,0,11
1206,0,11
5202,0,11
2759,0,11
208,0,11
32,0,11
4594,0,11
2724,0,11
4082,0,11
3187,0,11
3207,0,11
3559,0,11
1689,1,11
2920,0,11
3815,0,11
1054,0,11
1305,0,11
4932,1,11
3616,0,11
4685,0,11
2541,0,11
4687,0,11
5380,0,11
979,0,11
3585,0,11
3860,0,11
3193,0,11
3336,0,11
2005,0,11
1451,0,11
3083,0,11
5563,0,11
846,0,11
975,0,11
2730,0,11
4472,0,11
48,0,11
2022,0,11
2469,0,11
1252,0,11
2972,0,11
5735,0,11
1255,0,11
4769,0,11
5967,0,11
1372,0,11
5050,0,11
5655,0,11
1952,0,11
4510,0,11
893,0,11
4538,0,11
875,0,11
651,0,11
5341,0,11
1663,0,12
2146,0,12
5262,0,12
5593,0,12
4286,0,12
3393,0,12
231,0,12
4432,0,12
5252,0,12
3208,0,12
5085,0,12
4521,0,12
2269,0,12
5522,0,12
1976,1,12
3356,0,12
5530,0,12
1912,0,12
3948,0,12
1876,0,12
2985,0,12
3846,0,12
1577,0,12
3386,0,12
2956,0,12
3047,0,12
1370,0,12
5832,0,12
3459,0,12
3610,0,12
1162,0,12
4683,0,12
5748,1,12
2465,0,12
1553,0,12
3041,0,12
4115,0,12
1474,0,12
2957,0,12
1986,0,12
941,0,12
1448,0,12
254,0,12
690,0,12
805,0,12
367,0,12
341,0,12
5315,0,12
977,0,12
358,0,12
3924,0,12
1600,0,12
4908,0,12
5559,0,12
3767,0,12
4979,0,12
5983,0,12
389,0,12
1831,0,12
303,0,12
371,0,12
3842,0,12
2410,0,12
5511,0,12
432,0,12
1476,0,12
4840,0,12
3945,0,12
4383,0,12
1373,0,12
4550,0,12
903,0,12
2303,0,13
4953,0,13
213,0,13
4855,0,13
2325,0,13
2874,1,13
4793,0,13
1490,0,13
4188,0,13
1978,0,13
3132,0,13
3889,0,13
3352,0,13
5653,0,13
567,0,13
1351,1,13
2258,0,13
4214,0,13
244,0,13
1748,0,13
2862,0,13
3217,0,13
1043,1,13
5422,0,13
597,1,13
2017,0,13
394,0,13
2918,0,13
5325,0,13
397,0,13
5680,0,13
1804,0,13
3566,1,13
1967,0,13
4602,0,13
982,0,13
2932,0,13
4018,0,13
336,0,13
1017,0,13
322,0,13
3421,0,13
5024,0,13
1628,1,13
3254,0,13
2823,0,13
1122,1,13
1671,0,13
4290,0,13
1132,0,13
862,0,13
1253,0,13
4579,0,13
5120,0,13
5545,1,13
5562,0,13
535,0,13
6,0,13
3215,0,13
2199,0,13
3469,0,13
2231,0,13
5390,0,13
4925,0,13
4622,0,13
2855,0,13
2403,1,13
4936,0,13
52,0,13
4702,1,13
5836,0,13
4270,0,14
3713,0,14
4988,0,14
590,0,14
5990,0,14
2807,0,14
4584,0,14
1275,0,14
3286,0,14
1901,0,14
1202,1,14
5218,0,14
1483,0,14
5103,0,14
301,0,14
4159,0,14
1651,0,14
1026,0,14
2767,0,14
1106,0,14
740,0,14
2145,0,14
1420,0,14
5142,0,14
3534,0,14
421,0,14
3485,0,14
4407,1,14
1862,0,14
1380,0,14
2259,0,14
1390,0,14
5193,0,14
5020,0,14
2115,0,14
4387,0,14
4508,0,14
1028,1,14
1456,0,14
3645,0,14
489,0,14
1319,1,14
442,0,14
4518,0,14
4066,0,14
1911,0,14
1586,0,14
5259,0,14
4742,0,14
224,0,14
2180,0,14
1145,0,14
5279,0,14
3267,0,14
666,0,14
3245,0,14
3045,0,14
5061,0,14
5308,0,14
583,0,14
466,0,14
976,0,14
3548,0,14
4321,0,14
4456,0,14
2803,0,14
4757,0,14
2690,0,14
329,0,14
2411,0,14
3470,0,14
396,0,14
1215,0,14
5138,0,14
5570,0,14
2085,0,14
3121,0,14
4809,0,14
4232,0,14
1331,0,14
5844,0,14
1914,0,14
3829,0,14
2358,0,14
4377,0,14
692,0,14
2423,0,14
627,0,15
2209,0,15
2364,0,15
5676,0,15
4078,0,15
1646,0,15
2117,0,15
5036,0,15
5242,0,15
1496,0,15
5167,0,15
1645,0,15
4446,0,15
1326,0,15
3800,1,15
1693,0,15
2989,0,15
3,0,15
5556,0,15
2304,0,15
3023,0,15
792,0,15
4025,0,15
3233,0,15
5711,0,15
905,0,15
3872,0,15
3807,0,15
3700,0,15
5959,0,15
4817,0,15
5405,0,15
1759,0,15
472,0,15
3864,0,15
5194,0,15
1725,0,15
4462,0,15
2096,0,15
1014,0,15
3042,0,15
1153,0,15
5491,0,15
65,0,15
1699,0,15
1463,0,15
1323,0,15
2190,0,15
2537,0,15
1499,0,15
3960,0,15
1430,0,15
211,0,15
369,0,15
3035,0,15
1232,0,15
4534,0,15
4680,0,15
1994,0,15
113,0,15
4279,0,15
3708,0,15
1854,0,15
89,0,15
1295,0,15
5076,0,15
411,0,15
5364,0,15
4338,0,15
1763,0,15
591,1,15
1235,0,15
2277,1,15
2584,0,15
2616,0,15
2454,0,15
142,0,15
5549,0,15
4876,0,15
5123,0,16
1871,0,16
4233,0,16
1468,0,16
3177,0,16
3855,0,16
2472,0,16
3073,0,16
4535,0,16
3494,0,16
3432,0,16
3010,0,16
194,0,16
4234,0,16
41,0,16
948,0,16
5661,0,16
909,0,16
4697,1,16
1898,0,16
4108,0,16
5651,1,16
4576,1,16
1801,0,16
3916,0,16
3435,0,16
3276,0,16
688,4,16
1789,0,16
4838,0,16
5360,0,16
5823,0,16
766,0,16
1419,0,16
3849,0,16
5041,0,16
4663,0,16
475,0,16
2003,0,16
1344,0,16
1033,1,16
2081,0,16
2860,1,16
5438,0,16
5436,0,16
1554,0,16
2483,0,16
2513,0,16
85,0,16
158,0,16
496,0,16
7,0,16
4058,0,16
4046,0,16
3572,0,16
5134,0,16
3512,0,16
2880,0,16
103,0,16
1837,1,16
5198,0,16
4548,0,16
1123,0,16
4755,0,16
3291,0,16
5424,0,16
5542,0,16
1363,0,16
5345,0,16
1644,0,16
1170,0,17
2726,0,17
2394,1,17
4329,1,17
2028,0,17
2053,0,17
3791,0,17
3967,0,17
5794,1,17
2897,0,17
3717,0,17
4302,0,17
2544,0,17
3975,0,17
4873,0,17
5337,0,17
2102,0,17
1665,0,17
2293,1,17
883,0,17
5219,0,17
4670,0,17
1947,0,17
5960,1,17
2887,0,17
711,0,17
3055,0,17
3930,0,17
589,0,17
5996,0,17
5838,1,17
4319,0,17
4497,0,17
4264,1,17
3513,0,17
637,0,17
1974,0,17
570,0,17
4498,0,17
437,0,17
2941,0,17
1750,0,17
3869,0,17
3619,0,17
1044,0,17
3962,0,17
4001,0,17
4783,0,17
5058,0,17
5353,0,17
3186,0,17
147,0,17
497,0,17
5657,0,17
4157,0,17
3143,0,17
1406,1,17
3900,0,17
4616,0,17
4992,0,17
5782,0,17
1197,0,17
4440,0,17
3777,0,17
4638,0,17
4073,0,17
4331,0,17
3631,0,17
1099,0,17
5973,0,17
998,0,17
1584,0,17
3398,0,17
47,1,17
3443,0,17
193,0,17
1887,0,17
849,0,18
345,0,18
3285,0,18
1117,0,18
5175,0,18
2461,0,18
2132,0,18
324,0,18
2877,0,18
5135,0,18
1082,1,18
1013,0,18
1567,0,18
4513,0,18
5652,0,18
5184,1,18
1002,0,18
848,0,18
5190,0,18
2719,0,18
2094,0,18
3712,0,18
4593,0,18
991,0,18
5931,0,18
1704,0,18
3426,0,18
1527,0,18
5440,0,18
4837,0,18
1874,0,18
3525,0,18
4766,0,18
3274,0,18
581,0,18
4633,0,18
426,0,18
1250,0,18
2123,0,18
5166,0,18
1931,0,18
1041,0,18
3816,0,18
362,0,18
678,0,18
1211,0,18
3138,0,18
176,0,18
4778,0,18
4394,0,18
5701,0,18
5828,0,18
5136,0,18
5686,0,18
5012,1,18
5854,0,18
5044,1,18
5173,0,18
868,0,18
2861,0,18
3764,0,18
755,0,18
2627,0,18
5055,0,18
662,0,18
5357,0,18
334,0,18
5746,0,18
3830,0,18
885,0,18
4398,0,18
3040,0,18
5700,0,18
714,0,18
517,0,18
5941,0,18
39,0,18
5056,0,19
3629,0,19
2092,0,19
2211,0,19
3806,0,19
2088,0,19
3903,0,19
2664,1,19
1598,0,19
134,0,19
4907,0,19
4411,1,19
1109,0,19
966,1,19
2598,0,19
3722,0,19
1857,1,19
80,0,19
3883,0,19
1581,1,19
577,0,19
686,0,19
3471,0,19
269,0,19
344,0,19
5091,0,19
2795,0,19
1472,0,19
603,0,19
5240,0,19
223,1,19
1201,0,19
4424,0,19
5484,1,19
557,0,19
2780,0,19
2171,0,19
410,0,19
5918,0,19
2322,1,19
5402,0,19
3168,0,19
3626,0,19
1557,0,19
2253,0,19
1695,0,19
4068,0,19
1634,0,19
5515,0,19
1479,0,19
4334,0,19
3219,0,19
1565,0,19
5954,0,19
2340,0,19
236,0,19
388,0,19
3762,0,19
4169,0,19
882,0,19
2129,0,19
4339,0,19
5296,0,19
1078,0,19
4176,0,19
2406,0,19
5316,0,19
3084,0,19
3648,1,19
1899,0,19
4030,0,19
5966,0,19
2927,0,19
1542,0,19
4693,0,19
5011,0,19
1616,0,20
286,0,20
3598,0,20
2204,0,20
5569,0,20
2525,0,20
4959,0,20
4017,0,20
5975,1,20
4463,0,20
5433,0,20
4750,0,20
5508,0,20
72,0,20
2641,0,20
2626,0,20
2075,0,20
3129,0,20
2243,1,20
4707,0,20
1158,0,20
750,0,20
5017,0,20
4131,0,20
3249,0,20
2673,1,20
2247,1,20
3172,0,20
5949,1,20
1367,0,20
3881,0,20
2801,0,20
1930,1,20
3448,0,20
4731,0,20
106,0,20
1794,0,20
2706,0,20
837,1,20
5481,0,20
1116,0,20
5541,0,20
1009,0,20
1091,0,20
4968,0,20
4634,0,20
353,0,20
5591,0,20
569,1,20
5441,0,20
1743,0,20
2645,0,20
5293,0,20
4252,0,20
3480,0,20
200,0,20
3651,0,20
914,0,20
2817,0,20
2095,0,20
1510,0,20
3802,0,20
2878,0,20
5572,0,20
2757,0,20
493,0,20
2962,0,20
1498,0,20
5862,0,20
1127,0,20
3462,0,20
3496,0,20
665,0,20
910,0,20
1417,0,20
3556,0,20
3656,0,20
1306,0,20
2010,0,20
3345,0,21
3155,1,21
1847,1,21
3241,1,21
5276,0,21
2271,0,21
3856,0,21
2741,0,21
1710,0,21
2782,0,21
825,0,21
494,0,21
3681,1,21
3840,0,21
5566,0,21
5379,0,21
1460,0,21
4651,0,21
2640,0,21
1640,0,21
4091,0,21
1713,0,21
1076,0,21
754,0,21
599,0,21
280,0,21
5744,0,21
770,0,21
2750,0,21
4738,0,21
2422,0,21
3194,0,21
4657,0,21
601,0,21
3415,1,21
4246,0,21
2000,0,21
1714,0,21
3145,0,21
1165,0,21
5028,0,21
1975,0,21
1597,0,21
4718,0,21
271,0,21
2727,0,21
2295,0,21
1063,0,21
663,0,21
4216,0,21
724,0,21
1108,0,21
1825,0,21
931,0,21
1128,0,21
4964,0,21
2153,0,21
357,0,21
2329,0,21
5766,0,21
2116,1,22
1010,0,22
1203,0,22
5536,0,22
1248,0,22
602,0,22
4096,0,22
1738,0,22
5922,0,22
5963,0,22
2946,0,22
4023,0,22
3998,0,22
4551,0,22
962,0,22
3817,0,22
1050,0,22
5945,0,22
4484,0,22
764,0,22
943,0,22
5893,0,22
5070,0,22
5864,0,22
2308,1,22
1136,0,22
1819,0,22
4345,0,22
3357,0,22
3818,0,22
4728,0,22
154,0,22
3658,0,22
1114,0,22
5372,0,22
4328,0,22
2227,0,22
4982,0,22
2735,0,22
5520,0,22
5386,0,22
5586,0,22
4791,0,22
516,1,22
4087,0,22
1427,0,22
3587,0,22
1949,0,22
1325,0,22
4138,0,22
4212,0,22
5354,0,22
1065,0,22
2319,0,22
1249,0,22
468,0,22
2527,0,22
3252,0,22
3527,0,22
1513,0,22
253,0,22
4271,0,22
4921,0,22
3861,0,22
347,0,22
1764,0,22
529,0,22
144,0,22
4729,0,22
562,0,22
1678,0,22
4136,0,23
1786,0,23
4421,0,23
4896,0,23
2960,0,23
1434,0,23
1961,0,23
4681,0,23
3884,0,23
600,0,23
5601,1,23
4117,0,23
2858,0,23
1060,0,23
5423,0,23
1021,0,23
1572,0,23
2413,0,23
519,0,23
3586,0,23
4186,0,23
3030,0,23
4100,0,23
5876,0,23
3018,0,23
3417,0,23
734,0,23
3745,0,23
2743,0,23
3671,0,23
4749,0,23
3752,0,23
289,0,23
1987,0,23
2221,0,23
4797,0,23
4378,0,23
3522,0,23
375,0,23
4189,0,23
5677,0,23
2572,1,23
739,0,23
1161,0,23
3703,0,23
940,0,23
3748,0,23
4524,0,23
3224,0,23
5604,0,23
3378,0,23
4005,0,23
2888,0,23
713,1,23
5408,0,23
4293,0,23
5815,0,23
5816,0,23
5575,0,23
4035,0,23
578,0,23
5213,0,23
3763,0,23
2487,0,23
4951,0,23
2953,0,23
4309,0,23
2889,0,23
428,0,23
3574,1,23
5338,0,23
14,0,23
2021,0,23
5760,0,23
3734,0,23
2233,0,23
1802,0,23
4706,0,23
4081,0,23
2802,0,23
5468,0,23
2976,0,23
9,1,23
796,0,24
908,0,24
3153,0,24
3300,0,24
2267,0,24
4583,0,24
203,0,24
2762,0,24
4444,0,24
2166,0,24
791,0,24
744,0,24
4944,0,24
5275,0,24
4202,0,24
4885,0,24
2147,0,24
2825,0,24
4019,0,24
783,0,24
3376,0,24
2950,0,24
2419,0,24
4215,0,24
3200,0,24
1780,0,24
1337,0,24
4970,0,24
2738,0,24
819,0,24
441,0,24
476,0,24
1890,0,24
2612,0,24
1393,0,24
1956,0,24
4229,0,24
5454,0,24
4539,0,24
1536,0,24
2357,0,24
4773,0,24
3831,0,24
2778,0,24
5863,1,24
1174,0,24
1827,0,24
4274,0,24
281,0,24
2379,1,24
2498,0,24
4403,0,24
4187,0,24
2468,0,24
676,0,24
1503,0,24
3400,0,24
2285,0,24
4399,0,24
3290,0,24
2528,0,24
4954,0,24
5081,0,24
5019,0,24
2029,1,24
5971,0,24
2514,0,24
800,0,24
867,0,24
4753,0,24
2662,0,24
4756,0,24
501,0,24
5391,0,24
5687,0,24
3234,0,24
3015,0,25
429,0,25
5507,0,25
5100,0,25
1407,0,25
1023,0,25
4971,0,25
5630,0,25
3158,0,25
1402,0,25
5151,0,25
4366,0,25
188,0,25
4875,0,25
46,0,25
1724,0,25
2274,0,25
27,0,25
3359,0,25
4966,0,25
1475,0,25
3808,0,25
4976,0,25
4450,0,25
5523,0,25
5568,0,25
2112,0,25
5825,0,25
79,0,25
181,0,25
4717,0,25
4603,0,25
2213,0,25
1093,0,25
5855,0,25
3576,0,25
1537,0,25
5853,0,25
2600,0,25
5496,0,25
2536,1,25
3261,0,25
645,0,25
775,0,25
1672,0,25
954,0,25
1037,0,25
1838,0,25
2048,0,25
5287,0,25
5071,0,25
2484,0,25
2621,0,25
923,0,25
513,0,25
141,0,25
2930,1,25
605,1,25
2133,0,25
2482,0,25
5291,0,25
460,0,25
3348,0,25
3996,0,25
533,0,25
927,0,25
2997,0,25
3657,0,25
3151,1,25
1074,0,25
4582,1,25
5787,0,25
1964,0,25
4281,0,25
206,0,25
3388,0,25
2273,0,25
5617,0,25
3910,0,25
4406,0,25
1638,0,25
4803,0,25
3311,0,25
5305,0,25
5460,0,25
3341,0,25
1703,0,25
2895,0,25
1773,1,25
3543,0,25
4618,1,25
4481,0,25
2197,0,25
1415,0,25
1147,0,25
4900,0,25
2820,0,25
4004,0,25
5935,0,25
3935,0,25
4474,0,25
1615,0,25
1487,0,25
4369,0,25
2597,0,25
2884,0,25
1025,0,25
4210,2,26
1042,0,26
454,0,26
292,0,26
83,0,26
4980,0,26
1813,0,26
794,0,26
4933,0,26
2391,0,26
5770,1,26
3682,0,26
575,0,26
2165,0,26
2328,0,26
382,0,26
3925,0,26
3361,0,26
1031,0,26
1563,0,26
2050,0,26
928,0,26
1754,0,26
1115,0,26
1929,0,26
5558,0,26
3621,0,26
3991,0,26
1403,0,26
195,0,26
3032,0,26
2982,0,26
1435,1,26
2389,0,26
2903,0,26
1079,0,26
1846,0,26
1016,0,26
1603,0,26
1512,2,26
2428,1,26
3216,0,26
3882,0,26
4880,0,26
2624,1,26
3912,0,26
1318,0,26
2770,0,26
4574,1,26
4662,0,26
5298,1,26
2270,0,26
2893,1,26
2201,0,26
3531,0,26
21,0,26
2595,1,26
5896,0,26
1107,0,26
4240,0,26
3765,0,26
4565,0,26
1559,0,26
5992,0,26
267,0,26
3220,0,26
3112,0,26
1520,0,26
2068,0,26
1843,0,26
295,0,26
543,0,26
2234,0,27
1450,0,27
5521,0,27
3416,0,27
1181,0,27
1821,0,27
5099,0,27
5146,0,27
1150,0,27
2755,0,27
5813,0,27
3837,0,27
2916,0,27
3028,0,27
3157,0,27
787,0,27
274,0,27
4008,0,27
233,0,27
5624,0,27
3563,0,27
3853,0,27
989,0,27
340,1,27
2359,0,27
1686,0,27
4764,0,27
5176,0,27
4974,0,27
1884,0,27
311,0,27
2396,0,27
1070,0,27
2881,0,27
3025,0,27
4495,1,27
3381,0,27
3775,0,27
3914,0,27
2103,0,27
3167,0,27
5129,0,27
4028,0,27
2915,0,27
5229,1,27
2318,0,27
1224,0,27
4682,0,27
5446,0,27
3350,0,27
4236,0,27
451,0,27
1391,0,27
4781,0,27
4231,0,27
814,1,27
4507,0,27
2859,0,27
2863,0,27
3092,0,27
1711,1,27
2615,0,27
5707,0,27
1903,0,27
5191,0,27
2832,0,27
3886,0,27
2435,0,27
5268,0,27
4862,0,27
5880,0,27
1970,0,27
639,0,27
2232,0,27
1012,0,27
1377,0,27
1381,0,27
484,0,27
2317,0,27
1777,0,27
3523,0,28
5397,0,28
1824,0,28
3721,0,28
5773,0,28
5304,0,28
2871,0,28
3425,0,28
5199,0,28
2718,0,28
5798,0,28
1191,0,28
1796,0,28
818,1,28
2694,0,28
1659,0,28
2625,1,28
2711,0,28
4605,0,28
2140,0,28
551,1,28
655,0,28
3944,0,28
5323,0,28
3275,0,28
2175,0,28
531,0,28
5915,0,28
894,0,28
2975,0,28
5266,0,28
5948,0,28
2882,0,28
2540,0,28
4217,0,28
2460,0,28
1229,0,28
404,0,28
284,0,28
5616,0,28
5375,0,28
2424,0,28
4230,0,28
4939,0,28
1620,0,28
4929,1,28
4802,1,28
5106,0,28
3281,1,28
2135,0,28
1982,0,28
3430,0,28
2219,0,28
256,0,28
5197,0,28
5912,0,28
425,0,28
1828,0,28
2249,0,28
628,1,28
3692,0,28
5180,0,28
5324,0,28
3201,0,28
5461,0,28
756,0,28
5399,0,28
904,0,28
2539,0,28
2202,1,28
2073,0,28
58,0,28
3321,1,28
2829,1,28
2787,0,28
4373,1,28
717,0,28
226,0,28
4020,0,28
5185,0,28
1885,0,28
1875,0,28
5811,0,28
1752,0,28
1395,0,28
4923,1,28
1858,1,28
4494,0,28
3150,1,28
4962,0,28
4193,0,28
8,0,28
4119,0,28
1774,0,28
1569,0,28
3726,0,28
2453,1,29
2033,1,29
3369,1,29
4197,1,29
4135,0,29
5911,0,29
1866,1,29
5029,0,29
2272,0,29
2564,1,29
3506,0,29
2501,0,29
4359,0,29
4737,0,29
2899,0,29
4094,0,29
4493,0,29
4630,0,29
2533,0,29
3467,0,29
3260,0,29
25,1,29
4194,0,29
1549,0,29
3990,0,29
749,0,29
5246,0,29
5551,0,29
3750,0,29
4699,0,29
3854,0,29
3383,0,29
1464,1,29
4808,0,29
4913,0,29
5889,0,29
2093,0,29
3057,0,29
140,0,29
5987,0,29
2775,0,29
5927,0,29
3014,0,29
2633,0,29
1627,0,29
1120,0,29
2228,1,29
719,0,29
3239,0,29
1535,0,29
2733,0,29
4704,0,29
2390,0,29
1254,0,29
1691,0,29
2397,0,29
5449,0,29
3148,0,29
1330,0,29
1083,0,29
2326,0,29
1140,1,29
288,0,29
2872,0,29
1953,0,29
325,0,29
4283,0,29
128,0,29
3899,0,29
2660,0,29
5444,0,29
249,0,29
1730,0,29
1779,0,29
5054,0,29
5764,0,29
352,0,29
1561,0,29
201,0,29
2286,0,29
392,0,29
2678,0,29
4736,0,29
56,0,29
3789,0,29
5583,0,29
2176,0,29
3475,0,29
4353,0,29
5458,0,29
859,0,29
841,0,29
5872,0,29
3301,0,30
1662,0,30
447,0,30
4882,0,30
3146,0,30
5139,0,30
4977,0,30
3225,0,30
5477,0,30
4762,0,30
2012,1,30
2441,0,30
1416,0,30
1932,0,30
2306,0,30
4720,1,30
2582,0,30
4396,0,30
614,1,30
2001,0,30
349,0,30
5998,0,30
629,0,30
2837,0,30
3571,0,30
3838,0,30
2203,0,30
43,0,30
2046,0,30
5926,0,30
4626,0,30
5898,0,30
2980,0,30
4109,0,30
1812,0,30
2083,0,30
1198,0,30
1489,0,30
29,0,30
3240,0,30
5697,0,30
3458,0,30
2793,0,30
3976,0,30
1585,0,30
863,0,30
5894,0,30
4906,0,30
354,1,30
5713,0,30
149,0,30
4479,1,30
4914,0,30
1234,0,30
1167,0,30
471,0,30
255,0,30
1621,0,30
596,0,30
4625,0,30
4057,0,30
1955,0,30
1048,0,30
938,0,30
990,0,30
3102,0,30
701,0,30
1004,0,30
5751,0,30
1047,0,30
328,0,30
1694,0,30
1936,0,31
5579,0,31
1507,0,31
2230,0,31
4183,0,31
123,0,31
895,0,31
2449,0,31
807,0,31
1273,0,31
4569,0,31
4033,0,31
5602,0,31
4049,0,31
5539,0,31
415,0,31
2387,0,31
5826,0,31
5368,0,31
4732,1,31
1335,0,31
2926,0,31
3258,0,31
4613,0,31
3683,0,31
5125,0,31
265,0,31
2805,0,31
2459,1,31
5118,0,31
412,0,31
3961,0,31
3478,0,31
5178,0,31
1667,1,31
5580,0,31
1776,0,31
890,0,31
88,0,31
5450,0,31
4282,0,31
541,0,31
3793,0,31
5685,0,31
290,0,31
1437,0,31
5835,1,31
3573,0,31
4037,0,31
2429,0,31
2188,0,31
2072,0,31
2052,0,31
2015,0,31
5921,0,31
2467,0,31
5330,0,31
1960,0,31
17,0,31
2794,0,31
3105,0,31
842,1,31
51,0,31
33,0,31
2865,0,31
2658,0,31
4015,0,31
4034,0,31
1817,0,31
1718,0,31
469,0,31
433,0,31
339,0,31
4323,0,31
4296,0,31
916,0,31
4137,0,32
2451,0,32
1923,0,32
2557,0,32
4036,0,32
5247,0,32
1996,0,32
5442,0,32
96,0,32
5343,0,32
1260,0,32
3690,0,32
1411,0,32
5417,0,32
5797,0,32
588,0,32
695,0,32
4814,1,32
3265,0,32
483,0,32
3852,0,32
4801,0,32
5585,0,32
151,0,32
3932,0,32
1721,0,32
4178,0,32
5462,0,32
595,0,32
5236,0,32
1823,0,32
4110,0,32
3068,0,32
3008,0,32
4796,0,32
3460,1,32
5087,0,32
1375,0,32
2567,0,32
4360,0,32
2792,0,32
4780,1,32
2947,0,32
1268,0,32
5857,0,32
2688,1,32
3444,0,32
1062,0,32
4010,0,32
4835,0,32
5105,0,32
3921,0,32
1625,0,32
4385,0,32
4054,1,32
2891,0,32
4086,0,32
1005,0,32
3322,0,32
4555,0,32
4623,0,32
1502,0,32
634,0,32
4834,0,32
1530,0,32
3204,0,32
3396,0,32
861,0,32
165,0,32
1791,0,32
1412,0,32
4864,0,32
1053,0,32
4165,0,33
262,0,33
2215,0,33
1907,0,33
4715,0,33
3117,0,33
5843,0,33
983,0,33
3993,0,33
2998,0,33
5778,0,33
1397,0,33
705,1,33
4370,0,33
2162,0,33
1602,0,33
4577,0,33
3016,0,33
4012,0,33
5116,0,33
5079,0,33
656,0,33
3575,0,33
1594,0,33
4088,0,33
2601,0,33
2400,0,33
5724,0,33
2346,0,33
5599,0,33
1578,0,33
520,0,33
824,0,33
4624,0,33
4427,0,33
107,0,33
1599,0,33
356,0,33
3515,0,33
2845,0,33
3705,0,33
565,0,33
932,0,33
3654,0,33
4347,0,33
5040,0,33
28,0,33
2356,0,33
3440,2,33
5618,0,33
4517,0,33
3778,0,33
3595,0,33
3081,0,33
5244,0,33
3159,0,33
1568,0,33
3423,0,33
1715,0,33
4083,0,33
5981,0,33
202,1,33
2154,0,33
554,0,33
2966,0,33
946,0,33
2609,0,33
5736,0,33
5603,0,33
2321,0,33
5443,0,33
1604,0,33
2734,0,33
3668,0,33
4811,0,33
4146,0,33
616,0,33
114,0,34
2481,0,34
2366,0,34
2721,0,34
1458,0,34
2638,0,34
5340,0,34
5355,0,34
4161,0,34
2486,0,34
5944,1,34
4184,0,34
512,0,34
3456,0,34
2283,0,34
3538,0,34
1690,0,34
4145,0,34
934,0,34
3756,0,34
3319,0,34
4333,0,34
5039,0,34
408,0,34
3019,0,34
3134,0,34
850,0,34
458,0,34
5939,0,34
658,0,34
924,0,34
2588,0,34
5077,0,34
486,0,34
2610,1,34
2940,0,34
2816,0,34
3825,0,34
1807,0,34
4441,0,34
225,0,34
2681,0,34
4080,0,34
1274,0,34
2307,0,34
3528,0,34
2114,0,34
5646,0,34
5886,0,34
5192,0,34
4660,1,34
30,0,34
1595,0,34
3133,0,34
4047,0,34
5978,0,34
933,0,34
4566,0,34
3691,0,34
74,0,34
5432,0,34
1863,0,34
1943,0,34
4556,0,34
283,4,34
1969,0,34
3614,0,34
2503,0,34
3796,1,34
1656,0,34
4708,0,34
2992,0,34
3888,0,34
3409,0,34
3769,0,34
5363,0,34
2013,0,34
2692,0,34
502,0,34
5459,0,34
2952,0,34
1769,0,34
276,0,34
2900,0,34
3652,0,34
1787,0,34
683,0,34
1895,0,34
380,0,34
3696,0,34
222,0,34
3997,0,34
4937,0,35
1277,0,35
210,0,35
700,0,35
1280,0,35
2828,0,35
5414,0,35
1055,0,35
5439,0,35
5127,0,35
285,0,35
5509,0,35
4553,0,35
2399,0,35
5659,0,35
4255,0,35
5114,0,35
1085,0,35
459,0,35
3580,0,35
2288,0,35
2354,0,35
3607,0,35
4500,0,35
3562,0,35
3024,0,35
630,0,35
4642,0,35
1833,0,35
1264,0,35
620,0,35
5302,0,35
915,0,35
2697,0,35
5638,1,35
500,0,35
481,0,35
3017,1,35
399,0,35
5712,0,35
4288,0,35
521,0,35
1225,0,35
5328,0,35
5512,1,35
4826,0,35
4788,0,35
2407,0,35
132,0,35
3600,0,35
391,0,35
2846,0,35
5525,0,35
2753,0,35
540,0,35
3410,0,35
3516,0,35
5548,0,35
2769,0,35
3605,0,35
1279,0,35
3385,0,35
3875,0,35
5552,0,35
2378,0,35
2084,0,35
2864,0,35
1066,0,35
3067,0,35
4120,0,35
5964,0,35
11,1,35
2830,0,35
3125,0,36
1747,0,36
4400,0,36
387,0,36
1480,0,36
3554,1,36
175,0,36
5130,0,36
2071,0,36
3214,0,36
1560,0,36
1262,1,36
4085,0,36
99,0,36
1217,0,36
4520,1,36
1523,0,36
5205,0,36
1965,0,36
1650,0,36
490,0,36
4845,0,36
2954,3,36
153,1,36
3238,0,36
171,0,36
4848,0,36
3192,0,36
5879,0,36
1177,0,36
762,0,36
2581,0,36
560,0,36
2182,0,36
84,0,36
5365,0,36
1226,0,36
674,1,36
4204,0,36
660,0,36
5946,0,36
86,0,36
2362,0,36
673,1,36
4883,0,36
1311,0,36
5248,0,36
3788,0,36
2812,0,36
958,1,36
5703,0,36
2079,0,36
5776,0,36
776,0,36
4899,0,36
2137,0,36
1629,0,36
3636,0,36
564,0,36
403,0,36
5622,1,36
3399,0,36
3581,0,36
5250,0,36
610,0,36
3620,0,36
4950,0,36
742,0,36
2521,0,36
5869,0,36
3952,0,36
166,0,36
4916,0,36
641,0,36
4596,0,36
4158,0,36
3509,0,36
3954,0,36
1788,0,36
5985,1,36
1401,0,36
1193,1,36
2241,0,36
2576,0,36
4996,1,36
3660,0,36
4155,0,36
1506,0,36
338,0,36
4052,0,36
2515,0,36
5016,0,36
3504,0,36
3182,0,36
1940,0,36
1462,1,37
1304,1,37
2693,1,37
4725,0,37
3537,0,37
684,0,37
1164,0,37
360,0,37
5292,0,37
3231,1,37
5188,0,37
3685,1,37
5818,0,37
956,0,37
4644,0,37
2144,0,37
785,0,37
5698,0,37
4874,0,37
278,0,37
959,0,37
3653,0,37
5057,1,37
2168,0,37
2059,2,37
1241,0,37
5589,0,37
473,1,37
5999,0,37
2289,0,37
568,0,37
219,0,37
2238,0,37
1521,0,37
4777,4,37
3247,1,37
5128,0,37
4904,0,37
4278,0,37
3773,0,37
5883,0,37
4580,0,37
4861,0,37
3438,0,37
5750,0,37
5537,0,37
3486,0,37
2635,0,37
4130,0,37
2064,0,37
2507,0,37
727,1,37
5334,0,37
5884,0,37
234,0,37
3941,0,37
4490,4,37
1528,2,37
5418,0,37
5841,0,37
2100,0,37
5976,0,37
664,0,37
3353,0,37
1431,1,37
3012,0,37
5426,0,37
4511,0,37
2990,0,38
5282,0,38
455,0,38
3442,1,38
2919,0,38
1655,0,38
2715,0,38
4819,0,38
5581,0,38
395,0,38
5619,0,38
4836,0,38
4285,1,38
997,0,38
1726,0,38
2672,0,38
5919,0,38
229,0,38
4816,0,38
2839,0,38
499,0,38
1376,0,38
124,1,38
2330,0,38
2369,0,38
2245,0,38
1343,0,38
1172,1,38
1892,0,38
3213,0,38
5695,0,38
4930,0,38
2051,0,38
5594,0,38
2150,0,38
359,0,38
0,0,38
5752,0,38
157,0,38
1849,0,38
4000,0,38
4501,1,38
2264,0,38
5382,0,38
2929,0,38
2314,0,38
3270,0,38
5269,0,38
2280,1,38
1803,0,38
282,1,38
3507,1,38
3244,0,38
4792,0,38
2296,0,38
275,0,38
5281,0,38
419,0,38
5002,0,38
1118,0,38
877,0,38
1019,0,38
2368,0,38
1500,0,38
2535,0,38
1771,0,38
4615,0,38
1320,0,38
5740,0,38
3461,0,38
5907,0,38
365,0,38
4301,0,38
508,0,38
5137,0,38
1913,0,39
1517,0,39
378,0,39
1408,0,39
104,0,39
5771,1,39
4459,0,39
507,0,39
3832,0,39
305,0,39
736,0,39
1425,0,39
2988,0,39
1926,1,39
1920,0,39
1185,0,39
5947,0,39
3229,0,39
5470,0,39
2619,0,39
4621,0,39
2796,0,39
1992,0,39
2055,0,39
3582,0,39
102,0,39
66,0,39
2818,0,39
1036,0,39
3065,0,39
5754,0,39
1999,0,39
1441,1,39
3821,0,39
4739,0,39
2090,0,39
3256,0,39
3106,0,39
2710,0,39
839,0,39
3026,0,39
2963,0,39
3901,0,39
4123,0,39
758,0,39
5783,0,39
4758,0,39
5765,0,39
257,0,39
1124,0,39
2885,0,39
1100,0,39
24,0,39
4452,1,39
183,0,39
2438,0,39
3617,0,39
4042,0,39
694,1,39
4820,0,39
4928,0,39
463,0,39
2869,0,39
4324,0,39
1809,0,39
984,0,39
1271,0,39
4695,0,39
855,0,39
1811,0,39
4898,1,39
1418,0,39
4956,0,39
4503,0,40
4408,0,40
1089,0,40
120,0,40
797,0,40
3332,0,40
4222,0,40
710,0,40
3411,0,40
3897,0,40
3674,1,40
1915,0,40
4669,0,40
2149,0,40
1558,0,40
3544,0,40
619,0,40
5361,0,40
4224,0,40
4464,0,40
1049,0,40
4416,0,40
2167,0,40
95,0,40
91,0,40
677,0,40
1617,0,40
4179,0,40
4313,0,40
3287,0,40
2905,0,40
886,0,40
523,0,40
4340,0,40
313,0,40
3365,0,40
504,1,40
2684,0,40
5267,0,40
4765,1,40
2647,0,40
4560,0,40
3596,0,40
653,0,40
5678,0,40
2206,0,40
1580,0,40
5809,0,40
2814,0,40
1208,0,40
2565,0,40
2973,0,40
1329,0,40
1148,0,40
5286,0,40
3715,0,40
1991,0,40
3140,0,40
335,0,40
942,0,40
4881,0,40
5149,1,40
3728,0,40
2205,0,40
4059,0,40
191,0,40
5500,0,40
3190,0,40
2047,0,40
3583,0,40
4356,0,40
2405,0,40
1755,0,40
279,0,40
1131,0,40
3048,0,40
1477,0,40
1374,0,40
1003,0,40
1455,0,41
3977,0,41
699,0,41
2218,0,41
4994,0,41
2505,0,41
3969,0,41
972,0,41
1683,0,41
4127,0,41
4631,0,41
1222,0,41
170,0,41
3649,0,41
5871,0,41
2260,0,41
5587,0,41
5916,0,41
2810,0,41
5784,0,41
407,1,41
3741,0,41
287,0,41
2186,0,41
5272,0,41
5774,0,41
5913,0,41
2704,0,41
1221,0,41
3401,0,41
5177,0,41
3599,0,41
3403,0,41
1979,1,41
3317,0,41
2747,0,41
2491,1,41
304,0,41
2080,0,41
1865,1,41
3046,0,41
2618,0,41
2226,0,41
5805,1,41
243,0,41
1657,0,41
963,0,41
1666,1,41
725,0,41
4438,1,41
5209,0,41
2959,0,41
4784,0,41
4562,0,41
1195,0,41
1649,0,41
1859,0,41
5535,0,41
2605,0,41
1267,0,41
127,0,41
3579,0,41
5970,0,41
1457,1,41
5482,0,41
2312,0,41
3408,0,41
3980,0,41
5260,0,41
3156,0,41
5026,0,41
2294,0,41
5664,0,41
860,0,42
3541,0,42
5400,0,42
3495,0,42
5656,0,42
2628,0,42
5753,0,42
4926,0,42
212,0,42
642,0,42
5333,0,42
3263,0,42
100,0,42
5905,0,42
4376,0,42
2448,0,42
4238,0,42
5801,0,42
1285,0,42
3915,0,42
4571,0,42
3116,0,42
2066,1,42
3406,0,42
4147,0,42
1808,0,42
4294,0,42
3209,0,42
3056,0,42
2620,0,42
751,0,42
5437,0,42
5621,0,42
5644,0,42
1179,0,42
4466,0,42
2695,0,42
5732,0,42
4311,1,42
3070,1,42
1739,0,42
374,0,42
2849,0,42
3936,0,42
2532,0,42
3071,0,42
2158,0,42
3439,1,42
5807,0,42
5344,0,42
2479,0,42
398,0,42
4098,1,42
5875,0,42
4690,0,42
2854,0,42
2297,0,42
4454,0,42
1316,0,42
1064,0,42
722,0,42
4430,0,42
1169,0,42
621,0,42
1067,0,42
1030,0,42
2777,0,42
4257,0,42
4568,0,42
5160,1,42
5670,0,42
5294,0,42
1146,0,42
3615,0,42
3530,0,42
1482,0,42
5032,0,42
5717,1,42
3279,0,43
3184,0,43
2337,0,43
5969,0,43
3609,0,43
2097,1,43
4077,0,43
5861,0,43
4027,0,43
919,0,43
4628,0,43
542,0,43
3781,0,43
1284,0,43
4326,0,43
1421,0,43
26,0,43
2902,1,43
2058,0,43
4102,0,43
498,0,43
1045,0,43
2538,0,43
1059,0,43
1744,0,43
2906,0,43
1550,0,43
372,0,43
5038,1,43
866,0,43
5955,0,43
707,0,43
3845,0,43
5181,0,43
5452,0,43
2945,1,43
98,1,43
5725,0,43
2138,0,43
1928,0,43
1387,0,43
3597,0,43
4799,1,43
3422,0,43
2599,0,43
5211,0,43
1303,0,43
3004,0,43
4397,1,43
3879,0,43
817,0,43
1283,0,43
2986,0,43
4241,0,43
5195,0,43
1302,0,43
1445,0,43
3529,0,43
4884,0,43
4016,0,43
2686,0,43
5416,0,43
2421,0,43
4011,0,43
5097,0,43
5714,0,43
3464,0,43
3964,0,43
2192,0,43
5510,0,43
5367,0,43
4965,0,43
3503,0,43
988,0,43
4468,0,43
1051,0,43
5381,0,43
4112,0,43
4806,0,43
1205,0,43
1590,0,43
4995,0,43
2617,0,43
5407,0,43
3191,0,43
3210,0,43
4267,0,43
5908,0,43
5693,0,43
2720,4,44
2516,4,44
2737,0,44
111,1,44
5506,4,44
1889,1,44
92,0,44
3052,0,44
4435,0,44
3973,0,44
3165,0,44
2385,0,44
192,0,44
3545,0,44
5395,0,44
572,1,44
1110,0,44
4467,0,44
2754,1,44
2630,0,44
4563,0,44
5163,0,44
4431,1,44
3397,1,44
3834,0,44
4997,0,44
857,0,44
4134,0,44
1806,0,44
4422,0,44
363,0,44
4745,0,44
4640,0,44
1348,0,44
5743,0,44
2471,0,44
550,0,44
5078,0,44
4003,0,44
5817,0,44
594,1,44
2262,0,44
5435,4,44
1069,1,44
4572,0,44
872,0,44
4759,0,44
5890,0,44
5993,0,44
5312,0,44
431,0,44
1587,0,44
592,0,44
838,0,44
5715,0,44
4223,0,44
3871,0,44
548,1,44
2786,0,44
3180,0,44
1575,0,44
5814,0,44
4506,0,44
4723,0,44
4782,0,44
2911,1,44
5271,0,44
2105,0,45
4917,4,45
321,0,45
2847,0,45
5531,0,45
2736,0,45
3780,0,45
5899,0,45
5257,0,45
538,0,45
4807,0,45
1732,0,45
3137,0,45
810,0,45
3296,0,45
71,0,45
4166,1,45
238,0,45
221,0,45
2656,0,45
4985,0,45
987,0,45
4989,0,45
1737,0,45
3441,0,45
3339,1,45
4722,1,45
4858,0,45
4700,0,45
1429,0,45
1102,0,45
4392,0,45
4774,0,45
2968,0,45
1024,0,45
5264,0,45
4832,0,45
4998,0,45
2499,0,45
555,0,45
5684,0,45
3751,1,45
4609,0,45
1706,0,45
3584,0,45
2496,0,45
5831,0,45
5874,0,45
2457,0,45
1353,0,45
2174,0,45
180,0,45
1155,0,45
3108,0,45
5873,0,45
811,0,45
4050,0,45
319,0,45
160,0,45
5346,0,45
3405,0,45
297,0,45
1799,0,45
4775,0,45
3663,0,45
5607,0,45
4175,0,45
874,0,45
406,0,45
1910,0,45
5480,0,45
1342,0,45
1820,0,45
1834,0,46
3704,0,46
2608,0,46
4601,0,46
2261,0,46
1443,0,46
3677,0,46
3377,0,46
1675,0,46
452,0,46
1159,0,46
3355,0,46
2961,0,46
1133,0,46
913,0,46
4381,0,46
4785,0,46
306,0,46
3549,1,46
2545,0,46
4692,0,46
887,0,46
12,0,46
1767,0,46
5824,0,46
4786,0,46
4655,0,46
3328,0,46
5820,0,46
2355,0,46
3197,0,46
4478,0,46
239,0,46
90,0,46
5819,0,46
5322,1,46
789,0,46
2559,0,46
4351,0,46
2702,0,46
5090,0,46
3371,0,46
3141,0,46
5377,0,46
298,0,46
4350,0,46
1519,0,46
2223,0,46
2522,0,46
1573,0,46
3248,0,46
87,0,46
815,0,46
1168,0,46
3147,0,46
5165,1,46
272,0,46
1555,0,46
3221,0,46
4287,0,46
2217,0,46
3794,0,46
5059,0,46
1524,0,46
155,0,46
1497,0,46
252,0,46
3330,1,46
587,0,46
2122,0,46
2571,0,46
4947,0,46
2984,0,46
960,0,46
2349,0,46
5518,0,46
5047,0,46
4530,0,46
167,0,46
1906,0,46
779,0,46
1345,0,46
3755,0,46
5929,1,46
5245,0,46
2937,0,46
467,0,46
5790,0,47
3294,0,47
3473,0,47
4457,0,47
2214,0,47
1242,0,47
5045,0,47
5150,0,47
4174,0,47
3139,0,47
1682,0,47
606,0,47
1670,0,47
3985,0,47
661,0,47
2682,0,47
4860,0,47
5974,0,47
3972,0,47
1261,0,47
917,0,47
3488,0,47
4460,0,47
4606,0,47
2875,0,47
1176,0,47
3606,0,47
246,1,47
3088,0,47
131,0,47
1805,0,47
1881,0,47
1056,0,47
435,0,47
3094,0,47
1540,1,47
5226,0,47
2632,0,47
3115,0,47
1757,0,47
5049,0,47
804,0,47
2336,0,47
921,0,47
3843,0,47
4299,0,47
1781,0,47
5846,1,47
3517,0,47
5251,0,47
4589,0,47
525,0,47
1266,0,47
4121,0,47
4701,0,47
1007,0,47
214,0,47
3282,1,47
2121,0,47
1723,0,47
4829,0,47
4040,0,47
4314,0,47
3933,0,47
1505,0,47
117,0,47
3103,0,47
5235,0,47
1841,0,47
1453,0,47
1770,0,47
1674,0,47
3222,0,47
5943,1,47
1491,0,47
5200,0,47
1484,0,48
5075,0,48
1740,1,48
5126,1,48
5728,0,48
4357,0,48
4795,0,48
2242,0,48
4592,0,48
5332,1,48
2474,0,48
1436,0,48
1000,0,48
4770,0,48
3063,0,48
2056,2,48
5006,1,48
2291,1,48
2765,0,48
4297,0,48
2524,0,48
4053,0,48
4448,0,48
3269,0,48
5982,0,48
2450,0,48
1413,0,48
5546,0,48
5051,0,48
116,0,48
4354,0,48
4312,0,48
4812,0,48
5093,0,48
3061,0,48
1934,0,48
3484,1,48
4549,0,48
4125,0,48
2890,0,48
3927,1,48
2320,0,48
4981,0,48
604,0,48
5216,0,48
5319,0,48
3938,0,48
3268,0,48
880,0,48
2705,0,48
3273,0,48
1842,0,48
5650,4,48
2458,0,48
3096,0,48
1204,0,48
1818,0,48
3278,0,48
2592,0,48
1313,0,48
2049,0,48
1092,0,48
4869,1,48
2184,0,48
1937,0,48
884,0,48
757,0,48
440,0,48
4499,0,48
4263,0,48
5597,0,48
5453,0,48
59,0,48
1493,0,48
1149,1,48
2208,0,48
5800,0,48
2666,0,48
126,0,48
4205,0,48
5398,0,48
3695,0,48
3391,1,49
2266,1,49
2596,1,49
545,0,49
5972,0,49
5147,0,49
5887,0,49
5258,0,49
1366,0,49
5788,0,49
379,0,49
3841,1,49
802,0,49
4978,0,49
4648,0,49
2139,0,49
5069,2,49
250,0,49
2334,0,49
3868,0,49
3474,0,49
5673,0,49
293,0,49
1286,0,49
4031,0,49
518,0,49
3174,1,49
2669,0,49
2857,0,49
5238,0,49
1522,0,49
2490,0,49
1137,1,49
1238,0,49
3344,0,49
5288,0,49
4990,0,49
5745,0,49
3810,0,49
3113,0,49
1426,0,49
2590,0,49
3039,0,49
3661,0,49
3983,0,49
3747,0,49
4526,0,49
4558,0,49
377,0,49
1359,0,49
4172,0,49
1228,1,49
5683,0,49
5080,0,49
5171,0,49
5808,1,49
77,1,49
5994,0,49
5403,0,49
4972,0,49
3360,2,49
61,0,49
1292,0,49
1245,0,49
3718,0,49
2113,0,49
3679,0,49
4269,0,49
2949,0,49
530,0,49
3880,0,49
81,0,49
2136,0,49
547,0,49
4362,1,49
974,0,49
2994,0,49
5285,0,49
4372,0,50
2452,0,50
994,0,50
5320,0,50
4666,3,50
1452,1,50
1113,0,50
4419,0,50
4763,0,50
2077,0,50
4559,0,50
2555,1,50
515,0,50
4461,0,50
3098,0,50
737,0,50
3271,0,50
3021,0,50
2160,0,50
1075,0,50
443,0,50
3502,1,50
2746,0,50
3093,0,50
771,0,50
981,0,50
995,0,50
93,0,50
721,0,50
1709,3,50
5419,0,50
3493,0,50
2873,0,50
1793,0,50
1719,0,50
2178,0,50
3175,0,50
3957,0,50
5479,0,50
918,0,50
174,0,50
584,0,50
5643,1,50
2043,0,50
716,0,50
1611,1,50
5988,0,50
2649,0,50
1494,0,50
2758,0,50
3033,0,50
5303,0,50
4804,0,50
1684,0,50
2529,0,50
136,0,50
635,0,50
5172,0,50
4491,0,50
1751,0,50
3013,0,50
967,0,50
2732,0,50
5132,0,50
2603,0,50
5694,0,50
3896,0,50
2791,0,50
5799,0,50
477,0,51
5065,1,51
5590,0,51
1094,0,51
1312,0,51
4946,0,51
199,0,51
1442,0,51
3670,0,51
4139,0,51
2712,0,51
4676,0,51
1209,0,51
4076,0,51
2470,1,51
5928,0,51
2032,0,51
2494,0,51
94,0,51
4118,0,51
5582,1,51
5901,0,51
4760,0,51
3749,0,51
2207,0,51
177,0,51
4151,1,51
558,0,51
115,0,51
3367,0,51
3250,0,51
5492,0,51
5665,1,51
4090,0,51
768,0,51
1997,1,51
1052,0,51
4969,0,51
3235,0,51
5066,0,51
2415,0,51
2788,0,51
4414,0,51
2709,0,51
5997,0,51
5516,0,51
5064,0,51
2172,1,51
2038,0,51
1492,0,51
5891,0,51
3826,0,51
4854,0,51
4374,0,51
4915,0,51
624,0,51
4846,1,51
648,0,51
4266,0,51
4578,0,51
3347,0,51
4794,0,51
2125,0,51
929,1,51
3689,0,51
2546,0,51
5159,0,51
2568,0,51
4029,0,51
1679,0,51
4289,0,51
152,0,51
5779,0,51
2473,0,51
4733,0,51
5640,0,51
5605,0,51
5031,0,51
1015,0,51
4181,0,51
4483,0,52
3904,0,52
5203,0,52
3466,0,52
2401,0,52
4433,0,52
2070,0,52
4509,0,52
4043,0,52
709,0,52
4410,0,52
1072,0,52
5833,0,52
4598,0,52
3790,0,52
1944,0,52
1346,0,52
1223,0,52
1951,0,52
5722,0,52
5829,1,52
2200,0,52
4437,0,52
808,0,52
1251,0,52
4256,0,52
4364,0,52
420,0,52
3694,0,52
3122,0,52
4128,0,52
4063,0,52
4363,0,52
2995,0,52
1643,1,52
4675,0,52
2506,0,52
416,0,52
2034,0,52
5903,1,52
2440,0,52
1400,0,52
738,0,52
3907,0,52
2244,4,52
4332,0,52
3413,0,52
5574,0,52
5850,0,52
2676,0,52
3130,0,52
1783,0,52
2222,0,52
4006,0,52
4167,0,52
76,0,52
4865,0,52
4597,0,52
1404,0,52
1504,0,52
992,0,52
4482,0,52
3211,0,52
3104,0,52
1354,0,52
3982,0,52
3298,0,52
4608,0,52
5762,0,52
2026,0,52
5187,1,52
4425,0,52
1143,0,52
3086,0,52
2510,0,53
2526,0,53
5977,0,53
4170,0,53
1708,0,53
2671,0,53
4833,0,53
23,0,53
1963,0,53
4428,0,53
1835,0,53
129,0,53
729,0,53
185,0,53
3978,0,53
2573,0,53
4529,0,53
1749,1,53
2365,0,53
4689,0,53
5731,0,53
1989,0,53
4611,1,53
5505,0,53
2444,0,53
216,0,53
5010,0,53
3934,0,53
3989,0,53
4489,0,53
5554,0,53
3540,0,53
4709,0,53
3434,1,53
2699,0,53
2781,0,53
2002,1,53
2338,0,53
1293,0,53
4225,0,53
735,4,53
5702,0,53
1382,0,53
4249,0,53
5965,0,53
479,0,53
4244,0,53
417,1,53
4051,0,53
2642,0,53
949,0,53
2109,0,53
3848,0,53
3428,0,53
2922,0,53
2663,0,53
2910,0,53
3995,0,53
5557,0,53
2229,0,53
1525,1,53
205,0,53
3716,0,53
3253,0,53
159,0,53
2255,0,53
168,0,53
4502,0,53
4827,0,53
5596,0,53
22,0,53
5445,0,53
607,0,53
1927,0,53
5183,0,53
3450,0,53
2177,1,53
3163,0,53
969,0,53
936,0,53
1112,0,53
3672,0,53
5789,0,53
636,0,53
1539,0,53
3917,0,53
1297,0,54
220,0,54
5544,0,54
3539,0,54
2644,0,54
3307,0,54
5133,0,54
3178,1,54
3149,0,54
4522,0,54
4872,0,54
327,0,54
4475,0,54
5467,0,54
3402,0,54
5015,0,54
669,1,54
4069,0,54
1722,0,54
5705,0,54
3766,0,54
1968,0,54
4268,0,54
2701,0,54
899,0,54
4591,1,54
4888,0,54
3613,0,54
4239,0,54
5499,0,54
5396,0,54
5311,0,54
4442,0,54
5942,0,54
2078,0,54
3044,0,54
5564,0,54
1409,0,54
3955,0,54
2031,0,54
4677,0,54
4665,1,54
3987,0,54
2698,0,54
3036,0,54
618,0,54
4114,0,54
1240,0,54
3819,0,54
5780,0,54
2833,1,54
3519,0,54
3783,0,54
2870,0,54
3075,0,54
3913,0,54
828,0,54
2850,0,54
101,0,54
44,0,54
2169,0,54
3510,0,54
5839,0,54
2518,0,54
4721,0,54
4934,0,54
1516,0,54
3966,0,54
4211,0,54
1287,0,54
1163,0,54
4111,0,54
4013,0,54
1018,0,54
5326,0,54
4748,0,54
3782,4,55
3236,0,55
5775,0,55
5309,0,55
402,4,55
5758,0,55
1544,0,55
5358,1,55
3744,0,55
3354,0,55
801,0,55
4072,0,55
4727,0,55
853,0,55
4395,0,55
383,0,55
2637,0,55
4587,1,55
985,0,55
1908,0,55
732,0,55
3324,0,55
3719,0,55
1775,1,55
4409,0,55
4658,1,55
4149,0,55
2030,0,55
4935,0,55
4477,0,55
241,0,55
3005,0,55
1422,0,55
3688,1,55
4156,0,55
708,0,55
1196,0,55
4207,0,55
3895,0,55
381,0,55
3893,0,55
2991,0,55
847,0,55
1533,4,55
4711,0,55
1084,0,55
2722,0,55
1977,0,55
1886,0,55
1867,0,55
5428,0,55
3865,0,55
2374,1,55
3665,0,55
1664,0,55
4371,0,55
2141,0,55
4022,0,55
4349,0,55
4300,0,55
4235,0,55
5937,0,55
2373,0,55
5858,0,55
3196,0,55
3454,0,55
3669,0,55
1327,0,55
2298,0,55
169,0,55
3823,0,55
1852,0,55
385,0,55
5623,0,55
1433,0,55
4671,0,55
4537,1,55
2831,0,55
3604,0,55
146,0,55
3142,0,55
1570,0,55
2629,0,56
2901,0,56
3362,0,56
1868,0,56
4710,0,56
4867,0,56
671,0,56
4021,0,56
3564,1,56
4679,0,56
5406,0,56
3678,0,56
1440,0,56
386,0,56
1660,0,56
5636,0,56
608,0,56
4818,0,56
4945,0,56
5206,0,56
5425,0,56
3624,0,56
2347,0,56
2853,0,56
125,1,56
773,0,56
657,1,56
5561,0,56
537,0,56
4546,0,56
5212,0,56
1307,0,56
5098,0,56
258,0,56
4747,0,56
4084,0,56
3087,1,56
110,0,56
332,0,56
2478,0,56
4877,0,56
67,0,56
4144,0,56
2087,0,56
3862,0,56
5152,0,56
73,1,56
5540,0,56
640,1,56
926,0,56
1097,0,56
643,0,56
5504,0,56
3824,0,56
1850,0,56
2680,0,56
566,0,56
3590,0,56
4154,0,56
5157,0,56
3465,0,56
4961,0,56
670,0,56
3803,1,56
3732,0,56
4129,0,56
865,1,56
4453,0,56
3384,0,56
4889,1,56
4684,0,56
2151,0,56
1532,0,56
3812,0,56
5519,0,56
546,1,56
2443,0,56
3050,0,56
2749,1,57
5430,1,57
4927,0,57
1317,0,57
197,0,57
53,0,57
1272,0,57
5633,0,57
3455,0,57
5359,0,57
1340,0,57
1592,1,57
3742,1,57
15,0,57
3315,0,57
5274,1,57
1073,0,57
4967,0,57
834,0,57
3379,0,57
4659,0,57
4056,0,57
3567,0,57
3227,0,57
3612,0,57
270,0,57
4488,0,57
3536,0,57
563,1,57
4768,0,57
973,0,57
5495,0,57
1855,0,57
4696,0,57
1985,1,57
2067,0,57
2661,0,57
1860,0,57
5834,0,57
2808,0,57
5410,0,57
876,0,57
3372,1,57
3154,0,57
1632,0,57
4960,0,57
774,0,57
2924,0,57
1509,0,57
2299,1,57
5284,0,57
3844,0,57
2542,0,57
3257,0,57
2776,0,57
2331,0,57
1614,0,57
337,0,57
2556,0,57
2815,0,57
5950,0,57
633,0,57
4436,0,57
5362,0,57
2225,0,57
4515,0,57
2955,0,57
5763,0,57
266,1,57
2377,0,57
1680,0,57
1486,0,57
348,0,57
3923,0,57
390,0,57
3468,0,57
4420,0,57
687,1,57
2426,0,57
4140,0,57
4198,0,57
3305,0,57
2896,0,57
3662,0,57
5895,0,57
3058,0,57
3918,0,57
4698,0,57
4810,0,57
4055,0,57
4714,1,58
3161,1,58
182,0,58
4303,1,58
1531,0,58
3173,0,58
4092,0,58
1630,1,58
585,0,58
5584,0,58
4402,0,58
4097,0,58
2679,1,58
315,0,58
971,0,58
3565,0,58
370,0,58
1736,0,58
3822,1,58
703,0,58
2492,0,58
3123,0,58
5369,0,58
5421,0,58
5571,0,58
2604,0,58
4528,0,58
4886,0,58
2433,0,58
4514,0,58
5053,0,58
3144,0,58
2341,0,58
5692,0,58
10,0,58
5448,0,58
5925,0,58
4772,0,58
4470,1,58
3866,0,58
3477,0,58
2657,0,58
823,0,58
3029,0,58
5951,1,58
2797,0,58
2655,0,58
5336,0,58
2108,0,58
57,0,58
1369,0,58
4307,0,58
1954,0,58
4741,0,58
2384,0,58
2324,0,58
1668,0,58
2268,0,58
38,0,58
5249,2,58
434,0,58
2371,0,58
4815,0,58
1647,0,58
4719,0,58
2237,0,58
3382,0,58
5952,0,58
3476,0,58
1933,0,58
2263,1,58
4983,0,58
3297,0,58
1873,0,58
654,0,58
1135,1,58
1562,0,58
2813,0,58
5550,0,58
723,1,58
2065,0,58
3633,0,58
2256,0,58
3535,0,58
3776,0,58
5162,0,58
1810,0,58
3898,0,59
422,0,59
5074,0,59
5923,0,59
312,0,59
4276,0,59
3394,0,59
5486,0,59
3366,0,59
1762,0,59
2439,0,59
1449,0,59
3908,0,59
5660,1,59
2152,0,59
5501,0,59
291,0,59
536,0,59
1361,0,59
2007,0,59
3375,0,59
3152,0,59
3424,1,59
4126,1,59
4863,0,59
1129,0,59
4485,0,59
5598,0,59
5335,0,59
5471,0,59
263,0,59
829,0,59
5738,0,59
1001,0,59
1654,0,59
4150,0,59
5785,0,59
1641,0,59
5370,0,59
5720,1,59
4415,0,59
5278,0,59
2431,1,59
5878,0,59
3959,0,59
2430,0,59
3667,0,59
2395,0,59
2942,0,59
925,0,59
5710,0,59
5182,0,59
4740,0,59
5696,1,59
4195,0,59
3876,0,59
3557,0,59
897,0,59
4999,0,59
4162,0,59
3259,0,59
3902,0,59
2350,0,59
1220,0,59
2011,0,59
2566,0,59
4779,0,59
799,0,59
1792,0,59
3342,3,60
2921,0,60
4843,0,60
4382,0,60
5301,0,60
277,0,60
5669,0,60
5791,3,60
788,0,60
3847,0,60
3771,0,60
4346,0,60
4570,0,60
5625,0,60
4851,0,60
1707,0,60
4533,0,60
261,0,60
2185,0,60
2300,0,60
786,0,60
5317,0,60
2462,0,60
1423,0,60
5474,0,60
4610,0,60
3034,0,60
1984,0,60
1454,0,60
626,0,60
1119,0,60
4831,0,60
4963,0,60
5488,0,60
1588,0,60
3986,0,60
3699,0,60
2134,1,60
4842,0,60
5349,0,60
712,0,60
423,1,60
3725,1,60
2016,0,60
1685,0,60
1322,0,60
5647,0,60
119,0,60
1006,0,60
1756,0,60
2311,0,60
3646,1,60
505,0,60
2345,0,60
2181,0,60
4581,0,60
4688,0,60
2520,0,60
1237,0,60
5497,0,60
1466,0,60
4987,0,60
2434,0,60
5639,0,60
5524,0,60
4955,0,60
532,0,60
1134,0,60
482,0,60
3364,0,60
3887,0,60
5412,0,60
5529,0,60
1299,0,60
1636,0,60
4800,0,60
4067,1,60
1040,0,60
5934,0,60
409,4,61
5169,2,61
2517,2,61
4071,0,61
612,2,61
3223,0,61
790,0,61
1593,0,61
961,0,61
3277,0,61
5882,0,61
4870,0,61
4062,0,61
1998,0,61
1061,0,61
3185,0,61
3011,0,61
2455,0,61
4388,0,61
2970,0,61
4251,0,61
2771,2,61
2142,0,61
1856,0,61
617,0,61
1171,0,61
2687,0,61
3870,0,61
2333,0,61
3370,0,61
40,0,61
4044,0,61
2063,0,61
2157,0,61
5637,0,61
1186,0,61
906,0,61
2235,0,61
4952,0,61
1389,0,61
393,0,61
4564,0,61
1357,0,61
5063,0,61
1039,0,61
2574,0,61
2742,0,61
3266,0,61
1384,0,61
2651,1,61
2148,0,61
1290,0,61
3738,0,61
3333,0,61
2764,0,61
1981,0,61
5606,0,61
5000,0,61
3006,1,61
3680,0,61
889,0,61
539,0,61
3873,0,61
892,0,61
3320,0,61
4168,0,61
310,1,61
2025,0,61
1300,0,61
350,0,61
1869,0,61
935,0,61
524,0,61
3449,0,61
2933,0,61
4713,0,61
2104,0,61
448,0,61
2339,0,62
5821,0,62
3643,0,62
4434,0,62
4897,0,62
2691,0,62
5261,1,62
5067,0,62
3314,0,62
122,0,62
1712,0,62
3673,0,62
561,1,62
4048,0,62
2,0,62
3199,0,62
4327,3,62
5498,0,62
3743,0,62
2714,0,62
879,0,62
3335,0,62
1470,0,62
2187,0,62
3768,0,62
854,0,62
5989,0,62
5254,0,62
5487,0,62
3338,0,62
5025,0,62
5980,0,62
2639,0,62
2042,0,62
3994,0,62
1639,0,62
218,0,62
1385,0,62
1605,0,62
5174,0,62
4942,0,62
5547,0,62
164,0,62
2130,0,62
5290,0,62
3066,0,62
2646,0,62
1166,0,62
4317,0,62
3753,0,62
4871,0,62
3714,0,62
4413,0,62
2485,0,62
1485,3,62
2606,0,62
5089,0,62
2509,0,62
2210,0,62
3892,0,62
3999,0,62
1815,0,63
1090,0,63
2310,0,63
553,0,63
2744,0,63
5588,0,63
5503,0,63
4390,0,63
50,0,63
4458,0,63
1701,0,63
780,0,63
3427,0,63
4667,1,63
3308,0,63
1349,0,63
1183,0,63
5663,0,63
1526,0,63
2948,0,63
5645,0,63
4439,0,63
3202,4,63
1872,0,63
1352,0,63
1909,0,63
2370,0,63
4405,0,63
2674,0,63
5208,0,63
4691,0,63
2971,0,63
4557,1,63
3813,0,63
4943,0,63
3608,0,63
4839,0,63
5867,0,63
2843,1,63
309,0,63
450,0,63
4620,0,63
1098,0,63
2552,0,63
1298,0,63
5755,0,63
1971,0,63
3550,0,63
3951,0,63
1190,0,63
5253,0,63
5930,0,63
2886,0,63
2547,0,63
3101,0,63
1698,0,63
765,1,63
1,0,63
1564,1,63
2309,0,63
2018,0,63
1511,0,63
5217,0,63
3437,0,63
3827,0,63
2821,0,63
4938,0,63
376,0,64
3373,3,64
813,0,64
3675,0,64
5306,0,64
5699,4,64
2824,0,64
5679,0,64
2143,0,64
1213,0,64
427,0,64
4614,0,64
2643,0,64
3218,0,64
3578,0,64
2045,1,64
1291,0,64
4637,0,64
4,0,64
5111,0,64
3724,0,64
1608,0,64
3577,0,64
3109,0,64
2257,0,64
4958,0,64
1905,1,64
5115,0,64
3404,0,64
2723,0,64
1478,0,64
5158,1,64
4905,0,64
4099,0,64
54,0,64
952,0,64
1080,0,64
4776,0,64
4449,0,64
4253,0,64
237,0,64
901,0,64
3795,0,64
1529,0,64
3666,0,64
3329,0,64
2689,0,64
4106,0,64
4853,0,64
5517,0,64
5631,0,64
323,0,64
5270,0,64
5845,0,64
798,0,64
331,0,64
3858,0,64
4103,0,64
1785,0,64
2819,0,64
444,0,64
2841,0,64
3031,0,64
2445,0,64
2760,0,64
5239,0,64
5708,0,64
4993,2,64
5538,0,64
3518,0,64
2790,0,64
1199,0,64
1188,0,64
5401,0,64
2774,0,64
240,0,64
2170,0,64
1582,1,64
3309,0,64
3043,0,64
1057,0,64
3701,0,64
4192,0,64
852,0,64
5179,0,64
5027,0,64
3358,0,64
4247,0,64
1993,0,64
1687,0,64
2979,0,64
911,0,64
3919,0,64
2287,0,64
3054,0,64
5455,0,64
2763,1,64
4901,0,64
333,0,64
2279,0,64
3228,0,65
1778,0,65
445,0,65
5672,1,65
161,0,65
1405,0,65
2212,0,65
3183,1,65
1105,0,65
1538,0,65
4674,0,65
2668,0,65
5204,0,65
4822,0,65
4649,1,65
795,0,65
2173,0,65
4761,0,65
2127,0,65
3327,0,65
4352,0,65
5940,0,65
2292,0,65
5716,0,65
4226,0,65
2748,0,65
5840,0,65
2316,1,65
139,0,65
4480,0,65
2811,0,65
2563,0,65
1362,0,65
1459,0,65
2196,0,65
2653,0,65
2124,0,65
4561,0,65
4280,0,65
4273,0,65
1187,0,65
3127,0,65
3119,0,65
1046,0,65
5035,0,65
4540,0,65
1702,0,65
1742,0,65
172,0,65
970,0,65
1481,0,65
5721,0,65
5224,0,65
5048,0,65
4009,0,65
2761,0,65
4902,0,65
3060,0,65
3212,0,65
1364,0,65
2575,0,65
5037,0,65
5632,0,65
3100,0,65
4678,1,65
5759,0,65
1878,0,65
5690,0,65
741,0,65
573,0,65
5321,0,65
5155,1,65
3482,0,65
4209,0,65
449,0,65
2189,0,65
5682,1,65
3736,0,65
1259,0,65
3064,0,65
5007,0,65
5726,0,65
4041,0,66
3632,0,66
5810,0,66
4767,0,66
1338,0,66
4823,1,66
4585,0,66
3135,0,66
4173,0,66
5671,0,66
3546,0,66
2278,0,66
4171,0,66
2826,0,66
4652,0,66
5411,0,66
1365,1,66
743,0,66
696,0,66
3593,0,66
644,0,66
5849,0,66
4672,1,66
4910,0,66
4079,0,66
4024,0,66
5772,0,66
4726,0,66
105,0,66
5356,0,66
4641,0,66
5394,0,66
4163,0,66
1288,0,66
2281,0,66
1795,0,66
3293,0,66
2917,0,66
2446,4,66
5768,0,66
579,0,66
4330,0,66
1212,0,66
5847,0,66
2282,0,66
955,0,66
16,0,66
2014,0,66
2675,0,66
1194,0,66
5961,0,66
4272,0,66
488,0,66
1350,0,66
5737,0,66
1946,0,66
836,0,66
4805,0,66
251,0,66
1576,0,66
1921,0,66
3414,0,66
135,0,66
204,0,66
5668,0,66
5221,0,66
1720,0,66
4007,0,66
474,0,66
1439,1,66
4656,0,66
613,0,66
1579,0,67
97,1,67
5576,0,67
1541,0,67
2779,0,67
870,0,67
5145,0,67
4389,0,67
366,0,67
1278,0,67
2239,0,67
5,1,67
5431,0,67
1642,0,67
4208,0,67
945,0,67
5102,1,67
733,0,67
2562,0,67
4227,0,67
1623,0,67
4504,0,67
3723,0,67
2876,0,67
2969,0,67
4878,1,67
215,0,67
2851,0,67
511,0,67
5131,1,67
5265,0,67
4705,0,67
5241,0,67
5227,0,67
3638,0,67
912,0,67
4573,0,67
5674,0,67
2343,0,67
4380,0,67
5186,0,67
5196,0,67
4320,0,67
4341,0,67
1258,0,67
4342,0,67
1514,0,67
4821,0,67
4045,0,67
5532,1,67
2554,0,67
1853,0,67
2248,1,67
3970,0,67
3481,0,67
5156,0,67
747,0,67
3931,1,67
3198,1,67
556,0,67
4310,0,67
571,0,67
3628,1,67
5144,0,67
2251,0,67
4075,0,67
3022,0,67
4844,0,67
3074,0,67
4536,0,67
1022,0,67
2106,0,67
4918,0,67
3622,0,67
1734,0,67
5600,0,67
3799,0,67
5475,0,67
1192,0,67
3949,0,67
485,0,67
36,0,67
3009,2,68
2475,0,68
4975,2,68
1180,0,68
2437,0,68
173,0,68
1301,0,68
1501,0,68
1626,0,68
2512,0,68
63,0,68
5383,1,68
1784,0,68
1508,0,68
2783,0,68
4164,1,68
1797,0,68
3547,0,68
5297,0,68
1265,1,68
5387,1,68
5747,0,68
3304,0,68
2035,0,68
2852,0,68
2530,0,68
1790,0,68
42,0,68
3489,0,68
4365,0,68
2488,0,68
2024,0,68
2622,0,68
2353,0,68
4893,0,68
4061,0,68
2579,0,68
480,1,68
809,1,68
418,0,68
718,0,68
3171,0,68
1916,0,68
3758,0,68
2361,0,68
1552,0,68
1341,0,68
3264,1,68
436,0,68
1618,0,68
2220,0,68
4531,0,68
4451,0,68
5232,0,68
3851,0,68
3389,0,68
1332,0,68
5004,0,68
1154,0,68
2489,0,68
3107,0,68
1904,0,68
730,0,68
2931,0,68
3090,0,68
5018,1,68
793,0,68
4203,0,68
1142,0,68
1432,0,68
996,0,69
307,0,69
3000,0,69
5112,0,69
2834,0,69
3160,0,69
3069,0,69
4291,0,69
5084,1,69
5555,0,69
5909,0,69
4891,0,69
3759,0,69
3326,0,69
3757,0,69
1269,0,69
1692,1,69
4218,0,69
5806,0,69
1935,0,69
5072,0,69
3242,0,69
5613,0,69
5225,0,69
3809,0,69
4887,0,69
1256,0,69
3049,0,69
1314,1,69
5299,0,69
2806,0,69
3588,0,69
1328,0,69
3568,0,69
2978,0,69
5573,0,69
1832,0,69
5124,0,69
2939,0,69
3526,0,69
2909,0,69
4093,0,69
4116,0,69
4646,0,69
668,0,69
3928,0,69
4724,1,69
2570,0,69
1635,0,69
1624,0,69
1877,0,69
5514,0,69
470,0,69
3602,0,69
1551,0,69
5560,0,69
3958,0,69
5255,0,69
2835,0,69
1761,0,69
2912,0,69
3785,0,69
5447,0,69
235,0,69
1938,1,69
3232,1,69
3634,0,69
1826,0,69
4895,0,69
898,0,69
4813,0,69
4492,0,69
1962,0,69
4627,0,69
3323,0,69
4771,0,69
2981,1,69
3693,0,69
3820,1,69
1444,0,69
300,0,69
2623,0,69
4417,0,69
1653,0,69
361,3,70
1309,3,70
3524,0,70
907,0,70
1830,1,70
2480,0,70
18,0,70
3431,0,70
2928,1,70
5046,0,70
1900,0,70
510,1,70
1765,1,70
4141,0,70
4039,0,70
5013,0,70
5153,1,70
4473,0,70
5649,0,70
822,0,70
2126,3,70
1310,0,70
3542,0,70
4185,0,70
70,0,70
2752,0,70
4541,0,70
4920,0,70
2408,0,70
3618,0,70
1020,0,70
4607,0,70
5609,0,70
108,0,70
1983,1,70
2380,0,70
5830,0,70
2868,0,70
2019,0,70
207,0,70
1995,0,70
2944,0,70
1396,1,70
137,0,70
5148,0,70
2344,0,70
5030,0,70
4153,1,70
1669,0,70
4196,0,70
622,0,70
2923,0,70
4190,0,70
4664,4,70
4850,0,70
1637,0,70
528,0,70
1219,0,70
1068,0,70
3472,0,70
5001,0,70
957,0,70
631,0,70
3500,0,70
245,0,70
364,0,70
5565,1,70
3558,0,70
5451,0,70
5371,0,70
4199,0,70
3082,0,70
60,0,70
1696,0,70
5329,0,70
2756,0,70
4250,1,70
3002,0,70
4586,0,70
1589,0,71
693,0,71
1139,0,71
2156,0,71
5688,0,71
831,0,71
35,0,71
2892,0,71
4325,0,71
5350,0,71
753,1,71
4830,0,71
3076,0,71
4315,0,71
2091,0,71
465,0,71
4124,0,71
2335,0,71
5109,0,71
1609,0,71
5634,0,71
4260,0,71
5567,0,71
3760,0,71
109,0,71
5384,0,71
4191,0,71
806,0,71
3195,0,71
5827,0,71
1214,0,71
1428,1,71
2402,0,71
5730,0,71
1233,0,71
5856,0,71
62,0,71
5352,0,71
4295,0,71
965,0,71
55,0,71
2240,0,71
4368,1,71
2383,0,71
1673,3,71
3243,0,71
5263,0,71
2938,0,71
5096,0,71
1717,0,71
2809,0,71
5388,0,71
2993,0,71
840,0,71
2284,0,71
5314,0,71
2611,0,71
5463,1,71
2027,0,71
2398,0,71
720,0,71
3337,0,71
526,1,71
820,1,71
3179,1,71
4694,1,71
1861,0,71
2128,0,71
986,1,71
1939,0,71
2856,2,72
5310,0,72
5092,0,72
3189,0,72
2508,0,72
4512,0,72
3505,0,72
3203,0,72
5295,0,72
133,1,72
5611,0,72
4890,0,72
3784,2,72
3487,1,72
1178,0,72
1210,0,72
3169,0,72
4292,0,72
2198,1,72
4426,0,72
1081,0,72
5494,0,72
1399,0,72
4101,0,72
3313,0,72
5837,0,72
1446,0,72
4201,0,72
5493,0,72
2414,0,72
1160,0,72
2614,0,72
3188,0,72
2004,0,72
3452,0,72
1461,0,72
3162,0,72
5658,0,72
3306,0,72
4275,1,72
3334,1,72
2936,0,72
3120,0,72
351,0,72
752,0,72
5385,0,72
1087,0,72
5277,0,72
1545,0,72
5280,0,72
3445,0,72
317,0,72
5110,0,72
4386,1,72
3001,1,72
296,0,72
937,0,72
3867,0,72
3351,1,72
3926,0,72
5234,0,72
1782,0,72
1840,0,73
5373,0,73
4465,0,73
2583,0,73
3939,0,73
3532,1,73
3099,0,73
4941,0,73
869,0,73
2558,0,73
5347,0,73
3686,0,73
833,0,73
1467,0,73
891,0,73
145,0,73
1236,0,73
3492,0,73
4519,0,73
930,0,73
2110,0,73
4857,0,73
3316,0,73
3676,3,73
763,1,73
1243,1,73
1870,0,73
82,3,73
767,1,73
2840,0,73
2089,0,73
2548,0,73
2381,0,73
3850,0,73
1566,0,73
130,0,73
19,0,73
5409,0,73
2179,0,73
534,0,73
760,0,73
4639,0,73
3698,0,73
5215,0,73
5734,0,73
5060,0,73
2838,0,73
299,0,73
5404,0,73
2523,0,73
3992,0,73
5689,0,73
5742,0,73
3592,1,73
5068,0,73
4847,0,73
4543,1,73
5666,0,73
64,0,73
2648,1,73
3885,0,73
178,0,73
2804,0,73
3521,0,73
430,0,73
4567,0,73
3707,0,73
1957,0,73
5273,0,73
5868,0,73
5995,0,73
2425,0,73
2375,0,73
3727,0,73
1966,0,73
2327,4,73
3637,0,73
209,0,73
2739,0,73
1289,0,73
4316,0,73
4523,0,73
1768,0,73
20,0,73
1894,0,73
343,0,73
5062,0,73
78,0,74
5917,0,74
190,1,74
5476,0,74
2667,0,74
2987,0,74
5009,0,74
2784,0,74
5095,0,74
845,4,74
5088,0,74
3280,0,74
3603,0,74
4903,0,74
4859,0,74
3374,0,74
4221,0,74
2363,0,74
5086,0,74
650,0,74
3754,0,74
4429,0,74
3814,0,74
552,0,74
3111,0,74
1648,0,74
4014,0,74
746,0,74
632,0,74
706,0,74
4375,0,74
5729,0,74
5161,0,74
4866,0,74
3166,0,74
1189,0,74
3283,0,74
514,0,74
3929,0,74
4064,0,74
4423,1,74
4336,1,74
993,0,74
3664,0,74
4547,0,74
2700,0,74
5456,0,74
4617,0,74
3181,0,74
3552,0,74
3551,0,74
5906,0,74
5214,0,74
2436,0,74
2036,0,74
1746,0,74
4258,0,74
5283,1,74
1410,0,74
2935,0,74
527,0,74
3079,0,74
1071,0,74
5342,0,74
649,0,74
782,0,74
5256,0,74
3255,0,74
2054,0,74
2313,0,74
5223,0,74
4132,0,74
4986,1,74
2118,0,74
4604,0,74
1883,0,74
2654,0,74
2842,0,74
3697,0,74
3968,0,74
3003,0,74
950,0,74
659,0,75
2194,0,75
1851,0,75
580,0,75
559,0,75
4304,0,75
3226,0,75
3647,0,75
5231,0,75
5842,0,75
453,0,75
5154,0,75
2163,0,75
3684,0,75
69,0,75
248,0,75
2305,0,75
3380,0,75
1231,0,75
881,1,75
1622,1,75
1945,0,75
4590,0,75
4367,0,75
5739,0,75
5033,0,75
5083,0,75
1922,0,75
4206,0,75
3635,0,75
4259,1,75
5168,0,75
3729,1,75
3874,0,75
2074,0,75
4213,0,75
5897,0,75
685,0,75
1745,0,75
495,0,75
3804,0,75
3302,0,75
3560,0,75
5822,0,75
944,1,75
4751,0,75
1383,0,75
217,0,75
4471,0,75
4542,0,75
2974,0,75
3463,0,75
5233,0,75
3170,0,75
871,0,75
1101,0,75
5802,1,75
2037,0,75
5022,0,75
2894,0,75
4486,0,75
3630,0,75
3128,1,75
5910,0,75
3390,0,75
5936,0,75
4849,0,75
13,0,75
2386,0,75
4712,0,75
439,0,75
698,0,75
4104,0,75
5904,0,75
2495,0,76
2447,0,76
2577,0,76
5614,0,76
1697,0,76
3974,0,76
4248,1,76
4599,0,76
726,0,76
227,0,76
1798,0,76
615,0,76
4653,0,76
3894,0,76
5042,0,76
138,0,76
1556,0,76
3787,0,76
3946,0,76
3479,0,76
3059,0,76
1414,1,76
2904,0,76
2476,0,76
3828,0,76
3511,1,76
247,0,76
1438,0,76
3911,0,76
3589,0,76
5415,0,76
2958,0,76
3089,0,76
5434,0,76
5528,0,76
1652,0,76
268,0,76
5592,0,76
4026,0,76
2464,0,76
3798,0,76
745,0,76
5757,0,76
2466,0,76
1156,0,76
4265,0,76
3295,0,76
598,0,76
4743,0,76
4516,0,76
1347,0,76
1891,0,76
968,0,76
1917,1,76
2119,0,76
4909,0,76
2685,0,76
68,0,76
5900,0,76
2822,0,76
3114,0,76
675,0,76
611,0,76
772,0,76
4262,1,76
769,0,76
3433,1,76
5620,1,76
5718,0,76
5473,0,76
5465,0,76
2999,0,76
1661,0,76
320,0,76
1096,0,76
2977,0,76
1027,0,76
3561,1,76
3625,0,76
3702,0,76
4308,0,76
5348,1,76
1424,0,76
1731,2,82
5243,1,98
4991,0,107
3205,4,111
186,1,112
2107,1,118
3687,1,119
2602,0,120
2636,0,120
2766,3,146
2580,2,167
3078,0,168
326,1,173
5635,1,179
1182,0,181
1447,0,229
3779,1,238
3363,1,240
242,0,242
1716,1,299
1591,1,301
4643,1,360
5769,1,362
5932,1,421
1244,3,891
5143,0,946
1125,3,952
5979,0,1007
1247,3,1013
1816,0,1068
5933,1,1105
647,0,1129
5393,1,1166
1239,0,1190
4868,1,1226
844,0,1251
1339,1,1286
4852,0,1311
3836,1,1347
851,0,1372
3706,1,1408
593,0,1433
464,1,1468
4798,0,1493
4443,1,1528
5803,0,1554
4142,1,1589
5485,0,1615
3126,1,1650
5327,0,1675
3490,1,1710
3857,0,1735
667,1,1770
888,0,1796
3110,1,1830
4379,0,1857
118,1,1891
3038,0,1917
1495,1,1952
3733,0,1978
5578,1,2012
5662,0,2038
522,1,2073
3965,0,2098
2323,1,2134
1138,0,2159
5781,1,2195
1515,0,2220
2549,1,2256
1688,0,2281
4787,1,2316
5877,0,2341
3206,1,2377
4384,0,2401
5991,1,2437
2799,0,2462
163,1,2498
5014,0,2523
232,1,2558
5052,0,2584
5866,1,2618
4619,0,2644
1207,1,2679
2745,1,2740
3906,1,2801
5956,1,2862
2683,1,2923
4343,1,2984
2951,1,3044
3905,1,3105
638,1,3165
964,1,3226
2382,1,3287
2867,1,3348
5704,1,3408
704,1,3469
5962,1,3529
5691,1,3589
2427,1,3650
5654,1,3711
