40,3,0
56,3,0
78,3,0
107,3,0
456,3,0
564,3,0
574,3,0
661,3,0
662,3,0
751,3,0
827,3,0
847,3,0
879,4,0
928,4,0
1017,4,0
1146,4,0
1233,4,0
1244,4,0
1257,4,0
1608,4,0
1643,4,0
1658,4,0
1770,4,0
2012,4,0
2024,0,0
2036,4,0
2125,4,0
2171,0,0
2176,0,0
2186,0,0
2191,0,0
2207,0,0
2323,0,0
2333,0,0
2336,0,0
2457,4,0
2552,0,0
2668,1,0
2800,1,0
2845,1,0
3067,0,0
3125,1,0
3250,1,0
3392,1,0
3534,1,0
3592,1,0
3880,1,0
4032,1,0
4150,1,0
4152,1,0
4260,1,0
4435,1,0
4462,2,0
4641,2,0
4699,2,0
4815,2,0
4894,2,0
4896,2,0
4912,2,0
4926,2,0
4951,2,0
4976,2,0
5015,2,0
5017,2,0
5142,2,0
5144,2,0
5726,2,0
6144,0,0
6863,2,0
6290,2,1
1710,0,1
3478,4,1
6096,1,1
31,0,2
1047,3,2
4015,2,2
5807,0,2
2774,0,3
4335,0,3
6000,0,3
1718,0,3
5161,0,3
1381,0,3
2712,4,3
4981,4,3
1072,4,3
3749,0,3
1873,4,3
1025,4,3
6629,2,4
5735,0,5
2362,0,5
5438,0,5
3887,0,5
6928,0,5
1491,0,5
6072,0,5
4265,0,5
393,0,5
4601,4,5
6901,4,5
50,0,5
5028,4,5
438,4,5
1028,4,5
1237,4,5
6123,4,5
5732,4,5
72,4,5
3373,0,5
4505,4,6
1058,3,8
5931,3,8
537,3,8
2607,3,8
13,3,8
5767,3,8
2393,3,8
1662,3,8
1312,3,8
4356,3,8
4669,1,9
5133,1,9
6745,1,9
2026,1,9
6133,1,9
2989,1,9
3684,1,9
6750,1,9
2912,1,9
3651,1,9
3282,4,9
1520,1,9
480,4,9
3323,4,9
2190,4,9
558,4,9
6526,4,9
84,1,9
2158,4,9
3075,4,9
5370,0,10
2203,0,10
4151,0,10
1782,0,10
5324,3,11
4308,0,11
4557,0,11
6756,4,11
5955,0,11
1749,4,11
65,4,11
905,4,11
3567,1,11
5393,3,11
6294,0,11
6857,3,11
835,4,12
952,4,12
3482,2,12
5082,1,12
6749,4,13
6880,4,14
6531,4,14
2467,4,14
6008,2,14
1907,2,14
649,2,14
121,2,14
6908,2,14
1372,2,14
2525,2,14
2796,2,14
1962,2,14
4761,3,14
370,2,16
1502,4,17
1143,4,17
6508,4,17
1145,4,17
3433,4,17
787,4,17
5808,1,17
5886,1,20
5417,1,20
5673,1,20
634,1,20
6800,1,20
1307,1,20
6754,1,20
2699,1,20
1208,3,20
5621,3,20
2560,1,20
2727,3,20
1346,3,20
3588,3,20
2337,3,20
1430,3,20
1375,3,20
5426,3,20
2829,3,20
3226,1,20
4303,3,20
5654,3,20
4396,2,21
1903,2,21
6883,2,21
5440,2,21
3617,1,21
4868,1,21
3843,1,21
3361,1,21
541,1,21
376,1,21
1157,1,21
4031,1,21
4654,3,21
6051,2,21
5094,4,23
5965,4,23
5266,1,23
4873,0,24
85,0,24
2318,0,24
4678,0,24
2449,0,24
1590,0,24
5537,0,24
6372,0,24
3116,0,24
709,0,24
3791,0,24
424,0,24
6535,0,24
5813,0,24
5616,0,24
354,0,24
493,0,24
6680,4,24
2382,1,25
1138,2,25
4523,2,25
4890,3,25
1431,3,25
5038,3,25
5210,3,25
5386,3,25
3018,3,25
3676,3,25
3981,3,25
6271,3,25
761,3,25
142,2,25
3944,1,25
288,2,26
692,3,27
5049,3,27
1242,1,28
5501,0,28
358,0,28
6520,0,28
3341,0,28
5240,0,28
2673,0,28
293,0,28
5966,0,28
1277,0,28
5173,0,28
2197,0,28
3559,4,29
131,4,29
4905,4,29
573,4,29
1200,4,29
3353,4,29
8,4,29
3379,4,29
774,4,29
1330,4,29
2268,4,29
5561,4,30
3001,0,30
6822,1,30
935,4,31
1094,0,31
1266,3,31
1378,1,31
6256,3,32
6952,3,32
1332,3,32
6503,3,32
6527,3,32
2887,3,32
2704,3,32
830,2,32
165,3,32
3952,2,32
5357,2,32
4463,2,32
2556,2,32
6755,2,32
1425,2,32
4626,2,32
2368,2,32
330,2,32
5137,1,33
5715,1,33
3311,1,34
5619,0,34
6310,2,34
6616,3,34
4808,2,37
18,4,37
2104,0,37
4277,4,37
4964,4,37
5971,3,38
231,4,38
919,4,38
869,4,38
6690,4,38
276,4,38
1506,1,38
4135,4,38
3585,2,39
1088,2,39
4079,2,39
4799,4,39
2387,2,39
2391,2,39
1551,2,39
1693,2,39
1107,2,39
6763,2,39
6843,2,39
3185,2,39
763,2,40
1817,0,40
2689,0,40
6596,2,40
2315,4,41
4205,4,42
992,4,42
2687,1,42
4176,1,42
2088,1,42
6455,1,42
2284,1,42
262,4,42
1453,1,42
3873,2,42
6244,0,43
6421,0,43
2071,4,44
4340,1,44
2058,4,44
1167,4,44
416,4,44
1101,1,44
989,1,45
6646,1,45
2885,3,46
704,3,46
2363,3,46
2290,3,46
4940,3,46
30,1,46
1876,4,46
2459,1,46
2550,3,47
4831,1,47
7,1,47
224,1,47
1789,1,47
6436,3,47
6499,1,47
4783,2,48
4711,2,48
4620,2,48
4583,2,48
656,2,48
6558,2,48
5462,2,48
6443,2,48
6848,2,48
1030,2,48
2143,2,48
6326,0,48
561,2,49
2127,2,49
5597,1,50
3761,1,50
808,1,50
6128,1,50
742,1,50
1005,1,50
860,1,50
2638,1,50
4210,3,51
257,4,51
799,2,51
6993,0,51
465,2,51
5402,2,51
4541,2,51
111,2,51
3483,4,51
3360,2,51
948,2,51
1982,2,51
4869,2,51
2877,2,51
63,2,51
146,2,51
3036,2,51
4930,3,52
3906,0,53
6419,3,54
3405,0,55
5115,4,55
2794,4,55
6794,4,55
2771,4,55
1836,4,55
1704,1,55
5391,1,55
365,1,55
2208,1,55
4630,1,55
2161,1,55
1325,1,55
4598,1,55
1694,1,55
5973,1,55
534,1,55
2694,1,55
591,1,55
2450,3,55
6217,0,56
2196,1,56
5010,0,56
2065,1,56
1733,1,56
4328,1,56
1022,0,56
2945,2,56
5824,1,57
938,1,57
4181,4,57
4655,1,57
6120,2,58
5687,1,58
4060,4,58
771,4,58
1736,4,58
448,4,58
1698,4,58
3087,3,58
4428,3,58
3746,3,59
4681,4,59
6495,4,59
6589,4,59
3485,0,60
6966,4,60
3306,1,60
60,0,60
946,3,60
3333,0,60
5344,1,60
5508,1,60
5854,4,60
6780,1,61
6025,4,61
278,3,61
336,2,61
2234,3,61
4925,4,61
5354,4,62
4786,4,62
1482,2,63
4246,1,63
117,4,63
5239,4,63
4695,0,63
228,0,63
1154,0,63
4471,0,63
517,0,63
4670,0,63
937,0,63
6760,0,63
173,0,63
2753,0,63
6907,0,63
6167,3,64
806,2,64
53,2,64
39,2,64
1196,2,64
4175,2,64
3541,2,64
3181,2,64
3639,2,64
4532,2,64
3454,2,64
244,2,64
4024,2,64
1011,3,65
132,4,65
2936,4,65
4161,0,65
6253,4,65
6574,1,65
6751,0,66
4918,1,66
6878,3,66
1390,3,66
3289,4,66
4474,1,66
5392,4,66
6658,4,67
5793,3,67
138,2,67
1263,2,67
2722,3,67
3394,1,67
5482,4,67
1995,4,68
3208,4,68
5153,4,68
4683,4,68
3031,4,68
6826,3,68
3444,4,68
4182,1,68
4546,1,69
1222,2,69
2737,2,69
4525,4,69
5109,3,69
6040,3,69
3369,0,70
4239,0,70
5691,3,70
6570,4,70
5286,4,71
6647,4,71
2917,4,71
4996,0,72
6691,3,72
5875,1,72
5544,4,72
4731,4,72
387,3,72
581,1,72
3747,1,72
4829,2,73
3976,4,73
5007,4,73
3239,1,73
3993,1,73
2331,1,73
3642,1,73
4331,0,73
4929,1,73
6833,1,73
3374,1,73
4130,1,73
4247,2,73
1724,0,73
2711,1,73
2971,4,73
6225,3,73
4559,0,74
3068,0,74
1260,0,74
1283,1,74
6536,1,74
4634,1,74
1757,1,74
2462,4,74
463,4,74
6313,4,74
3244,4,74
6277,4,74
3841,4,74
3700,3,74
1540,3,74
1814,3,74
6486,3,74
6177,3,74
809,3,74
2070,3,74
1321,3,74
2772,3,74
3104,2,74
4836,2,74
1302,2,74
2551,2,74
5147,2,74
1697,2,74
6622,1,74
6522,2,74
6513,2,74
6588,2,74
151,2,74
482,2,74
6641,0,74
6219,2,74
1289,2,74
1959,3,74
2384,2,74
2639,4,74
4603,2,75
1692,0,75
5494,1,75
6415,4,75
3957,4,76
1624,3,76
6970,3,76
1567,0,76
6746,0,76
6941,4,76
2943,0,76
4643,0,76
6404,0,76
867,2,76
2716,1,76
3991,3,76
3329,0,77
4773,3,77
402,2,77
4488,2,77
2343,2,77
42,3,77
4903,1,77
1695,1,77
1647,1,77
5285,1,77
2558,0,77
4166,1,77
4480,1,77
4687,1,77
1067,3,77
1897,4,77
2474,4,77
2990,1,77
3278,1,77
3942,1,77
5090,1,78
3911,0,78
4677,2,78
4729,0,78
2241,3,78
4726,3,78
6979,3,78
4063,2,78
3914,4,79
556,4,79
2557,4,79
743,4,79
2082,4,79
1905,1,79
2124,4,79
6189,3,80
1202,3,80
5128,0,80
5496,3,81
2334,0,81
6924,1,81
3535,0,81
6685,1,81
1456,0,82
3864,0,82
3316,4,82
2275,4,82
297,4,82
3441,4,82
2307,4,83
4283,4,83
2769,0,83
4673,0,83
6389,1,83
3627,4,83
2037,1,83
26,1,83
6155,1,83
4117,1,83
5292,1,83
102,3,83
6296,3,83
6706,3,83
522,3,83
6318,3,83
6222,3,83
1714,3,83
5560,3,83
5551,4,84
1716,3,84
2876,2,84
2780,0,84
3231,0,84
6613,0,84
1387,0,84
6125,4,84
5568,3,85
457,0,85
3710,0,85
6349,0,85
6328,0,85
4874,0,85
2886,0,85
202,0,85
6103,0,85
245,0,85
3897,0,85
2590,2,86
3408,2,86
3907,4,87
2822,0,87
767,4,87
2919,3,87
3321,0,87
1805,0,87
6354,0,87
5475,0,87
2335,2,87
1680,0,87
2361,2,87
4680,2,87
2803,2,87
6721,2,87
1111,3,89
2308,2,89
6358,4,90
5066,2,90
1565,0,90
5728,1,90
2078,1,90
4983,0,91
6254,0,92
3260,1,92
4574,3,92
3537,1,93
2193,2,93
1104,4,93
1018,4,94
2015,3,94
5460,0,94
3950,1,94
4236,2,94
2984,4,94
6229,2,95
6546,4,95
3396,0,95
3328,0,95
5108,1,96
4219,1,97
2492,4,97
1751,2,97
795,2,97
6091,0,98
768,2,98
4100,3,99
862,4,100
2240,3,100
2588,2,100
4105,0,100
5443,0,101
4097,4,101
4372,0,102
6849,3,103
4897,0,103
2941,2,103
3309,3,103
4139,1,103
3724,4,103
200,4,103
1215,3,104
1598,0,104
5396,0,105
4863,4,105
863,3,105
1306,4,105
4721,2,105
4083,1,105
3743,4,107
252,2,107
4484,2,107
3055,1,107
2428,2,107
4994,1,108
4104,2,108
2672,0,108
6284,3,109
6565,3,109
3382,2,110
5029,1,110
1953,3,110
5980,4,110
3607,0,110
5657,0,112
6512,1,112
5623,4,112
6476,2,112
5769,1,114
251,0,114
5836,2,114
5784,1,114
5804,4,114
1230,3,114
2395,2,114
2802,1,115
1650,0,115
6538,2,116
4373,4,116
6230,1,117
2826,0,117
4521,3,117
6549,2,117
1843,2,118
2265,3,118
4323,0,118
6289,4,118
3845,2,119
5092,1,119
5719,3,119
1655,4,120
981,0,120
4596,0,120
306,2,120
5747,3,120
5209,1,121
4121,2,122
4479,4,122
1705,2,123
192,1,123
2154,2,123
2731,2,124
3246,0,124
6427,4,124
6813,3,124
6796,1,126
4963,3,126
2681,2,126
3816,0,126
4243,1,127
4974,4,128
6736,2,128
3680,0,128
1248,3,128
3286,0,128
6872,1,129
6964,4,129
6828,4,130
267,1,130
6209,3,130
4565,2,130
3624,1,131
3094,0,131
4235,4,131
2445,4,132
6807,3,132
5677,2,132
5814,3,132
6670,0,132
6153,0,132
2812,2,133
5110,4,133
6267,0,133
4952,1,133
5062,1,133
2256,0,134
6138,1,134
4616,1,134
3583,4,134
2210,2,135
5549,1,135
6381,1,135
3512,4,135
5858,2,136
2623,3,136
3182,2,137
3898,1,137
6864,3,137
3222,0,138
2214,4,138
575,3,138
510,1,138
291,3,138
2266,2,138
6366,2,138
3865,3,139
4576,2,140
5880,0,140
815,1,140
1090,4,140
6983,4,141
1252,3,141
4955,0,141
6492,1,141
2039,1,142
2376,2,142
6851,1,142
3888,3,142
2166,4,142
5166,4,142
1457,3,142
5511,4,143
891,0,143
6176,1,144
1596,1,144
212,3,144
5001,4,144
243,2,144
3659,2,144
4922,1,145
1818,2,145
1787,2,145
1365,1,145
738,4,145
2408,0,145
6921,0,145
135,1,147
3331,4,147
38,0,147
1271,0,147
6378,4,148
3465,0,148
958,2,148
3774,3,148
3065,1,148
4544,4,149
1421,2,149
3612,2,150
1221,0,151
2353,2,151
3886,4,151
81,3,151
723,1,152
2578,0,152
3784,2,152
3304,4,152
280,3,152
3058,3,153
5733,2,153
3805,1,154
614,1,154
592,2,154
3823,0,154
4703,4,154
5242,0,155
6611,2,155
3243,3,155
1657,4,155
3097,2,155
1530,3,156
4741,1,156
854,2,157
3859,1,157
1261,0,157
4413,0,157
3338,3,157
6425,4,157
6398,0,158
3167,3,158
2664,3,158
4927,2,158
1781,3,158
2258,2,158
4081,4,159
6674,0,159
4350,3,159
319,1,160
5358,2,160
1921,4,160
4407,3,160
321,3,160
5338,0,161
998,2,161
2691,3,161
5861,1,161
3793,0,162
1902,0,162
2861,0,163
4076,3,163
1045,1,163
3205,1,163
4707,4,165
5215,3,166
6683,1,166
5068,1,166
1881,0,166
6514,2,166
6255,0,166
892,0,166
3943,0,167
5252,1,167
5559,4,167
222,4,169
1009,4,170
4717,3,170
4398,4,170
1391,0,170
6374,0,171
2285,4,171
1640,2,171
1384,1,171
4514,3,171
1785,2,172
5773,0,172
377,0,173
2581,1,173
547,2,173
1511,0,174
3012,4,174
2786,4,174
22,2,175
6976,4,176
5081,3,176
2503,1,178
2399,3,178
4763,2,178
4431,2,179
783,2,179
429,1,180
5599,4,180
4034,4,182
6130,4,183
1654,3,183
3475,0,183
5139,1,183
651,0,185
6203,2,185
1471,1,185
2614,2,185
1205,0,187
4901,2,187
4508,3,187
3497,4,187
2773,4,187
959,1,188
2112,1,189
666,0,189
4547,1,189
6705,3,190
2309,4,190
3690,1,191
2775,0,191
840,3,193
6920,2,193
6148,2,193
2747,4,193
4213,4,193
4367,4,193
2491,4,194
3127,1,195
2510,1,195
2853,2,195
2299,2,195
5498,3,195
565,4,196
4862,0,197
6789,4,197
1264,2,197
660,2,198
6145,2,198
1739,1,199
667,4,201
971,0,201
5043,2,201
5039,1,201
5723,0,201
1945,3,201
3458,3,202
5717,0,202
1303,2,203
5618,2,203
3682,0,204
5218,2,204
1813,1,204
270,2,204
1839,0,206
3037,2,206
4970,1,206
6859,0,207
305,1,207
5224,2,207
6917,3,207
57,1,207
988,1,207
230,0,208
1163,0,208
6402,0,208
3263,4,209
921,2,209
6043,4,210
4294,0,210
4948,3,212
6659,1,212
6623,2,212
5122,2,212
5823,3,215
6922,3,215
1412,1,215
2388,2,215
3315,0,215
4116,1,216
4261,3,216
2545,3,216
5701,1,216
5815,2,218
6054,4,218
4900,0,218
3884,0,218
2140,1,218
3675,1,218
2918,4,219
24,2,220
3619,2,220
5096,1,220
1613,3,220
5076,1,220
2596,3,221
1571,0,221
6968,1,221
6612,2,222
1470,4,222
3945,4,222
5018,0,222
5830,1,222
4688,0,222
4640,3,223
2255,2,223
1424,1,223
6193,2,224
3557,2,224
6855,1,224
3562,1,226
2198,0,226
1528,4,227
2591,1,227
1834,0,228
375,2,228
6139,3,228
2573,2,228
4571,4,228
4539,4,228
1581,3,230
5787,2,230
3070,0,230
363,4,230
5694,4,230
2200,0,231
6319,4,231
1606,3,232
5025,2,232
4517,4,233
6675,0,234
5477,2,234
6732,1,235
2993,3,235
2360,4,236
4058,0,236
4875,0,237
2888,2,237
3605,2,237
486,1,237
4194,3,237
1496,1,237
5536,0,241
1977,1,241
4469,2,241
6940,1,242
1083,2,242
4790,3,242
5670,0,244
1156,3,244
3728,1,244
1475,4,244
2983,2,244
749,4,246
3088,1,248
6502,3,248
2133,0,249
618,3,249
5470,2,250
4556,3,250
6900,0,250
1282,3,250
1102,1,250
694,2,251
2848,4,251
3510,1,252
677,4,252
1835,0,252
668,4,252
5097,2,253
93,4,253
3961,4,254
4094,0,254
3257,0,254
6877,2,255
5085,1,256
3192,1,257
3613,4,257
2908,2,257
1448,4,257
4183,3,257
5569,3,259
6581,0,259
4427,1,259
4271,0,259
3913,2,259
437,0,260
4531,0,260
1653,2,260
315,0,263
3725,3,263
1801,2,263
6460,1,263
394,4,263
6347,2,263
2498,1,265
5143,1,265
3899,2,266
5765,4,267
5849,3,267
1160,1,267
2760,0,268
5336,0,268
5532,2,269
6775,0,269
4801,4,269
878,2,270
5503,3,271
1019,4,272
728,0,272
472,1,273
4810,2,273
2698,2,273
5757,3,273
4425,4,273
1527,0,274
2543,4,275
4759,4,276
4066,0,277
3638,3,277
4613,1,277
5867,0,278
1066,0,278
1880,1,278
4378,2,278
1810,3,278
471,2,279
3470,0,279
4775,2,280
1239,4,280
4802,0,280
2251,1,280
3778,2,281
3881,4,281
5904,0,282
4091,2,282
6785,4,282
1578,3,283
6967,1,284
764,3,285
2758,2,285
1310,1,286
6396,2,286
3101,3,289
6063,2,289
6809,1,289
910,2,289
3839,2,289
4723,0,289
140,0,289
1027,0,289
1415,3,290
96,2,292
5433,3,292
5922,1,294
5585,3,294
5190,3,294
6297,1,297
1952,2,297
2906,1,298
3270,4,298
5690,3,298
6652,2,298
2843,0,298
2580,2,300
3995,2,301
5103,0,302
2276,3,302
2608,4,302
838,1,302
4760,3,303
4937,0,303
5052,3,303
3603,2,303
625,2,303
1884,1,303
4319,3,303
535,1,306
1466,1,306
3073,1,306
4889,1,307
5837,4,307
1091,4,308
3463,2,308
4108,0,308
396,1,309
4730,1,309
2020,3,309
2067,2,309
6666,4,311
6799,1,311
3992,0,313
5941,2,313
3216,3,313
1555,3,313
5995,4,314
769,4,314
2910,4,315
1762,4,315
326,0,315
1328,0,315
3539,3,316
1382,0,316
6544,1,317
4415,0,317
5581,2,318
3828,0,318
3773,2,319
2202,2,320
2559,2,321
2221,1,321
6541,2,321
3498,3,321
2642,0,322
4286,0,322
4609,4,322
4295,4,322
659,2,323
4455,1,324
6551,3,326
5453,0,326
3487,4,326
105,4,329
2420,3,329
2225,4,329
6804,3,329
4002,2,330
5213,3,330
3978,3,330
5790,4,330
2280,1,330
833,4,330
6198,1,330
2405,0,331
4080,1,332
1970,0,332
6609,2,333
1270,2,334
3689,2,334
3763,0,334
1044,2,334
6206,2,335
6307,0,335
3927,3,335
3449,1,335
4744,1,335
295,4,338
2813,3,338
969,2,338
6963,0,338
5200,0,338
5521,0,339
5672,3,339
4931,1,339
5674,4,340
5269,3,340
652,3,340
2856,3,340
298,0,340
811,1,341
4600,4,341
3685,0,341
2622,1,342
1742,2,343
2666,0,344
5522,0,344
4021,3,344
6006,4,344
4953,2,344
2209,3,347
3834,2,347
2100,1,347
1304,0,347
43,0,349
1538,0,351
1642,1,352
1334,2,352
3010,2,353
16,3,355
2274,1,355
1732,4,355
5348,4,355
249,4,355
74,2,357
3204,1,357
5846,3,357
6654,0,357
4170,0,357
2041,4,358
1338,4,360
3606,1,360
1231,0,360
3359,0,360
5593,4,360
479,4,360
1187,1,361
6183,0,362
4997,2,362
911,0,363
1791,1,363
2533,0,363
773,1,363
6446,1,364
1274,1,364
5624,4,365
1946,0,367
6090,4,367
5959,3,367
4706,1,368
4663,2,368
100,2,368
3932,2,368
6842,2,370
5786,1,370
3479,1,371
3636,2,371
5362,3,372
2742,0,372
5422,4,372
1968,3,373
109,0,375
1331,2,375
6036,1,375
1778,4,375
691,3,376
2682,2,376
1855,0,379
3399,1,380
3846,2,380
568,2,380
2686,4,380
6418,2,380
2647,4,382
4065,2,382
5048,1,384
2357,2,384
3716,4,384
6368,2,385
1392,4,385
3890,0,386
1690,2,388
2142,4,388
2497,1,388
5394,0,390
2011,1,390
498,3,390
314,1,391
1756,3,391
3819,0,391
1924,3,392
4470,0,395
5564,1,395
5177,1,395
5414,2,395
1423,2,395
1509,2,396
3569,3,396
2631,3,396
5962,0,397
2643,1,397
5223,4,397
4881,4,398
3554,2,398
2370,3,398
620,1,398
2721,4,400
4222,0,401
5900,1,402
3158,0,402
1427,3,402
5230,4,402
3223,2,402
3276,0,405
3035,3,405
2942,2,405
3168,4,408
418,0,409
6281,3,409
4725,4,409
2316,1,409
6672,3,410
1235,4,411
1879,4,412
1671,4,413
3412,4,413
460,4,414
6042,4,415
5113,2,415
5798,1,416
372,4,417
626,2,417
6906,2,417
6856,2,418
6463,3,418
1327,3,419
4809,3,419
3198,0,419
6642,3,419
303,0,419
4690,2,419
2421,2,419
6802,2,419
210,1,420
1408,4,420
2045,0,422
6237,2,422
4710,4,422
155,0,423
4418,0,423
3342,2,424
6245,1,425
6575,3,425
4870,2,425
3790,2,425
5826,4,428
6408,2,428
1706,0,428
6772,0,428
5567,2,428
3668,2,430
2785,4,432
2795,1,432
6417,1,433
2717,2,433
4739,3,434
5978,2,434
411,2,434
917,1,435
2287,0,439
69,3,439
3806,2,439
5036,4,439
3349,4,441
2160,1,441
3397,3,441
4333,2,442
3418,3,442
157,1,443
6204,1,444
3766,1,444
1611,0,444
1918,4,444
1000,2,445
3547,4,445
6410,0,448
4369,3,448
4850,1,449
2326,4,449
4291,0,449
6710,0,449
3808,1,450
5912,1,451
887,3,453
1868,2,453
1894,0,453
4092,1,453
5625,1,453
3089,0,454
5716,2,455
1769,3,455
1318,1,455
1670,0,456
5841,1,456
6291,1,457
5264,0,458
914,0,458
5952,2,458
3494,2,458
4700,3,461
3722,0,461
6199,2,463
6094,3,463
5305,1,463
1446,4,463
4244,3,463
1113,3,465
6248,2,468
4950,2,468
3678,4,468
6786,0,468
3000,0,468
5907,4,470
2977,3,470
2563,3,470
5848,1,470
2206,2,470
1991,2,472
1734,2,472
4022,2,473
6391,0,473
4028,4,473
2153,0,475
4454,4,477
3546,2,477
269,1,477
6373,4,477
5535,3,478
1407,0,478
5495,2,482
4345,2,483
6227,0,483
3020,2,484
967,0,485
6333,3,485
3797,4,485
3829,4,486
4682,0,487
3542,0,487
2377,2,487
725,2,489
3161,3,489
5098,0,489
5985,4,489
223,0,489
4852,2,489
1687,2,490
3140,4,490
1269,4,490
578,2,493
5405,2,493
3630,4,494
2312,1,494
5890,3,494
6975,2,495
6445,2,497
4503,3,498
5932,0,498
5725,4,498
4822,0,499
798,1,499
3527,2,501
227,2,501
4621,0,501
120,4,502
6346,2,502
5754,2,502
2620,4,504
433,2,504
5263,3,505
5601,2,505
122,1,505
4362,1,505
1568,2,506
3571,3,506
5689,3,506
6070,1,506
5805,1,506
1961,0,509
977,3,510
3375,0,510
2599,0,511
526,0,512
4587,4,512
1455,4,512
609,4,513
2416,4,513
6023,3,514
2216,1,514
5777,3,514
2761,2,515
349,1,515
950,1,516
5322,2,517
3448,1,517
6437,2,517
1659,3,518
6625,2,519
1822,0,519
5993,3,519
6660,3,520
4025,1,520
6528,1,523
240,1,523
1729,0,523
2123,3,524
355,2,526
4007,0,526
3595,1,526
4158,4,526
5556,4,526
5633,1,527
4290,3,528
520,1,528
3432,2,528
5696,1,528
3131,2,529
2201,1,529
237,0,529
2863,1,530
4167,0,530
5831,0,530
6608,0,531
5021,2,533
6948,1,534
4289,1,534
1130,3,535
1917,1,536
6688,4,536
4093,4,536
2896,0,536
4123,4,538
572,3,538
3006,2,538
5192,4,538
6157,2,538
1913,2,539
6844,0,540
2952,4,541
2152,2,542
5465,2,543
1806,1,545
3693,2,545
5940,0,546
1347,4,548
1188,3,548
5464,2,548
3628,2,551
3643,2,552
207,4,556
772,3,556
6382,4,556
4046,4,557
27,0,558
213,0,559
2752,0,559
6170,3,560
4552,0,560
5643,3,563
4492,0,563
3727,3,563
2858,2,565
6021,1,565
2965,1,566
754,2,567
6332,1,567
3544,1,567
3109,0,567
502,3,567
2119,2,568
3528,0,568
2111,3,571
466,1,571
5628,2,571
5700,1,571
639,2,571
2701,4,571
1852,4,571
1478,0,572
3849,4,574
4327,4,577
263,3,577
1438,0,577
6102,1,577
6827,4,578
3376,0,578
5718,3,579
2347,2,579
2933,1,579
5850,4,579
1174,2,579
3421,0,579
2680,2,581
283,0,581
5468,4,582
1572,4,582
5809,1,582
5188,0,583
6433,1,585
4082,4,585
2079,0,586
2278,1,586
340,1,586
4343,4,587
3584,4,588
1313,3,588
3550,0,588
5771,1,588
6062,4,588
4084,2,589
4141,0,589
2453,2,590
599,1,592
3009,3,592
6212,1,593
3632,1,594
2451,3,594
6451,0,596
374,4,596
960,0,597
2175,1,597
1646,2,597
5288,0,600
4206,3,600
4585,4,600
6673,1,600
3102,2,601
1934,2,601
4180,0,601
2482,1,601
4145,2,601
5243,1,604
3556,3,604
2233,0,605
79,1,605
3429,2,605
6431,3,606
866,1,607
4934,1,608
139,2,608
861,1,610
5948,3,610
4965,4,610
6895,3,611
2417,3,611
6269,4,612
195,2,615
5176,4,615
5214,2,616
1084,2,620
4254,1,620
3259,4,620
3334,2,621
5067,0,621
1416,1,621
3137,0,621
4172,2,621
260,2,622
1584,3,622
4835,3,622
1128,1,624
2433,2,625
5724,2,625
1722,2,629
1348,1,629
6467,4,633
4507,0,633
1552,1,634
5283,1,634
1713,0,635
3599,2,636
6787,4,636
5727,0,641
2260,0,642
4917,4,642
475,0,642
1367,2,642
99,1,642
3469,2,642
4969,0,643
2624,4,646
698,3,646
2134,1,646
6669,3,646
33,0,646
6303,3,647
962,4,648
5631,2,648
643,0,648
868,3,649
5885,3,649
5577,1,651
790,2,651
5256,3,651
76,4,652
3450,0,652
1363,0,653
80,4,653
3504,2,653
705,4,654
4399,4,654
6881,1,655
6163,3,655
6722,1,655
1626,0,658
1180,2,659
4263,0,659
6978,1,661
250,3,661
2891,3,662
3721,3,662
6925,1,662
6604,0,662
3777,4,662
585,2,665
3921,2,665
6162,4,668
2114,2,668
5107,4,669
4131,1,671
6187,1,673
2035,3,673
3218,4,673
6,2,673
4306,3,673
4921,2,674
782,2,675
6286,2,676
3160,1,677
5979,1,677
507,2,677
4154,3,677
3937,2,678
5505,1,678
3923,0,678
5751,0,678
1772,3,679
1042,0,682
4928,0,683
1891,0,684
4914,2,684
1637,1,684
1394,1,684
6562,1,684
1461,2,685
97,2,685
903,1,685
5916,3,685
665,0,685
4200,0,688
41,2,691
1385,2,691
3640,4,694
1287,0,695
5957,1,696
6422,2,697
501,4,697
2496,3,697
6661,0,699
2172,2,699
5937,4,700
6438,0,701
3858,2,702
5023,2,702
831,1,703
2048,2,703
4537,3,704
5212,1,704
4196,0,710
850,0,710
3610,1,710
2431,3,713
4361,3,713
221,4,714
5999,2,714
3159,2,715
3629,0,715
5154,4,716
4379,4,717
939,3,717
6058,4,717
1284,1,717
5439,0,720
1944,1,720
1345,2,720
1964,3,722
1711,3,722
1355,3,724
5281,0,724
4383,2,725
4591,3,725
6733,4,727
2998,2,727
5385,1,727
1199,0,727
5124,3,728
980,1,728
6282,2,729
6440,0,729
6357,4,730
4402,1,730
6048,2,731
3669,2,731
5079,1,731
1337,1,731
807,2,732
5307,3,732
1971,4,732
6648,2,735
2472,4,735
4945,0,736
2582,4,737
4689,2,737
4437,3,738
137,4,739
654,0,740
5825,1,742
2828,3,743
6084,1,746
4915,2,749
5529,1,750
608,2,750
3658,4,752
2288,1,752
4848,4,752
4321,3,754
6464,0,754
3526,4,758
5004,0,758
1021,0,758
4610,1,758
4458,2,758
1035,1,758
3169,1,759
1979,4,759
2490,1,760
1369,2,760
6930,0,766
4143,2,766
3264,0,766
162,1,766
2341,0,767
3456,1,769
5481,1,769
2893,0,769
6275,2,771
2512,4,774
2656,2,774
5892,0,775
1492,3,775
464,2,775
3912,3,775
2665,1,775
3210,3,776
5909,2,776
2719,2,777
77,1,777
1821,2,780
3213,2,780
4153,1,781
1075,0,782
4148,1,783
6766,0,783
2332,4,786
4633,4,786
3671,0,786
645,2,786
5945,2,786
6569,0,787
5519,4,787
6934,2,787
999,4,792
6292,0,792
4679,2,792
5106,3,792
92,3,792
801,3,792
6075,2,793
5863,1,794
5820,3,794
4317,0,796
1389,0,796
682,3,796
5016,3,797
4506,2,797
2330,4,798
1580,3,800
6626,3,800
4258,1,800
6011,4,802
1600,4,803
2074,1,803
6276,2,805
35,0,805
1566,1,805
6523,3,807
2899,4,809
5676,4,809
469,4,809
5699,1,811
2867,2,811
3003,0,811
589,0,811
6444,1,814
1140,4,814
1743,2,814
2683,2,814
3966,4,814
4377,1,817
11,1,817
1869,2,817
3869,0,820
1189,4,821
5607,1,821
6947,0,821
6556,2,823
2446,3,824
2272,2,825
4169,0,826
197,1,828
193,4,828
6232,3,828
6010,0,830
4785,2,830
1819,3,830
802,0,832
6738,3,832
3825,2,832
810,1,833
1484,4,833
5303,3,834
5821,2,834
2744,2,834
2973,4,837
1240,1,838
54,2,839
582,4,839
5297,3,839
4288,0,839
4941,1,839
5483,1,840
3229,2,840
6559,3,843
1459,2,843
1766,0,843
89,1,846
3490,0,846
551,4,846
1468,1,846
169,3,846
6351,2,846
123,2,847
4806,2,848
5101,2,848
1373,1,849
4264,0,851
2412,2,851
1858,0,852
329,0,855
5332,2,855
4269,2,857
2401,1,857
2369,1,858
6188,3,858
3156,0,863
1429,1,864
3100,0,864
758,4,864
108,2,864
5451,0,864
285,4,865
1333,4,866
6064,3,867
563,4,867
6533,3,867
1802,4,872
4342,0,872
6515,1,876
1449,0,876
828,1,876
3170,2,876
6564,4,876
5186,3,878
4228,3,878
1285,1,878
2850,2,878
6521,4,882
976,2,882
189,1,883
1892,1,883
5339,1,886
3230,4,888
6174,1,888
3631,2,888
4325,4,889
5553,0,890
6370,3,890
794,3,890
4122,3,891
5810,4,892
4234,1,893
5958,4,893
6161,0,893
6014,4,893
2723,0,893
628,0,894
2671,2,894
5562,3,894
871,2,894
5755,2,897
1803,1,897
2600,0,903
3739,4,903
5318,2,903
1403,1,903
5698,2,904
6215,4,904
1398,4,904
3098,3,906
5667,2,906
1490,4,906
3313,2,906
1229,0,908
4495,0,908
2648,2,910
3063,3,913
1956,0,913
2485,1,913
2378,0,913
823,2,913
765,4,913
5692,2,914
4920,3,915
325,2,915
990,2,915
5490,4,920
5923,0,920
2415,1,920
2007,1,920
3983,0,921
3343,3,921
5123,4,921
6379,1,923
4040,1,923
6190,1,923
468,2,924
5817,1,926
4747,1,927
421,0,930
1767,0,930
6619,1,930
5996,4,931
1966,0,933
4614,3,933
1549,2,933
2972,0,934
4827,2,935
5695,1,935
994,1,938
6776,4,940
6197,4,942
2999,0,942
2184,2,944
2155,0,944
484,3,945
1898,2,945
5903,4,947
6012,0,951
6168,4,951
4230,0,951
216,2,953
543,2,953
2407,4,955
1916,0,955
1829,3,958
5680,2,959
5478,0,959
5171,1,959
5877,2,960
5865,3,961
2060,1,961
1320,4,961
3180,0,961
6962,3,961
6552,4,962
5705,4,963
2566,4,963
2355,3,967
4300,0,967
1249,0,967
87,1,967
1078,1,968
4740,0,969
4382,2,969
530,2,971
2505,1,971
2480,1,973
4685,2,976
428,0,978
2817,1,979
3925,1,979
4316,0,979
2842,1,979
3211,3,979
5573,0,982
6708,2,983
2047,1,985
397,4,986
3821,4,986
2798,2,987
4111,3,988
3099,3,988
3692,1,988
1095,3,988
6767,2,993
3232,0,993
5006,3,994
3809,2,994
2939,0,994
5859,2,995
514,1,995
6729,3,996
4359,0,998
3982,3,998
2000,2,998
635,4,998
1664,2,998
760,2,998
5274,4,999
2468,1,999
5888,1,999
6860,1,1001
1080,0,1001
3492,4,1002
398,1,1002
2616,3,1003
4400,4,1003
6493,1,1005
2397,2,1007
3870,1,1007
6977,0,1011
152,0,1011
389,0,1011
5488,0,1012
176,0,1012
2422,4,1013
4625,4,1014
61,1,1018
1740,2,1020
4923,3,1020
2847,3,1020
3085,2,1020
4496,4,1020
6606,1,1022
6870,1,1024
2098,3,1024
4580,2,1024
1413,4,1024
1542,4,1024
6511,2,1028
6956,0,1029
4012,0,1029
5721,4,1029
4967,4,1033
3996,1,1033
2957,1,1034
3664,3,1035
2345,0,1035
4954,2,1036
2366,4,1036
6158,2,1037
882,3,1039
4758,1,1039
5420,2,1039
1703,4,1039
446,2,1039
4064,3,1040
2832,0,1041
5221,1,1041
5871,1,1042
4352,0,1042
3771,1,1042
3742,0,1042
205,3,1042
5428,3,1042
6645,3,1043
6306,2,1044
5756,0,1044
3474,3,1047
4232,4,1047
5704,1,1048
3134,3,1049
6131,1,1051
1473,0,1057
595,2,1060
4101,2,1062
4472,1,1063
6228,4,1063
1618,2,1063
909,1,1063
6407,2,1065
1458,1,1065
5321,0,1065
6046,2,1066
2743,0,1066
6516,0,1066
5032,2,1069
5707,0,1069
1972,0,1070
15,0,1071
1928,1,1072
675,0,1072
1595,0,1076
956,2,1076
4756,4,1076
338,0,1076
3951,3,1077
6714,1,1080
191,3,1080
5552,4,1081
3580,4,1082
4304,3,1083
532,4,1084
5514,1,1084
2126,2,1084
603,0,1084
5187,4,1085
4666,2,1087
3506,0,1088
417,4,1089
829,3,1090
2865,0,1091
2232,3,1092
1886,0,1092
6127,2,1092
3281,2,1092
4612,1,1095
5882,2,1095
4320,4,1097
5129,1,1098
1151,3,1103
6682,4,1103
4426,1,1103
2955,4,1104
3459,1,1105
1636,2,1105
1591,1,1105
3696,2,1105
4128,2,1106
4099,1,1106
964,0,1106
642,3,1107
3596,0,1107
3764,3,1108
6668,0,1108
577,1,1108
2483,1,1108
6352,4,1109
6336,3,1109
5639,2,1109
5644,4,1110
10,2,1116
3437,3,1116
6106,2,1120
1960,1,1124
23,1,1124
232,0,1124
4339,1,1125
2217,2,1126
64,0,1129
1149,3,1129
2750,2,1129
4393,1,1130
719,1,1130
5702,0,1132
3301,4,1136
2755,0,1139
3330,0,1139
6243,2,1140
118,2,1141
179,0,1142
3930,0,1143
5452,1,1143
3013,0,1143
5390,0,1143
4542,0,1144
1366,0,1144
727,2,1145
5071,3,1145
4882,1,1150
5427,0,1150
6259,4,1150
4891,4,1150
5627,1,1155
4044,1,1158
4366,4,1158
2679,0,1159
4107,2,1161
2156,3,1161
886,1,1161
1079,3,1161
82,3,1162
2518,3,1163
3986,0,1163
6242,1,1163
2507,1,1165
3215,2,1165
3017,4,1168
1467,4,1168
492,2,1169
6961,4,1169
5545,2,1169
6477,2,1172
2054,1,1172
3872,3,1173
2311,3,1173
3299,3,1174
324,0,1176
1926,2,1177
6068,4,1177
6211,2,1178
1988,0,1178
20,4,1180
3964,4,1180
5088,2,1180
6122,3,1184
6104,1,1184
676,4,1184
3430,4,1184
759,2,1188
3760,1,1188
1628,1,1189
6387,4,1190
1992,1,1190
5902,2,1190
6506,2,1190
2571,0,1191
2267,3,1191
495,1,1191
6542,1,1191
3807,2,1192
2857,0,1192
2471,2,1199
5389,0,1199
597,2,1200
3926,0,1201
528,2,1201
961,0,1203
1645,0,1203
2192,3,1203
3227,0,1207
6915,2,1207
3949,3,1207
6539,4,1207
2834,4,1207
3522,1,1208
5174,0,1209
1225,0,1211
1,0,1212
970,3,1213
2455,0,1216
67,0,1216
2838,2,1218
6686,2,1218
6136,1,1220
112,2,1223
3924,1,1223
4664,4,1223
3022,3,1223
5360,0,1224
6876,3,1224
6987,1,1224
1279,2,1227
5675,0,1227
2627,2,1229
4312,1,1229
4639,1,1231
1286,3,1231
5228,2,1233
3121,3,1233
6971,0,1235
1074,4,1235
4718,2,1236
4665,1,1236
2250,3,1238
181,4,1238
5413,1,1239
1131,3,1239
5927,4,1239
5290,0,1242
2746,2,1242
2107,2,1243
1040,3,1243
1688,4,1247
4279,4,1247
4478,1,1249
825,1,1253
3856,0,1253
518,4,1253
2916,4,1254
4446,4,1254
1115,3,1254
2635,2,1254
2675,4,1255
4376,3,1261
1712,0,1263
1700,1,1263
6972,2,1263
4055,2,1264
3679,2,1265
5512,1,1265
3792,1,1266
5314,0,1266
5914,0,1267
3196,3,1267
2892,1,1268
987,2,1273
1420,0,1273
4256,1,1273
1738,0,1274
163,1,1274
2969,4,1277
5730,4,1277
4417,2,1279
3038,3,1279
2646,0,1280
4468,1,1280
2663,3,1286
3219,3,1288
1985,3,1288
5184,4,1289
1153,4,1291
3566,2,1293
75,4,1294
2075,3,1294
3476,1,1295
5502,0,1295
3266,0,1295
2937,0,1296
3060,0,1296
713,3,1297
3822,2,1298
1112,1,1300
5935,0,1300
5185,1,1301
1672,2,1305
951,0,1305
1775,1,1305
3347,4,1306
294,2,1307
3681,2,1308
1764,2,1308
2396,3,1311
4734,0,1311
5497,3,1316
1632,4,1316
973,1,1316
5489,2,1316
3488,0,1318
4735,2,1321
2013,1,1322
368,4,1323
6677,4,1323
3265,0,1323
4837,4,1324
2901,2,1328
2628,4,1328
6180,1,1328
3107,1,1328
1619,3,1328
3660,3,1328
5448,1,1329
3601,0,1334
5374,4,1334
4448,2,1334
5774,3,1334
3366,1,1334
1847,1,1334
3801,1,1334
6449,1,1334
4177,4,1340
171,0,1343
3111,3,1343
3195,0,1344
6164,1,1344
3362,2,1344
5014,1,1346
3940,2,1346
1125,2,1347
4033,1,1349
1498,2,1350
5114,4,1352
2052,0,1356
4036,4,1356
5059,3,1356
91,2,1357
1181,0,1357
3079,0,1357
4087,2,1359
129,0,1359
4003,3,1360
5350,2,1363
6478,2,1363
6871,3,1365
4961,4,1365
606,1,1365
3687,3,1368
3623,0,1368
4297,0,1368
3002,0,1369
1481,3,1369
4127,4,1371
5860,0,1371
5928,0,1371
2456,1,1371
6955,1,1371
1109,4,1373
640,1,1376
6519,1,1378
4370,2,1378
239,2,1380
1281,1,1380
6050,1,1380
6041,1,1387
380,2,1387
5843,2,1390
3201,4,1390
3827,0,1390
4826,2,1390
6554,2,1390
6397,1,1390
2339,1,1391
3962,2,1392
5117,2,1394
4048,3,1395
2439,4,1395
419,3,1397
1322,0,1397
2429,4,1398
1986,2,1398
2367,3,1398
912,1,1404
6655,2,1404
4056,1,1410
655,1,1410
5403,4,1410
302,4,1410
1623,1,1415
5967,2,1416
5206,0,1417
4489,2,1418
88,2,1418
6053,0,1418
1070,1,1418
335,4,1419
5102,0,1419
5526,0,1419
3862,4,1419
5870,3,1420
4144,0,1421
3891,3,1423
6298,0,1424
3191,0,1425
4762,0,1425
2236,4,1426
6748,3,1428
3711,2,1434
1665,1,1434
4781,4,1434
6695,2,1435
813,0,1435
5111,0,1438
1615,1,1438
1840,2,1438
5277,4,1438
235,2,1439
3931,0,1439
3030,4,1441
2696,0,1441
3401,2,1441
3041,3,1442
4447,4,1443
2748,1,1447
3686,1,1448
334,0,1448
6665,0,1450
5678,1,1452
2851,1,1455
3868,0,1455
1799,3,1455
5580,2,1457
5070,1,1461
86,2,1461
1686,0,1462
3723,4,1462
2805,2,1463
1505,2,1463
947,1,1464
353,2,1464
4026,4,1468
4053,3,1468
1900,1,1469
4042,1,1469
1993,1,1472
2913,0,1472
1294,4,1472
5533,2,1474
1488,3,1476
1223,1,1476
553,0,1476
5741,2,1476
2693,4,1477
5011,4,1478
1185,2,1478
6457,2,1479
2400,4,1479
5840,3,1480
5232,3,1485
4972,1,1485
4853,3,1485
4301,4,1490
4864,1,1490
1760,0,1490
1603,0,1492
6226,2,1492
3508,0,1495
6765,4,1500
4859,0,1500
4593,3,1500
1002,3,1500
3705,4,1500
3404,3,1500
5534,2,1501
2633,3,1501
2083,2,1501
1721,0,1503
2640,1,1504
316,3,1508
5167,2,1511
3123,0,1514
1097,4,1514
5612,1,1514
3916,2,1514
6265,0,1518
3538,2,1519
3410,4,1519
4494,1,1520
864,0,1520
1607,2,1520
2997,4,1521
1562,0,1524
6985,1,1524
4588,4,1525
4274,2,1526
536,4,1526
2705,4,1527
3848,3,1528
2169,0,1528
5060,2,1528
6597,1,1529
1954,1,1531
6858,0,1531
6814,2,1532
4807,2,1533
6759,1,1534
5291,2,1537
2562,0,1537
4888,2,1537
508,1,1537
1883,1,1538
4910,0,1539
4798,1,1542
3395,3,1546
331,2,1546
6636,0,1549
3928,1,1550
2042,4,1551
3600,4,1554
4572,3,1554
153,1,1556
6595,4,1556
6716,4,1558
3312,2,1559
312,0,1561
1127,4,1561
1912,2,1561
3352,2,1562
5794,3,1562
4709,3,1563
1336,2,1565
3525,4,1565
6236,0,1565
2729,0,1565
3786,1,1569
1359,1,1572
3293,0,1572
1755,3,1572
3650,2,1574
390,0,1577
94,4,1577
901,2,1577
2615,3,1577
259,4,1579
3922,3,1579
2477,4,1586
1134,1,1588
4330,4,1588
6390,0,1588
5934,0,1591
2962,2,1592
4784,3,1592
2211,0,1593
6882,2,1596
1557,2,1596
6038,0,1597
6744,0,1597
4675,1,1599
4524,1,1600
1851,1,1601
1735,1,1604
5513,0,1604
5857,2,1606
5745,4,1606
313,0,1606
4697,2,1606
4106,4,1606
793,4,1607
3817,1,1607
2291,4,1609
6607,2,1611
5576,2,1612
6615,0,1615
4086,4,1615
2053,2,1615
4693,2,1615
1797,3,1621
4893,2,1622
59,2,1622
5372,4,1623
4088,2,1624
4113,2,1624
5913,0,1624
5925,0,1624
1309,1,1627
3576,3,1627
4960,3,1627
6951,3,1627
4429,0,1627
5515,0,1627
2009,3,1628
5651,1,1629
487,1,1635
2905,2,1635
1668,3,1638
2676,0,1641
6304,0,1641
3092,2,1641
1001,4,1644
3735,3,1644
172,3,1644
4652,3,1652
5887,0,1652
2385,3,1652
1745,4,1652
3049,1,1656
1463,1,1659
5191,4,1659
6723,0,1659
4751,0,1659
6731,4,1659
4351,2,1660
6584,4,1661
4132,4,1661
5974,2,1662
1212,4,1664
2231,3,1664
204,2,1664
1039,1,1664
4368,0,1664
688,3,1666
3317,4,1666
4035,2,1671
2793,2,1672
382,1,1673
5516,4,1673
5646,3,1673
6879,1,1676
1725,1,1677
6412,0,1677
3212,4,1677
1119,2,1678
6649,4,1678
2473,0,1678
3672,3,1678
6231,2,1679
6308,0,1679
4887,0,1681
3245,2,1682
6712,3,1682
4671,0,1682
1445,2,1683
1437,2,1684
6529,1,1686
4245,2,1686
5855,1,1686
4344,3,1691
1353,2,1691
1214,0,1691
6386,0,1692
6355,1,1692
4390,4,1695
5722,1,1695
5664,3,1698
3759,3,1698
3357,3,1698
5289,2,1702
778,1,1705
362,4,1705
600,3,1710
1826,2,1710
6617,0,1714
392,4,1714
5047,1,1715
2597,0,1715
4628,0,1715
5954,4,1716
3199,0,1720
2195,2,1720
6071,4,1720
5220,3,1722
4450,4,1725
4648,3,1726
190,0,1729
2110,2,1734
5806,1,1734
4416,0,1734
4702,0,1734
5127,4,1734
4516,4,1734
459,4,1734
5046,3,1739
5380,3,1739
6250,4,1739
3706,2,1740
3005,1,1741
161,1,1741
2535,1,1741
6350,0,1741
6566,4,1741
3803,0,1744
5797,2,1744
4530,4,1748
2776,3,1748
5034,0,1748
699,3,1748
4199,1,1748
3516,1,1749
6124,2,1750
2836,2,1750
5510,2,1755
2410,2,1756
834,2,1758
1609,1,1760
5254,3,1760
3386,1,1760
1823,2,1760
1098,0,1760
3785,4,1760
6293,1,1761
5376,1,1763
1026,2,1763
6942,0,1763
6165,0,1767
4190,0,1767
1633,2,1772
83,4,1775
3445,2,1777
2592,1,1777
3830,0,1777
1340,4,1780
4592,3,1780
4558,0,1780
450,2,1782
5152,1,1787
6711,1,1787
2319,4,1792
2768,0,1796
332,3,1797
5219,4,1797
1746,0,1797
5267,1,1798
670,3,1798
3666,3,1798
5964,3,1799
5105,1,1801
3217,0,1801
544,0,1801
4597,0,1803
3910,2,1803
527,3,1803
1062,4,1803
4069,2,1804
6218,2,1805
2448,1,1808
6889,2,1808
4464,4,1808
6854,4,1808
6472,1,1812
2516,3,1812
533,0,1812
6474,1,1816
2924,0,1818
936,1,1818
3261,3,1819
2205,3,1819
6171,0,1821
5679,2,1821
2149,1,1824
1041,3,1824
5175,0,1824
3297,2,1826
3665,3,1826
5044,1,1832
6348,4,1833
934,0,1833
2057,3,1833
6344,2,1837
6820,4,1837
5866,1,1837
4408,2,1840
1610,3,1840
366,0,1840
58,2,1840
6791,2,1840
1955,1,1840
4844,2,1844
5164,2,1844
4284,4,1844
4847,1,1845
5352,1,1845
715,0,1846
2511,0,1846
4337,0,1847
5617,1,1847
2713,1,1851
3345,4,1853
5819,2,1853
2961,4,1855
2021,2,1856
154,2,1863
388,1,1863
3237,0,1863
454,0,1863
3388,4,1863
5543,4,1863
3442,3,1863
1311,1,1871
3014,4,1871
2478,1,1872
918,2,1872
1031,4,1873
45,2,1873
432,1,1873
5743,3,1873
2235,4,1877
5989,1,1877
2979,3,1877
2833,0,1879
6299,1,1880
579,0,1880
3255,3,1880
4238,3,1880
2530,3,1881
3699,2,1881
359,0,1882
6847,4,1883
4860,1,1883
4164,0,1887
6504,1,1887
6624,0,1892
4207,3,1892
4724,2,1895
401,1,1897
2168,3,1897
367,1,1898
5446,2,1898
6329,1,1899
4341,4,1903
3023,0,1906
6115,2,1906
922,1,1907
580,1,1907
5080,2,1910
3194,4,1910
1099,3,1911
4778,1,1911
4999,4,1911
2430,0,1912
6778,2,1912
2118,0,1913
2536,1,1915
4098,2,1915
2561,4,1916
792,0,1916
762,3,1917
4160,2,1919
5141,2,1920
6965,2,1930
545,2,1930
803,1,1930
3461,2,1930
1171,4,1930
3795,1,1937
752,3,1939
5835,4,1939
4052,4,1939
2182,2,1940
5064,4,1941
413,2,1942
2763,1,1943
1741,1,1947
1479,2,1948
6085,4,1948
3072,4,1950
2486,4,1950
3066,3,1951
6771,3,1952
255,1,1955
687,1,1955
3155,3,1956
4224,0,1956
1899,1,1956
499,0,1958
5341,0,1959
3254,3,1964
3838,0,1964
1604,1,1964
5424,2,1968
6567,1,1970
2549,3,1973
504,2,1973
683,4,1973
348,1,1973
1504,3,1973
2174,0,1974
6295,4,1975
405,1,1976
6532,0,1976
6220,4,1977
2187,1,1978
5447,2,1978
5555,2,1978
2629,0,1979
732,3,1979
1577,0,1979
900,4,1982
4513,2,1983
4051,4,1983
6931,1,1989
2926,1,1989
4185,0,1990
5977,2,1991
1517,1,1996
5686,4,1996
5229,2,1997
657,1,1999
615,4,1999
6285,1,2000
2915,3,2002
4336,2,2002
1701,1,2002
2585,3,2013
3698,2,2015
1617,2,2016
5211,4,2020
1837,2,2020
4486,3,2020
3197,4,2021
68,0,2021
4389,1,2021
3019,3,2024
2787,1,2026
5216,1,2026
3473,3,2026
3380,3,2026
843,1,2029
1087,0,2029
2564,4,2031
3882,4,2033
5189,1,2034
196,0,2035
6701,4,2035
3965,2,2038
5003,1,2040
5615,0,2040
5938,2,2041
3853,2,2044
2108,4,2044
2146,4,2046
119,0,2047
1419,2,2049
6841,2,2049
4906,3,2050
5891,1,2051
6969,0,2052
2297,3,2052
5131,1,2054
3008,3,2054
1076,1,2056
3118,1,2056
4371,0,2056
2487,1,2056
273,2,2058
686,1,2058
6320,0,2059
1771,0,2062
5834,4,2062
2103,1,2063
5720,2,2065
360,3,2065
1776,3,2065
4204,4,2066
1344,4,2066
3894,2,2067
2402,0,2074
3238,4,2074
6734,0,2075
3178,0,2078
3117,0,2080
2678,2,2080
3581,2,2087
3202,1,2087
2046,4,2093
4018,1,2093
3377,3,2093
2618,3,2093
261,2,2093
4913,2,2095
2479,4,2095
1272,3,2096
6779,3,2098
3836,2,2098
3326,4,2104
733,3,2104
5933,2,2104
2606,4,2105
5558,4,2108
6602,1,2108
6757,3,2108
3057,2,2108
3968,2,2108
3426,1,2108
409,1,2109
1838,0,2112
3963,1,2112
5135,0,2112
5602,1,2112
3164,1,2112
4824,1,2112
2116,0,2113
6653,2,2113
6662,4,2116
6815,0,2120
5005,2,2124
6116,0,2124
5589,1,2124
4231,3,2124
2994,3,2124
2702,2,2126
4233,0,2126
718,0,2130
4001,1,2130
6208,2,2132
4186,4,2135
6334,1,2135
1573,4,2138
5308,0,2138
6118,1,2138
6992,2,2138
5407,0,2138
3621,1,2138
4422,3,2138
2770,1,2138
4397,1,2139
5183,2,2145
133,0,2149
1194,0,2149
6500,1,2150
184,2,2152
174,4,2161
2914,2,2161
1556,2,2163
5395,1,2163
2043,3,2163
3042,3,2164
1783,3,2165
3335,3,2165
2825,2,2168
4958,4,2168
3663,0,2168
3674,1,2168
379,3,2170
6770,0,2173
6210,0,2173
4720,1,2173
916,0,2176
1524,1,2176
3061,4,2177
4195,2,2178
1620,4,2178
214,1,2178
3110,1,2178
2541,1,2181
3984,2,2188
3119,4,2188
5345,4,2188
1357,0,2192
6110,3,2192
664,2,2192
5121,1,2192
6423,0,2195
6086,2,2196
1433,0,2198
4017,1,2203
5132,2,2205
219,2,2205
1326,0,2205
1175,3,2206
6684,3,2211
481,2,2211
932,0,2215
4440,1,2216
2988,4,2216
5605,4,2216
1541,0,2219
5296,4,2220
972,1,2221
1120,2,2225
6194,1,2225
177,0,2230
4719,4,2232
5054,3,2237
4257,2,2239
2249,4,2239
5411,1,2239
4212,0,2239
2115,1,2242
185,0,2242
6489,3,2243
2920,3,2244
2499,0,2244
4750,3,2244
5637,4,2247
4198,1,2247
5202,2,2249
594,1,2249
1305,4,2256
4746,3,2256
6973,3,2256
6484,2,2256
4742,1,2256
4594,2,2263
540,0,2263
5033,3,2263
4129,2,2264
1048,0,2267
4567,4,2267
6361,2,2269
4839,0,2273
6850,2,2273
2968,4,2273
4322,2,2273
296,0,2274
6946,0,2274
6150,4,2276
12,2,2280
6788,1,2283
1085,1,2284
4309,0,2284
4249,3,2284
3564,0,2284
6735,4,2286
2546,3,2288
6761,0,2294
4278,4,2294
4748,4,2294
638,1,2296
4410,3,2296
4310,0,2301
1052,2,2302
3755,2,2302
3644,3,2303
770,3,2304
3206,1,2304
519,2,2307
1969,1,2310
5327,4,2310
570,4,2311
2273,1,2313
2061,4,2315
929,3,2320
780,4,2320
1343,0,2322
1667,0,2323
2246,0,2325
4395,0,2325
2883,1,2325
5179,2,2329
3016,1,2329
6201,2,2333
5458,1,2334
1211,3,2334
5148,2,2334
5802,4,2338
1784,2,2338
3847,0,2344
5421,3,2345
4090,0,2346
5557,1,2347
1293,4,2347
5342,3,2347
6459,4,2347
1531,2,2348
3814,2,2348
6919,2,2349
5157,0,2351
3275,2,2356
2055,3,2356
3560,2,2356
3543,0,2356
2871,1,2362
52,4,2364
4498,0,2364
4251,3,2364
3025,4,2364
2928,2,2364
5609,2,2365
2242,4,2367
4162,3,2370
633,1,2374
410,2,2374
6737,0,2374
2301,1,2380
1082,0,2381
1630,1,2381
1878,1,2381
5193,4,2382
3769,0,2383
4866,0,2386
4268,4,2391
1768,1,2392
890,1,2392
4466,0,2392
4865,2,2396
874,2,2399
4993,3,2406
6805,0,2406
5271,1,2406
164,4,2406
6121,2,2407
4877,4,2408
5832,0,2409
1862,2,2412
4241,2,2412
1978,4,2412
5697,1,2412
2137,2,2412
1132,3,2412
2424,3,2413
3579,1,2416
4676,0,2416
1232,1,2416
104,1,2419
391,4,2419
4984,3,2421
5504,4,2421
3384,0,2423
6471,4,2423
6159,0,2424
2634,0,2424
1219,2,2427
141,2,2434
3704,0,2434
2085,4,2437
2811,1,2437
422,2,2437
6837,1,2437
3283,2,2438
327,0,2438
2320,0,2438
130,3,2440
2504,4,2444
6563,3,2444
1860,0,2444
2707,4,2449
2660,4,2450
4653,1,2450
6709,1,2451
4816,1,2457
1065,1,2457
5367,0,2457
702,4,2457
5159,4,2462
5652,0,2463
1914,4,2463
5629,3,2466
4701,1,2468
1166,0,2468
777,0,2468
5636,2,2471
797,0,2471
974,2,2471
3472,3,2471
2954,2,2471
3593,0,2471
2403,0,2478
1761,2,2478
1393,0,2479
5471,2,2480
3200,2,2480
3365,4,2484
6681,0,2489
477,0,2489
1833,3,2493
3059,1,2495
1925,0,2497
5734,4,2497
4072,2,2497
6044,0,2501
6694,2,2501
4755,1,2501
5898,0,2501
3939,1,2502
5315,3,2502
6713,3,2502
1162,1,2503
4617,1,2506
1779,1,2506
4457,2,2506
2259,2,2507
3144,4,2509
364,2,2513
5441,1,2513
3920,4,2513
1795,3,2514
1004,4,2515
5234,1,2519
1877,3,2522
653,1,2522
6903,0,2522
4843,3,2522
3078,1,2527
3424,0,2527
1033,3,2527
848,3,2527
2324,4,2527
6330,2,2527
3493,4,2527
1376,0,2528
2897,4,2528
1744,2,2541
5500,2,2543
4062,0,2543
1316,4,2544
5087,1,2544
341,0,2544
3288,0,2547
425,4,2550
5915,1,2552
461,2,2552
5518,0,2554
1268,2,2556
3452,3,2556
3422,2,2558
4500,0,2558
4218,1,2558
4959,2,2560
3332,0,2560
5222,4,2560
2356,1,2560
2576,3,2565
5780,4,2574
6699,3,2574
851,2,2574
6577,0,2576
4757,0,2576
6369,1,2576
3292,4,2577
143,4,2577
2685,1,2579
2636,2,2579
6262,1,2582
4568,0,2583
601,2,2583
5353,2,2584
1737,1,2584
5706,0,2586
5586,0,2586
4421,3,2588
3407,0,2588
3236,1,2591
3143,4,2598
4272,4,2598
5541,3,2599
4059,0,2602
4962,3,2604
1933,3,2604
2179,0,2605
2508,4,2610
2959,1,2610
4112,1,2610
2257,1,2610
3661,4,2614
924,1,2615
4029,0,2621
2706,4,2621
3080,3,2621
3300,2,2623
6958,0,2623
333,2,2626
2090,2,2626
4216,2,2628
3084,4,2629
2077,3,2632
5748,2,2632
1096,0,2632
3364,2,2632
6009,1,2633
6487,4,2633
34,2,2637
2764,1,2639
322,3,2640
17,3,2645
4481,1,2650
3874,1,2650
4704,2,2651
2218,3,2652
1808,0,2656
735,2,2656
2286,2,2656
6027,3,2656
4354,4,2658
5401,3,2658
4885,0,2660
884,0,2660
2992,1,2660
5847,2,2661
2932,3,2661
1499,0,2661
4795,3,2662
4501,0,2662
1486,1,2663
5486,0,2670
5752,4,2670
5659,2,2670
5474,4,2674
4708,3,2676
836,2,2678
6117,0,2678
4110,0,2682
3184,4,2683
6146,4,2683
5951,4,2683
4949,1,2684
6905,3,2685
2688,0,2688
1049,4,2694
6169,3,2694
211,1,2697
2466,3,2697
3974,1,2697
4867,4,2697
6100,2,2697
4564,2,2697
241,0,2699
5523,2,2701
3464,2,2701
2226,1,2703
2927,2,2704
6401,1,2706
2601,2,2706
6988,3,2707
1896,1,2707
6960,2,2707
4020,4,2708
4646,2,2709
6454,3,2713
4605,1,2714
5485,3,2715
3435,0,2718
2438,2,2718
5073,0,2723
3929,0,2723
6817,4,2728
4490,1,2730
3646,1,2732
2604,2,2732
426,0,2732
3466,2,2736
5660,1,2739
2017,0,2739
2349,4,2739
2086,4,2741
1192,4,2741
5939,0,2742
1935,1,2743
6656,0,2743
734,0,2743
1474,3,2744
3047,1,2746
2147,0,2748
6470,0,2753
6149,3,2754
6793,3,2754
5077,2,2755
2022,4,2756
14,2,2760
6264,2,2761
584,2,2762
6453,3,2762
5683,2,2762
217,1,2762
755,1,2762
1007,4,2762
5506,4,2762
2131,1,2772
3754,2,2772
898,0,2772
4569,3,2772
5312,3,2776
4120,0,2776
6107,3,2776
4957,0,2777
2808,2,2779
3677,2,2781
2572,1,2782
5884,1,2782
2718,1,2788
5879,1,2789
4854,3,2790
4077,3,2791
1830,0,2791
178,2,2791
2931,2,2791
571,0,2793
5492,0,2799
5547,3,2799
2708,0,2799
5911,1,2800
2213,1,2801
352,4,2801
6004,0,2805
247,3,2805
2392,4,2805
70,4,2805
4846,2,2806
3274,4,2807
4363,1,2808
4008,1,2808
5337,2,2809
3348,0,2811
4879,0,2811
5205,4,2814
3162,2,2814
4409,4,2814
895,4,2820
5598,3,2820
4604,3,2820
857,4,2821
3614,4,2822
3611,4,2822
2101,1,2825
4939,2,2826
6335,3,2826
1510,4,2830
5436,3,2832
6774,2,2835
4137,3,2836
6560,3,2836
2783,2,2838
3381,0,2838
5178,3,2838
4439,2,2840
6224,2,2840
3788,0,2840
796,2,2840
2180,1,2841
5862,2,2841
1673,2,2842
1720,4,2846
5926,1,2846
1472,0,2846
4978,4,2849
5270,2,2849
3413,1,2849
5753,1,2851
1561,1,2851
5791,0,2855
1051,1,2855
6172,0,2855
5126,4,2856
1534,3,2856
3248,2,2860
4465,1,2860
6065,0,2860
6362,1,2862
942,0,2863
576,3,2863
4769,3,2864
2300,0,2864
6461,0,2867
337,0,2867
4832,1,2871
5899,3,2871
4188,3,2872
1875,0,2874
2229,1,2874
4672,0,2874
4281,1,2877
5199,4,2881
6119,2,2881
5249,4,2883
2178,4,2883
4259,1,2885
1203,0,2885
318,1,2885
4691,2,2888
2443,2,2889
1593,2,2891
6730,0,2892
3069,0,2892
5910,2,2894
5361,0,2894
2128,1,2894
5844,3,2895
6375,0,2895
4590,2,2898
2094,2,2899
3530,4,2900
817,3,2900
3744,2,2902
6034,0,2908
2044,1,2912
4074,2,2912
1622,1,2912
5472,4,2915
6886,4,2915
1228,4,2917
2262,3,2918
1726,4,2923
3625,1,2923
5896,0,2923
1038,0,2924
3753,0,2927
4684,0,2927
5416,2,2927
1374,3,2931
186,3,2931
1500,0,2933
5368,2,2937
3509,2,2937
2594,1,2937
3507,1,2938
546,3,2939
2759,1,2939
175,0,2940
2929,1,2940
3480,1,2945
6405,2,2945
3908,2,2945
1984,1,2947
2907,1,2947
3387,2,2951
4250,2,2951
6137,0,2951
2537,1,2955
3901,4,2956
3356,1,2956
1582,4,2959
2820,2,2961
4047,2,2961
3582,3,2962
5740,4,2963
474,0,2963
3307,2,2965
4883,0,2970
6561,3,2970
2767,3,2970
6991,3,2972
5666,1,2973
5893,2,2973
2735,4,2973
6430,4,2974
2072,2,2974
1932,4,2977
4662,2,2977
6545,3,2977
5894,3,2977
3989,4,2978
6251,4,2982
6916,1,2982
254,2,2982
1451,0,2982
3529,0,2982
6997,1,2987
4857,1,2987
5086,0,2989
6995,1,2990
4872,0,2990
1614,1,2990
1747,1,2990
1685,0,2992
234,1,2994
1288,1,2997
4771,2,2997
1059,0,2997
4208,0,2999
4068,2,3002
2304,0,3002
5078,2,3003
4443,0,3006
4133,0,3007
3935,1,3009
406,3,3009
2113,3,3009
6003,1,3009
1206,3,3012
3214,1,3015
821,1,3015
470,0,3015
5351,3,3015
5053,2,3016
6707,0,3016
5801,2,3016
1976,3,3016
369,4,3016
400,3,3018
2374,3,3019
3871,1,3019
1298,2,3022
3152,2,3024
506,0,3025
4456,0,3026
1919,4,3027
4387,4,3027
1197,4,3028
2799,4,3028
6909,2,3030
4833,1,3030
1579,2,3030
2528,0,3031
1485,1,3033
1068,3,3033
2302,0,3036
485,0,3038
3324,4,3040
2212,2,3040
4745,2,3041
3866,2,3041
279,0,3043
3772,1,3045
5196,1,3046
2365,3,3047
2243,1,3049
2736,1,3049
483,4,3053
317,4,3053
2739,4,3054
1816,1,3064
1406,0,3064
4825,2,3064
6414,2,3064
2463,4,3065
2076,1,3065
5328,2,3068
6808,3,3069
5864,0,3070
308,4,3073
4037,4,3074
3683,0,3074
6082,2,3074
3024,2,3075
4016,0,3075
3851,1,3077
3112,3,3077
3713,2,3077
3738,3,3079
1503,3,3081
6384,3,3081
3909,2,3084
5650,2,3085
6838,2,3091
1037,0,3091
3736,3,3091
3291,0,3092
1497,4,3095
3011,2,3096
2958,1,3097
1861,4,3098
1483,0,3101
6579,2,3101
923,1,3103
1586,0,3105
4526,4,3107
1601,1,3107
6017,1,3107
1418,0,3107
2898,0,3107
3708,3,3107
4818,0,3107
3917,1,3108
2252,4,3113
6309,2,3113
1335,3,3113
3971,0,3113
4522,2,3115
2866,4,3119
5984,1,3119
2617,2,3119
1820,2,3126
1342,2,3128
3697,1,3133
3383,1,3133
3074,1,3135
1428,0,3135
3090,1,3135
497,2,3135
1681,2,3135
538,4,3136
4538,2,3136
2327,4,3138
2489,1,3138
5905,1,3139
3298,1,3140
3318,2,3140
4203,0,3140
6252,0,3140
2495,3,3142
2547,0,3143
2469,4,3144
3077,4,3144
6175,1,3144
4491,3,3145
996,3,3146
4220,2,3149
6343,0,3149
5454,3,3149
5130,0,3150
136,3,3150
6108,3,3151
4548,3,3151
4668,0,3151
876,0,3152
1853,2,3152
3701,2,3152
6367,1,3158
1216,0,3159
5851,0,3159
5432,2,3162
1994,1,3162
5369,4,3162
2432,0,3163
3893,2,3163
1168,2,3163
2779,2,3165
284,4,3166
557,1,3167
4375,1,3167
491,2,3168
1201,1,3170
1003,1,3170
3173,1,3171
5921,4,3173
6331,3,3173
4861,1,3173
2925,1,3178
5373,4,3178
6482,2,3183
2593,4,3183
2944,0,3183
982,0,3183
949,2,3188
5772,4,3190
4226,2,3194
2454,0,3194
814,2,3195
4656,1,3195
5800,1,3197
3798,3,3197
1677,3,3198
2654,3,3199
3093,4,3199
5626,1,3199
2814,0,3199
4713,2,3199
4411,0,3203
1117,0,3203
5758,0,3204
6867,4,3205
5245,0,3206
307,4,3206
1395,3,3209
6797,0,3209
5530,1,3209
3400,2,3209
6134,2,3211
4823,2,3212
4520,2,3212
5311,3,3214
2371,3,3215
3656,0,3215
4768,0,3220
779,1,3220
2002,2,3220
3355,1,3220
1489,2,3220
2625,0,3222
5334,1,3222
1512,0,3225
6005,2,3225
2269,1,3228
343,4,3232
674,1,3232
631,2,3232
5760,4,3234
5466,0,3234
378,1,3235
1973,0,3235
5056,4,3237
6664,1,3238
2121,4,3241
630,0,3241
624,4,3245
3496,3,3245
1728,0,3245
1777,0,3246
1253,1,3246
462,0,3246
2789,2,3247
4273,2,3247
5408,3,3248
4225,2,3248
281,1,3248
1224,2,3250
6790,2,3252
488,0,3252
4078,0,3252
2975,2,3253
4986,2,3260
6364,4,3260
6385,2,3260
6798,1,3260
6302,3,3262
2350,0,3262
6156,2,3267
5204,4,3270
3719,2,3270
2855,1,3270
4329,1,3270
5302,0,3272
1144,0,3272
6469,3,3273
737,3,3273
4041,3,3274
6098,1,3275
286,2,3279
5125,2,3281
467,4,3281
4433,1,3281
6078,0,3281
6002,4,3283
4095,2,3283
6077,3,3283
6687,3,3283
6580,1,3283
6830,1,3283
644,3,3284
788,1,3284
6257,0,3286
1564,0,3287
3251,0,3288
6283,0,3288
1315,2,3290
6142,0,3293
3325,1,3301
4581,4,3303
1859,1,3306
2028,4,3306
2434,0,3307
5343,3,3307
2940,2,3307
3165,0,3308
4794,4,3309
4779,1,3309
1136,2,3309
6028,3,3313
1296,1,3314
6632,2,3314
4651,3,3315
812,4,3316
842,3,3317
6537,4,3317
5600,3,3322
6409,2,3322
4549,4,3323
1866,1,3323
4445,0,3324
5968,2,3324
1308,2,3330
5540,1,3330
1947,2,3330
5346,2,3333
2223,3,3333
4782,0,3337
2476,1,3337
2394,4,3339
2520,0,3339
6069,2,3339
1110,4,3339
6530,0,3340
3095,2,3341
6442,2,3341
1100,1,3350
6266,2,3350
4147,0,3351
2038,0,3351
4527,1,3352
6154,0,3352
4519,2,3357
6894,2,3357
1012,4,3357
6045,1,3358
2641,4,3358
3391,2,3365
2173,3,3365
198,4,3365
6679,1,3371
2595,3,3371
5182,1,3371
385,3,3371
2709,0,3372
1368,4,3373
2253,2,3373
1949,0,3373
1501,2,3374
6278,1,3374
3322,3,3375
5431,3,3375
722,2,3376
3351,0,3378
246,2,3379
113,2,3382
5594,1,3383
6957,2,3384
2938,1,3384
6620,4,3386
5467,4,3386
3045,4,3386
6081,2,3387
629,3,3389
636,4,3389
4789,3,3391
2254,4,3393
1827,0,3394
2340,2,3398
1179,0,3398
3346,4,3398
3731,3,3398
3462,0,3398
4935,2,3398
6887,2,3399
2481,3,3401
730,0,3401
2830,0,3403
1236,1,3403
2282,0,3403
5563,4,3405
3565,0,3405
2875,0,3407
4545,1,3409
3177,0,3409
3561,4,3409
2653,1,3413
2034,2,3416
1699,1,3416
1563,0,3416
824,2,3416
3141,1,3418
5944,1,3420
1258,4,3420
4584,4,3425
3998,1,3425
453,3,3425
3188,2,3425
4149,1,3425
6769,2,3428
4010,4,3429
2835,4,3429
4253,2,3429
1616,3,3429
2521,3,3429
1943,2,3430
2317,3,3430
4985,2,3431
4570,3,3431
3999,0,3431
6200,2,3435
1077,0,3436
897,4,3437
4982,3,3437
6395,0,3437
6836,0,3437
4348,3,3437
6555,2,3437
1250,0,3438
5347,4,3438
4764,1,3438
883,3,3438
2695,4,3438
6698,4,3439
5736,3,3440
3740,1,3441
849,1,3443
6974,0,3444
6741,4,3444
6029,1,3444
3175,0,3450
3471,2,3453
4804,2,3453
6692,1,3455
2383,2,3456
5384,4,3457
144,0,3457
2066,0,3460
4518,0,3460
5587,4,3461
616,3,3464
2754,4,3468
1678,3,3468
1974,1,3468
5682,2,3471
1043,2,3472
963,4,3472
1882,4,3472
3626,0,3472
344,2,3474
6092,1,3474
3420,2,3475
5331,3,3477
3256,2,3477
1435,2,3479
5950,0,3479
5574,1,3480
4819,4,3482
3563,0,3482
4114,1,3482
1831,2,3482
5906,4,3484
632,3,3486
2016,4,3486
5838,4,3486
3130,1,3487
2102,1,3487
2854,1,3488
1135,3,3490
2610,1,3492
238,3,3492
5304,0,3494
2982,0,3494
785,1,3495
4575,2,3496
658,3,3497
3770,0,3499
2238,0,3499
2298,1,3502
4054,4,3503
6416,0,3503
1380,1,3503
6898,2,3503
4142,4,3505
4441,3,3505
5412,0,3507
1396,0,3507
1675,1,3507
4738,2,3507
4657,4,3507
1238,4,3508
6241,0,3511
3994,0,3511
5434,4,3511
3842,3,3511
4787,0,3516
6450,2,3519
5883,0,3519
5356,3,3519
2677,1,3522
3495,2,3523
3958,1,3524
5713,2,3524
2700,4,3524
2970,4,3526
1032,2,3531
5065,4,3533
2117,1,3533
832,2,3534
2734,4,3536
6113,4,3537
5278,4,3537
5982,0,3539
6490,3,3539
4595,1,3539
3934,1,3539
1371,1,3540
6339,2,3541
5012,1,3543
47,1,3543
2501,2,3543
1585,2,3545
3514,3,3545
2050,3,3548
2953,0,3554
4615,3,3554
1848,3,3555
3150,3,3556
6568,2,3560
943,4,3561
2948,2,3561
3431,0,3561
5565,2,3561
2008,1,3564
6633,4,3565
2177,2,3565
3954,1,3566
4085,0,3566
6202,0,3566
930,1,3574
2150,4,3575
5197,0,3575
1060,1,3575
2797,0,3575
6020,0,3576
4817,4,3576
4434,4,3576
2807,4,3579
5026,0,3580
1426,1,3580
4736,2,3582
4404,0,3583
3096,1,3583
1108,2,3583
6192,3,3585
966,2,3585
6937,4,3585
4660,2,3586
1559,1,3587
5972,2,3587
3235,1,3587
2612,2,3590
5693,2,3590
1533,4,3596
6888,2,3598
6663,3,3598
3815,4,3598
6481,3,3601
1103,4,3601
2724,1,3601
3861,0,3601
441,0,3603
560,1,3605
4275,0,3606
5284,2,3606
3545,1,3607
2662,3,3609
6032,2,3609
1989,2,3611
44,2,3611
6600,4,3611
2049,4,3615
748,4,3615
6214,2,3615
5333,1,3615
2540,3,3615
1495,3,3615
5684,4,3616
1874,0,3616
4485,0,3619
2949,3,3619
2974,2,3619
3751,1,3623
3064,4,3623
3082,1,3623
268,0,3624
5035,1,3625
5779,4,3625
3209,0,3626
1679,4,3626
1691,2,3627
2553,0,3630
4242,2,3631
490,4,3631
6287,2,3632
1864,3,3633
5763,3,3634
720,2,3634
4075,0,3634
5207,1,3635
3135,2,3638
3997,1,3638
6462,4,3643
2651,0,3643
6301,1,3645
439,0,3646
5852,2,3648
2437,2,3651
4973,0,3651
5387,4,3651
2515,4,3651
1399,4,3651
1161,4,3653
5653,1,3659
1036,2,3660
531,3,3660
3938,3,3664
4899,2,3664
4991,1,3664
3850,4,3664
1625,2,3665
4157,3,3665
4635,3,3665
2080,3,3666
1854,1,3667
1121,1,3670
933,4,3670
5450,1,3671
1893,2,3672
4386,0,3673
6093,0,3675
287,2,3675
4886,4,3677
4805,2,3677
6191,1,3678
1476,4,3678
4248,0,3680
1220,4,3680
6834,3,3680
4855,0,3680
5000,1,3680
6468,1,3682
6238,3,3685
1029,1,3685
2373,0,3685
6466,1,3685
2027,2,3687
4586,2,3687
299,3,3688
2934,4,3688
627,3,3691
4473,0,3693
478,0,3693
2809,3,3693
1046,0,3693
877,2,3694
3284,4,3694
6945,4,3694
5201,4,3695
6926,2,3701
4659,4,3701
1245,0,3701
4388,2,3703
5889,0,3706
1708,0,3706
32,0,3706
2059,4,3710
5104,0,3710
5918,4,3710
2452,3,3710
3434,2,3710
2967,1,3712
6927,3,3712
5325,3,3712
2839,1,3713
6037,2,3714
2141,2,3714
1887,0,3714
4493,0,3718
5946,1,3718
1383,4,3719
3877,3,3719
1553,2,3719
3252,2,3721
2935,2,3728
1442,0,3728
889,3,3729
6933,2,3729
6377,4,3729
3729,1,3729
6480,4,3729
1798,1,3729
3967,1,3729
516,1,3729
3172,0,3730
3051,4,3730
6105,3,3733
2095,4,3733
4644,4,3733
6324,4,3736
3955,1,3736
4000,0,3736
3824,0,3737
4838,1,3737
2289,4,3737
6831,2,3737
5031,0,3737
2587,3,3738
3513,1,3740
6501,0,3740
1460,1,3740
2494,2,3742
4577,4,3743
1434,0,3743
4118,2,3743
2766,0,3743
1191,3,3744
1352,0,3744
4027,1,3749
3136,4,3750
6456,2,3750
309,2,3752
4733,0,3752
1765,2,3753
6853,0,3754
1669,0,3754
5099,2,3755
3417,1,3755
2956,1,3755
5579,4,3757
4582,3,3759
4436,2,3760
525,4,3762
6315,0,3762
5525,3,3763
1226,1,3763
5084,1,3763
678,4,3764
4631,2,3767
4916,1,3767
5241,2,3775
408,4,3775
2023,2,3777
3046,3,3777
3344,1,3780
6473,2,3780
523,1,3781
4229,1,3783
4813,2,3783
4201,1,3784
5317,2,3786
3189,2,3786
1774,1,3786
4423,1,3786
342,0,3786
4045,0,3787
4126,0,3789
4780,3,3789
2215,4,3789
1929,2,3790
2667,1,3790
4774,3,3790
5063,0,3791
5873,0,3792
5550,0,3792
1073,2,3793
1825,3,3794
5480,3,3795
1148,0,3795
6182,4,3796
4712,0,3797
2062,1,3799
2621,2,3801
6938,2,3802
2006,4,3806
427,2,3807
5217,1,3807
4647,3,3807
2657,4,3808
3052,2,3808
5737,2,3808
1639,4,3809
1927,3,3809
5260,2,3810
5658,0,3810
1539,2,3812
2296,1,3812
4732,2,3812
4482,0,3815
2751,1,3815
2436,2,3816
5789,4,3817
1950,4,3817
2271,1,3822
4049,1,3822
4009,1,3822
6314,0,3822
3748,2,3822
168,2,3823
2778,1,3823
3758,2,3824
2946,1,3830
5731,2,3830
2964,3,3830
430,2,3831
2542,3,3831
2538,2,3834
3840,0,3835
6904,2,3837
1165,3,3837
6018,1,3838
2611,4,3839
3969,0,3839
4349,3,3840
6890,0,3843
1341,4,3843
4686,2,3843
6015,0,3844
2579,3,3845
3551,3,3845
6112,1,3847
4987,4,3850
4560,2,3850
6216,0,3850
2810,3,3851
5827,2,3851
4287,2,3851
6261,0,3852
2380,4,3852
167,0,3853
3501,0,3854
4061,2,3858
2325,1,3861
2827,4,3861
3756,4,3861
4197,1,3862
3745,1,3862
5022,3,3862
5074,2,3862
6571,0,3862
4562,2,3869
1105,1,3869
3262,3,3869
4858,4,3870
5295,3,3870
566,2,3870
5648,0,3870
6235,2,3873
5663,4,3873
6088,4,3873
3524,4,3874
724,1,3874
975,1,3874
2782,1,3875
6039,2,3878
6874,3,3880
1560,2,3881
3811,0,3882
5744,4,3882
1422,2,3882
6258,3,3883
5437,1,3884
5150,3,3884
1911,0,3884
3878,0,3885
5093,3,3885
4174,4,3886
5708,1,3886
1849,3,3886
2874,1,3886
6603,0,3889
5994,4,3890
6953,1,3890
5112,0,3890
5881,2,3890
2427,0,3893
5796,4,3895
4642,0,3897
5703,3,3897
4302,1,3900
4992,0,3900
3183,4,3901
6406,0,3901
1464,4,3901
2414,0,3902
6114,0,3904
4391,2,3904
1594,2,3904
1362,3,3907
166,1,3907
6999,2,3908
1020,4,3910
2976,2,3910
2109,1,3910
4315,4,3911
902,4,3913
5986,0,3914
4270,1,3915
5069,2,3915
893,1,3915
1054,1,3916
2014,2,3917
3667,2,3917
2978,1,3918
646,2,3919
4432,1,3919
5273,3,3919
986,2,3920
5306,4,3920
5238,3,3922
5992,3,3924
6643,0,3925
3221,3,3925
4578,2,3926
6821,4,3927
2303,0,3930
2144,0,3931
3132,3,3931
1938,4,3933
1323,2,3933
3662,1,3934
5517,2,3935
5539,3,3935
2816,0,3935
4451,1,3935
4777,4,3935
345,2,3935
2626,1,3939
2674,1,3939
6777,2,3940
648,4,3940
2165,3,3941
826,2,3946
4772,2,3946
361,1,3947
1631,0,3947
6719,0,3947
4776,2,3950
5613,2,3952
5404,0,3952
2120,0,3953
4898,1,3955
127,0,3955
4070,0,3956
3518,3,3961
3280,1,3961
4240,4,3962
2950,0,3963
3647,4,3965
2788,0,3966
819,1,3966
2460,3,3966
503,3,3966
351,4,3966
6893,2,3966
5075,2,3966
5528,4,3967
697,4,3967
1441,2,3967
2425,1,3967
3796,1,3967
2539,2,3971
2930,3,3971
3515,3,3972
637,0,3974
2529,1,3974
3517,0,3974
6910,4,3974
4460,2,3974
4318,4,3975
5856,1,3975
2995,2,3976
1267,3,3977
5749,2,3977
1401,3,3977
716,1,3979
1558,1,3980
2096,3,3985
5936,2,3985
3443,4,3986
2900,0,3986
3757,2,3987
1292,2,3988
1621,2,3989
5255,2,3990
4650,0,3994
6578,2,3994
3149,1,3994
1641,1,3996
2792,4,3996
524,4,3996
3295,1,3996
6726,0,3996
6601,2,4001
3653,3,4002
5943,1,4002
1696,4,4002
1053,0,4003
29,2,4003
1941,1,4004
6768,4,4004
1532,4,4006
904,1,4006
5237,0,4006
5822,0,4006
5963,2,4008
2151,1,4008
1523,4,4008
357,0,4008
4280,3,4010
4115,0,4010
4599,2,4010
6727,3,4010
2310,3,4013
5398,1,4015
894,4,4018
853,2,4018
1809,3,4019
500,2,4020
3423,0,4020
1815,0,4020
845,2,4021
4956,1,4025
2605,2,4025
2444,0,4027
2859,4,4027
2005,1,4027
1707,0,4027
5227,3,4027
6494,2,4027
1870,4,4027
2351,1,4030
6247,2,4031
6981,1,4031
3133,0,4031
1750,1,4031
1871,1,4032
1013,4,4033
2004,3,4034
5203,0,4035
6598,2,4035
872,2,4036
5920,0,4036
1656,0,4038
2879,3,4038
1780,0,4042
6135,2,4042
2248,4,4045
1370,2,4045
5961,0,4045
865,3,4045
4476,2,4046
1940,1,4048
2526,1,4049
1494,1,4049
350,4,4049
5136,3,4049
2777,4,4050
1569,0,4050
6087,3,4053
513,0,4054
4499,2,4056
5406,2,4056
1759,3,4056
3389,2,4058
1124,0,4058
5775,3,4059
194,2,4059
1948,2,4059
2364,1,4059
2790,2,4063
1314,4,4066
2230,1,4066
6365,2,4066
1454,0,4067
4942,2,4067
5969,3,4068
4946,4,4070
5410,0,4071
3145,4,4072
968,2,4072
701,1,4072
6667,1,4072
2181,0,4073
4553,3,4073
3540,1,4073
6700,1,4073
4452,3,4074
3247,0,4078
1388,0,4078
320,4,4079
521,0,4080
2132,0,4083
3302,2,4083
4979,2,4083
2358,2,4083
4515,3,4084
4119,0,4085
3895,4,4086
1126,2,4086
5355,2,4087
2960,0,4087
5908,1,4087
1164,3,4087
1841,3,4093
3460,4,4093
4845,4,4094
66,2,4094
6160,2,4094
5233,3,4094
1256,1,4097
6918,2,4097
4178,2,4097
3973,1,4098
6840,2,4098
1152,1,4099
6380,1,4101
5120,2,4101
6312,3,4101
6743,1,4106
1280,3,4107
2029,0,4107
729,4,4108
2404,1,4108
4285,4,4108
753,0,4111
2586,3,4112
873,1,4112
125,0,4113
3054,1,4113
1213,0,4113
6897,0,4115
3622,4,4115
274,0,4115
3171,1,4115
3818,2,4115
6621,1,4115
6631,3,4118
4573,1,4120
859,4,4120
4252,2,4120
4554,0,4121
4134,2,4122
1651,1,4126
2089,2,4126
1975,4,4126
529,0,4126
4444,0,4128
445,4,4128
183,2,4128
4483,3,4128
6185,2,4128
6498,0,4130
3242,3,4130
926,0,4130
6080,2,4130
2684,2,4131
4716,1,4133
2270,4,4136
6875,2,4136
6383,3,4136
1439,0,4137
3572,3,4140
3979,2,4140
1276,4,4140
604,1,4140
2073,4,4141
46,0,4141
5118,1,4141
5265,0,4143
2670,3,4143
6591,1,4144
6818,1,4145
4163,4,4146
5785,0,4146
5299,2,4149
4752,2,4149
5649,1,4149
3314,1,4153
5746,1,4153
3768,0,4154
586,0,4156
2025,1,4156
4487,2,4156
458,4,4159
669,2,4161
3081,2,4161
5818,3,4161
5929,3,4161
28,3,4161
256,1,4162
447,2,4162
5169,2,4162
2063,3,4162
4602,1,4163
1217,0,4163
3193,0,4163
1493,0,4164
2730,3,4164
5578,0,4167
6998,2,4167
5366,2,4167
5072,1,4168
3363,4,4169
1788,0,4170
1339,1,4170
1116,4,4170
1158,4,4171
915,0,4171
4509,1,4174
6517,4,4175
3015,2,4176
4502,0,4178
746,1,4178
156,0,4178
1487,0,4178
1660,2,4178
1937,4,4178
1587,2,4178
2338,4,4180
5869,2,4180
2522,2,4180
4793,4,4180
6143,3,4181
6337,4,4181
1844,1,4184
1588,2,4184
515,3,4184
1432,3,4184
4298,1,4186
6762,0,4186
1832,1,4187
6752,1,4188
5712,2,4189
5630,0,4189
1377,1,4189
2881,0,4191
5588,4,4191
5816,0,4193
6485,3,4193
4192,1,4193
726,2,4195
5459,2,4196
98,0,4197
1184,0,4198
3715,4,4198
1967,3,4201
6016,2,4201
583,2,4201
3885,3,4201
373,1,4201
6109,2,4203
4005,3,4203
220,1,4204
4696,2,4204
2506,1,4204
2890,4,4205
1717,0,4207
6689,3,4207
395,0,4209
4694,3,4209
5172,0,4209
6147,4,4212
5983,2,4212
6429,0,4212
6345,2,4212
19,1,4213
1515,4,4214
444,2,4214
6234,1,4214
4820,4,4215
6083,1,4218
3837,3,4218
6074,2,4218
2030,0,4218
6111,1,4219
2757,4,4220
1186,0,4222
6141,4,4222
1409,4,4222
4968,1,4223
3688,1,4223
253,1,4223
925,1,4224
567,2,4224
3977,4,4225
913,3,4227
1763,1,4227
6316,2,4228
3416,1,4228
2322,0,4230
473,3,4231
2372,0,4231
3157,1,4232
6587,2,4233
3489,2,4234
1689,1,4235
6095,0,4238
899,3,4238
265,0,4238
5493,3,4238
1301,2,4238
5326,2,4238
6725,2,4238
3741,4,4240
3633,2,4241
4381,1,4241
5134,4,4241
4357,3,4246
1069,3,4246
1247,2,4247
2264,0,4248
6742,4,4248
5397,3,4249
3609,0,4249
2500,1,4249
6317,1,4249
1173,4,4249
415,1,4251
549,0,4251
745,4,4251
3310,2,4252
3980,3,4252
1612,0,4252
1513,1,4253
6764,0,4253
1477,4,4258
1908,0,4258
229,0,4258
2283,2,4259
1278,4,4259
5761,2,4260
6572,1,4261
941,4,4262
2263,2,4262
3337,3,4264
346,3,4264
101,1,4264
218,0,4264
6126,2,4268
647,4,4268
1508,3,4272
6031,2,4272
881,2,4273
3732,2,4274
6249,3,4274
4540,1,4275
1951,3,4275
4211,1,4277
2224,2,4278
5329,2,4278
690,2,4278
2947,0,4280
2532,4,4280
5590,2,4280
5461,2,4280
4878,1,4280
4223,1,4280
4266,1,4280
5456,4,4281
1574,3,4281
6059,3,4281
114,1,4286
1702,0,4286
3305,3,4286
3879,2,4289
3549,4,4289
5990,0,4289
3129,1,4289
451,2,4290
6630,2,4290
5019,2,4290
2346,2,4291
5319,1,4292
5949,1,4292
4475,4,4292
110,4,4292
1709,0,4292
5491,0,4292
443,0,4293
1602,3,4295
1480,4,4295
5083,2,4295
1920,0,4295
1209,0,4295
6651,0,4297
2602,2,4298
6273,1,4298
1661,4,4298
4217,0,4300
48,4,4301
4849,0,4301
5638,1,4301
1129,4,4301
6891,4,4302
3091,2,4302
6634,2,4306
1329,0,4306
6322,3,4307
5987,1,4308
384,2,4308
4555,2,4308
5792,4,4308
1812,3,4308
6944,3,4310
2791,1,4311
159,4,4313
6424,4,4315
3867,3,4315
4932,4,4315
6635,0,4315
1081,1,4315
4459,0,4315
822,2,4316
2188,1,4319
6432,1,4319
2894,0,4319
2869,4,4320
3521,1,4321
6728,0,4321
5449,3,4321
2637,2,4321
1605,3,4322
2389,3,4323
3340,2,4323
1317,0,4325
3406,4,4325
95,0,4325
277,1,4325
4011,3,4325
6935,3,4326
2878,0,4326
4187,0,4327
6035,0,4328
816,1,4330
995,0,4331
4394,3,4331
1758,2,4332
3649,2,4332
5499,4,4332
5742,0,4334
2352,4,4334
2001,1,4334
1550,0,4336
5195,2,4336
4401,1,4337
6885,4,4337
612,0,4337
1535,2,4339
3941,1,4341
6207,4,4343
4924,2,4344
6773,1,4345
3573,0,4345
3500,1,4345
1519,2,4345
4561,3,4346
6657,3,4346
5382,2,4346
3048,3,4348
1570,3,4348
6341,2,4348
282,2,4348
3520,3,4348
6718,2,4349
4262,4,4350
6166,0,4352
2170,4,4352
2655,1,4353
6914,0,4355
3285,3,4357
6599,1,4358
2279,2,4358
4611,1,4359
920,3,4360
5100,4,4360
6518,1,4360
4089,3,4360
2010,1,4360
3370,0,4360
2461,4,4360
5095,0,4360
6720,0,4360
4504,2,4361
5924,4,4362
6715,1,4362
5554,2,4363
2710,1,4363
5013,2,4363
2630,2,4366
3737,1,4366
4909,4,4366
1663,3,4366
5604,4,4366
4534,1,4367
449,0,4374
6586,0,4374
3027,1,4374
3385,4,4374
4067,0,4375
2342,1,4377
5960,2,4378
5419,1,4378
3086,0,4378
4563,3,4378
3574,0,4380
4884,1,4380
4767,4,4382
1888,3,4382
5799,2,4384
5168,3,4384
4168,0,4384
3153,3,4385
399,2,4386
3477,2,4386
1674,2,4386
2987,1,4386
6896,0,4386
5538,2,4387
6246,1,4388
3577,0,4388
1901,2,4389
4109,4,4389
5606,4,4390
436,4,4390
1649,1,4390
6338,4,4391
3602,0,4392
2159,1,4392
6066,3,4392
3115,4,4392
2548,2,4393
323,2,4393
356,3,4394
4637,1,4394
5641,1,4394
6403,1,4397
5739,4,4397
5258,0,4397
3987,3,4400
1155,1,4400
5487,2,4400
4385,1,4402
3039,2,4402
4146,2,4405
6073,1,4405
4608,4,4405
3552,4,4405
2801,3,4405
476,4,4405
180,2,4406
2554,0,4407
2164,1,4407
2784,0,4408
4136,3,4408
4975,2,4409
3371,1,4410
2733,4,4410
4629,2,4410
6703,0,4410
6835,3,4410
4227,0,4410
6801,1,4410
978,1,4414
6678,0,4414
5970,1,4414
1417,0,4415
2051,0,4415
6435,0,4417
6594,4,4417
4692,1,4417
1922,2,4417
2726,2,4418
3427,4,4418
5250,1,4419
5876,0,4419
2092,2,4419
2574,2,4419
1064,2,4419
5711,2,4419
4770,0,4420
1547,2,4420
2426,2,4421
3855,2,4421
3367,3,4422
4124,3,4422
4636,2,4427
4842,4,4427
6061,0,4427
1364,3,4427
3615,3,4428
5275,4,4429
36,1,4429
1404,2,4429
4189,2,4430
2122,3,4432
3717,4,4432
5582,0,4432
6671,1,4432
2379,2,4434
4512,4,4434
2245,4,4434
4834,1,4434
1172,0,4435
404,1,4436
5050,2,4437
985,1,4438
4529,0,4439
6825,3,4439
6676,4,4439
2386,2,4441
6524,0,4442
2087,3,4442
5469,0,4442
3618,4,4443
6982,2,4443
4800,4,4444
5287,4,4445
756,1,4447
5280,3,4447
3536,1,4447
605,0,4449
6846,1,4449
1299,0,4449
3714,2,4449
6099,1,4450
4412,0,4450
2081,2,4450
2313,2,4451
6950,1,4452
6540,2,4453
1402,4,4453
6932,2,4453
2409,0,4455
3354,0,4457
3591,4,4458
3900,4,4459
1193,4,4460
1056,0,4460
2145,1,4460
2441,2,4461
1599,3,4461
2222,3,4464
106,1,4464
5091,4,4464
671,1,4464
2895,3,4465
5363,4,4465
1262,1,4465
856,3,4465
6869,2,4465
3775,3,4465
3026,2,4466
1386,0,4468
3146,0,4468
1210,2,4469
3985,0,4469
6181,2,4469
3852,4,4469
128,4,4469
3558,1,4469
2849,3,4469
4727,1,4469
4103,3,4469
1177,2,4470
3439,0,4472
2598,4,4472
3587,4,4472
2844,2,4473
2819,1,4474
5520,2,4475
4214,0,4475
3126,1,4475
818,4,4477
714,1,4477
4403,2,4477
5833,2,4477
2381,0,4477
4043,4,4479
3726,1,4480
3702,2,4480
1349,1,4480
5463,1,4480
5365,3,4480
2603,0,4481
2293,0,4481
3272,2,4485
149,1,4486
6824,0,4486
3533,2,4487
4038,4,4487
1644,1,4488
126,3,4488
5479,4,4489
1354,0,4489
712,3,4489
3953,2,4492
6274,4,4493
6458,1,4493
6263,3,4493
1195,3,4493
598,3,4494
837,0,4494
5445,2,4494
1537,1,4494
2619,4,4495
1265,4,4496
5457,2,4498
3372,3,4499
2130,4,4499
3268,2,4499
403,0,4499
2517,0,4500
1356,1,4500
3378,4,4500
115,2,4501
4202,3,4501
3398,0,4501
3776,2,4501
292,1,4501
4156,3,4502
885,0,4502
3113,1,4502
1906,4,4502
2157,2,4504
2084,0,4504
4467,0,4506
1543,4,4507
1752,2,4507
2544,1,4507
5045,2,4508
4722,1,4510
2728,0,4511
2720,1,4511
2219,1,4511
2227,1,4512
6152,4,4514
5781,2,4514
2841,2,4514
6954,0,4516
5919,2,4516
3415,4,4516
1939,2,4518
4449,1,4520
3789,1,4520
2129,1,4521
4030,4,4521
3290,0,4521
1895,3,4521
855,3,4522
5661,4,4523
5377,1,4523
6280,4,4524
2068,3,4524
4966,0,4524
1444,1,4524
555,2,4524
3730,2,4524
1521,3,4525
158,4,4525
3860,2,4525
5330,0,4525
6989,2,4525
2484,4,4526
2645,0,4526
6132,4,4528
6892,0,4528
6448,3,4531
3802,3,4531
1666,0,4532
5714,0,4532
6195,2,4532
6178,1,4532
5764,2,4533
1942,3,4535
1652,4,4537
3279,1,4537
1545,1,4538
5180,2,4538
1176,2,4538
3787,2,4538
275,1,4539
5323,0,4541
3350,4,4541
4255,0,4541
1089,2,4541
2040,2,4541
4754,2,4543
944,4,4543
1824,3,4543
1358,1,4543
4365,1,4543
6097,2,4543
1057,1,4543
4346,1,4544
5669,0,4544
5282,4,4544
3021,2,4546
1092,1,4546
5571,2,4548
5976,3,4548
559,0,4549
2880,0,4550
6184,2,4550
3409,0,4551
3812,1,4551
5947,1,4551
6739,0,4553
3339,3,4554
3889,1,4556
5444,2,4556
6223,0,4556
2884,4,4556
3767,4,4556
3637,4,4557
1546,1,4558
3947,0,4558
2398,2,4558
5524,2,4558
6399,3,4558
820,3,4558
3883,0,4559
2033,1,4559
1414,0,4561
880,4,4562
3548,3,4562
5146,3,4562
407,2,4562
3166,0,4562
4424,2,4562
71,4,4562
2139,3,4564
3004,1,4564
6356,1,4567
1227,0,4567
3294,1,4568
6610,2,4568
953,0,4568
4551,1,4568
2411,2,4568
6547,0,4569
6434,3,4569
1648,4,4569
3491,2,4570
4749,2,4572
3271,2,4572
1295,4,4572
5423,0,4572
3028,4,4572
4579,2,4573
5509,2,4573
4990,1,4575
328,2,4575
997,2,4577
2329,3,4577
6465,0,4578
1867,1,4578
650,4,4579
1850,2,4579
1055,0,4579
6079,0,4581
3810,0,4582
6213,1,4582
693,1,4583
5768,2,4583
613,4,4583
242,3,4583
4661,3,4583
2991,1,4583
6205,2,4585
965,4,4585
610,0,4585
1845,0,4586
203,4,4586
5151,4,4586
6151,3,4586
1684,3,4586
4405,3,4587
6505,4,4587
6360,2,4587
3403,4,4587
2860,4,4589
3799,1,4592
2162,2,4592
6792,0,4592
1965,2,4592
4324,2,4592
2652,4,4593
775,3,4593
5776,2,4593
3832,3,4593
5261,2,4593
5829,2,4593
264,2,4594
717,2,4595
750,0,4596
3960,2,4596
791,1,4597
412,1,4597
2852,1,4598
5388,4,4598
3240,1,4598
641,0,4598
3568,0,4598
2359,0,4598
6866,4,4599
2823,4,4601
852,0,4604
2509,3,4604
3358,0,4604
4364,3,4604
3782,3,4604
2818,2,4604
5378,3,4605
4619,0,4605
680,2,4605
5145,4,4606
5575,0,4606
4919,1,4606
5635,1,4606
4171,4,4607
1981,0,4609
3519,2,4609
208,0,4609
3765,2,4611
2756,1,4611
3303,3,4611
1507,3,4611
1786,4,4611
1904,2,4611
90,4,4611
5584,4,4611
5027,2,4613
5276,4,4613
5058,1,4613
2840,1,4613
4830,0,4614
6939,4,4615
5988,3,4615
6196,0,4615
1351,0,4615
2185,2,4615
5531,2,4615
233,4,4617
6340,3,4617
1998,1,4617
5608,1,4617
4159,2,4617
6411,0,4617
5603,0,4618
3589,2,4618
2531,4,4619
3253,2,4620
6884,4,4621
6912,2,4621
6030,3,4621
6747,2,4622
1379,1,4623
3447,4,4623
2493,1,4623
5975,0,4623
1016,0,4624
1963,1,4624
2980,4,4625
5685,3,4626
1999,2,4626
2584,4,4626
1983,2,4626
1297,2,4626
3800,0,4626
3425,0,4628
5340,1,4628
4374,2,4628
49,1,4629
6439,3,4629
3857,1,4630
5246,1,4630
160,2,4630
496,0,4632
1889,0,4632
5163,1,4633
2475,4,4633
300,0,4633
3258,1,4633
6447,3,4633
3733,3,4633
3440,0,4633
4057,2,4634
1147,3,4634
5662,0,4634
4944,0,4634
1015,3,4636
710,4,4636
896,0,4637
596,2,4638
1452,4,4638
2889,2,4640
4851,0,4640
4943,2,4641
3670,2,4641
5783,2,4642
4332,1,4642
1790,3,4643
5320,4,4643
6704,2,4644
4510,0,4644
5527,3,4644
6819,4,4644
2305,1,4644
4911,1,4644
1676,1,4644
3320,1,4644
6221,4,4645
721,1,4645
739,4,4645
1872,2,4645
5364,0,4648
5656,2,4648
1529,1,4649
4980,1,4650
4743,4,4651
2344,4,4651
3833,4,4651
5057,2,4651
5956,3,4651
1034,0,4651
440,3,4651
5688,0,4652
6949,1,4652
1589,2,4653
2406,4,4655
6806,4,4655
289,1,4655
3854,0,4655
3128,0,4656
3673,0,4656
2690,2,4656
1241,1,4657
4221,3,4657
3570,1,4658
1411,4,4658
5156,0,4658
907,0,4658
3752,3,4658
3919,3,4658
1865,1,4659
4307,3,4659
1122,2,4660
5040,4,4660
2003,3,4660
258,0,4661
4414,2,4661
6812,4,4664
6089,4,4664
2348,2,4664
6279,1,4664
6534,2,4664
5507,2,4664
6475,2,4665
3531,3,4666
2903,1,4666
2821,1,4666
707,2,4666
3948,2,4666
4477,1,4667
6605,4,4667
5610,2,4667
6393,2,4668
1450,4,4668
2570,0,4669
5226,3,4669
3103,2,4669
3707,4,4669
6497,0,4669
5293,3,4669
1727,4,4670
442,1,4671
6056,0,4673
6902,0,4673
1169,4,4674
6272,0,4675
3794,1,4675
6697,3,4675
6845,4,4675
2815,0,4676
839,1,4676
3896,0,4677
1182,3,4677
740,1,4677
1807,4,4677
1576,1,4677
5681,3,4677
2864,3,4677
1361,4,4677
5572,3,4678
3620,0,4679
6702,4,4680
841,3,4681
619,2,4681
5642,1,4681
4936,2,4682
5596,1,4682
4184,1,4683
6829,1,4683
1638,4,4683
4313,3,4684
1141,3,4685
3502,4,4685
5729,0,4685
708,3,4685
5455,2,4685
4237,2,4686
3586,4,4687
5425,2,4687
6996,0,4687
6428,3,4687
1178,0,4687
0,4,4688
3446,2,4688
3779,4,4688
6311,3,4689
736,0,4689
6101,2,4689
5442,2,4689
2966,1,4690
2732,1,4690
4624,0,4690
5759,2,4691
2295,2,4692
1597,2,4692
5770,1,4693
1350,4,4693
1987,4,4693
6019,0,4695
3657,0,4695
3083,1,4696
1465,0,4696
2951,4,4696
3594,0,4697
4607,1,4698
3163,3,4699
431,1,4699
744,4,4699
858,0,4699
5155,3,4699
3734,0,4699
3486,0,4700
2911,2,4700
3720,1,4700
611,4,4700
5055,0,4700
3220,3,4701
5375,2,4701
5997,2,4701
3826,4,4701
124,3,4703
4155,2,4703
3481,4,4703
4023,1,4704
1909,2,4705
5236,3,4705
1548,0,4705
6179,3,4705
2846,4,4706
6491,1,4706
5158,3,4707
1811,4,4707
5566,0,4707
4737,0,4707
5930,2,4707
2105,2,4707
1931,2,4708
1106,1,4708
1627,2,4710
3234,4,4710
6986,1,4711
979,2,4711
3122,1,4712
5009,0,4712
1118,4,4712
4674,2,4712
617,0,4715
4908,4,4715
6033,4,4716
2292,2,4716
4,0,4716
3523,1,4716
3228,0,4716
5795,3,4716
383,1,4716
6268,0,4717
4073,3,4717
2138,2,4718
875,1,4718
5371,1,4718
3105,1,4718
4173,4,4719
3390,4,4719
3142,2,4719
3655,3,4720
6013,4,4720
888,2,4720
4933,2,4720
2261,4,4721
6911,2,4721
4705,0,4721
2837,0,4722
1123,3,4722
5231,0,4722
116,0,4722
3511,0,4723
622,0,4724
984,4,4724
201,3,4724
663,2,4724
206,2,4724
1910,3,4725
6057,3,4725
1997,0,4725
290,1,4725
2781,1,4726
3616,0,4727
6839,4,4727
1554,3,4729
786,1,4729
1243,3,4729
3590,1,4729
6618,2,4729
4828,2,4729
6810,1,4730
3946,0,4731
3457,2,4731
2745,2,4731
2575,1,4732
6270,2,4732
2873,1,4732
4623,2,4733
1753,3,4733
5647,1,4733
3241,4,4733
5812,1,4733
2741,1,4734
6510,0,4734
4907,4,4734
6644,4,4734
3044,2,4735
1139,0,4735
5262,4,4736
5253,0,4737
1634,0,4738
3451,1,4738
4995,0,4738
3190,3,4738
6639,0,4739
5008,3,4739
4606,1,4739
3578,4,4739
2609,4,4739
562,3,4740
304,2,4740
3835,1,4740
5778,0,4741
906,3,4741
6811,1,4741
781,2,4741
3267,2,4741
6832,2,4741
6573,2,4741
3438,4,4741
381,0,4742
2765,2,4742
6001,2,4742
5002,4,4743
6024,0,4743
623,1,4743
2567,2,4743
5294,2,4743
2985,0,4743
731,3,4744
5953,3,4744
3804,0,4744
4299,1,4746
5335,0,4746
5614,3,4746
4895,2,4746
2281,1,4748
1915,3,4748
4792,3,4748
1447,4,4748
4461,1,4748
6585,0,4749
1142,1,4749
4453,2,4749
955,3,4750
6862,0,4750
73,2,4750
6392,2,4750
2464,1,4750
6288,1,4750
1024,0,4752
4293,4,4752
3645,4,4753
4645,4,4754
4536,2,4754
3225,0,4754
6782,3,4755
5595,0,4755
5620,2,4755
1842,2,4755
3975,1,4755
4876,4,4755
3,4,4756
4753,2,4756
271,2,4756
3040,1,4757
5878,4,4757
2375,2,4757
2106,3,4757
5811,2,4758
1793,0,4758
2649,3,4759
1923,2,4759
993,2,4759
1010,0,4759
2534,0,4759
4788,4,4760
6543,1,4760
4384,2,4761
703,1,4762
2097,1,4762
420,2,4762
5429,3,4762
4649,3,4762
5257,0,4762
5149,0,4762
6923,0,4762
2321,4,4763
6753,2,4764
4355,1,4765
593,3,4765
4138,4,4765
1958,0,4766
2390,2,4766
870,2,4766
1440,1,4767
3108,1,4767
1273,0,4768
2986,0,4768
347,4,4768
2882,3,4769
2569,1,4770
6557,0,4770
2659,2,4771
747,4,4771
2669,4,4771
209,4,4772
5942,2,4772
4096,0,4772
5198,0,4772
5138,4,4772
5709,2,4772
2923,2,4772
2583,2,4772
5738,0,4773
5383,2,4773
3273,1,4773
1990,1,4773
6483,3,4773
3249,4,4773
509,4,4773
6638,3,4773
5298,3,4773
3813,0,4774
5300,1,4774
1526,4,4774
1773,4,4774
4276,2,4774
4071,3,4774
5435,3,4775
6873,0,4775
1218,2,4775
3820,3,4775
6173,1,4777
1890,4,4777
1996,0,4777
6305,1,4777
6509,1,4777
2762,2,4778
2831,2,4779
5313,3,4779
4902,3,4779
1443,3,4779
2435,0,4779
5279,2,4780
954,2,4780
339,1,4781
4419,4,4781
266,2,4782
3296,1,4783
1061,3,4783
4013,1,4783
5409,0,4783
1592,4,4783
2613,0,4783
5542,0,4784
5872,4,4784
3120,4,4784
2740,3,4784
3032,1,4784
1014,2,4784
1255,3,4784
784,2,4784
3703,1,4785
4971,1,4785
539,1,4786
4006,0,4786
2306,0,4786
3990,0,4786
5089,2,4787
6007,3,4787
3053,0,4787
3936,2,4788
846,4,4788
5845,0,4789
435,4,4789
5634,0,4789
6913,3,4789
2738,4,4789
5024,2,4790
3970,1,4790
2440,1,4790
673,0,4790
1857,4,4790
804,4,4790
3903,0,4790
2527,2,4791
6047,4,4791
2703,1,4791
2904,3,4792
1050,3,4792
5895,3,4792
5030,1,4793
569,3,4795
6640,4,4795
2806,2,4795
6783,2,4795
3308,1,4795
3033,1,4795
4334,1,4795
4715,3,4796
1400,2,4796
6452,0,4797
1023,0,4797
2099,1,4797
2091,1,4797
4511,0,4798
4698,3,4799
2524,1,4799
2294,2,4799
1234,4,4799
6861,1,4799
2921,4,4800
4535,0,4800
4165,0,4800
2163,2,4800
5583,2,4800
2069,0,4800
3694,0,4801
6959,2,4801
1683,3,4801
2922,3,4801
4004,1,4801
5788,1,4801
3186,4,4801
1723,4,4801
3972,2,4802
2442,0,4802
1291,4,4802
4938,2,4803
6795,4,4803
5839,4,4803
5140,4,4803
5546,1,4803
2354,2,4804
1794,0,4804
4840,1,4805
6426,0,4805
2996,1,4805
3598,1,4805
2909,3,4806
5268,3,4806
4314,4,4806
3762,2,4806
3709,1,4806
2247,1,4806
4566,4,4807
6823,0,4807
1469,2,4807
706,3,4807
2502,3,4807
3875,0,4808
1006,3,4808
2658,2,4808
3933,0,4808
3154,0,4809
4627,1,4809
5671,1,4810
2514,0,4810
6507,2,4810
6052,4,4810
679,1,4811
741,2,4811
2692,3,4811
6984,4,4811
6593,2,4812
1071,2,4812
957,4,4813
3634,0,4813
4039,2,4814
423,2,4814
6022,3,4814
2650,2,4814
3652,1,4814
4658,1,4814
3419,1,4814
3750,1,4814
927,0,4814
1715,0,4814
2413,0,4814
2519,4,4815
5430,0,4816
4766,2,4816
6129,2,4816
3319,4,4816
4019,0,4817
6693,3,4817
5399,0,4817
1063,3,4817
552,3,4817
5897,4,4817
4353,4,4817
25,4,4817
1575,1,4817
6614,1,4817
3876,1,4817
2749,1,4818
6076,1,4818
3863,1,4818
681,4,4819
4392,0,4820
4050,0,4820
2135,2,4820
62,2,4820
1629,2,4820
6758,3,4820
1730,3,4820
4292,3,4820
5611,1,4821
1792,2,4822
1525,4,4822
4904,0,4822
2136,0,4822
1204,2,4823
4179,4,4823
3691,4,4823
3124,1,4823
1930,1,4823
4358,1,4823
3071,3,4823
2423,0,4824
3139,1,4824
4977,1,4824
590,3,4824
1114,2,4824
4296,4,4824
2194,0,4825
2589,4,4825
4406,1,4825
2824,2,4825
3411,2,4825
6724,2,4825
5762,4,4826
2523,1,4826
1405,3,4827
1008,2,4827
272,2,4827
1259,1,4827
621,0,4828
3393,0,4828
3467,2,4829
3147,3,4829
182,0,4829
5301,1,4829
2064,4,4830
684,3,4830
1885,2,4830
6582,2,4831
3151,4,4831
2715,4,4831
414,2,4831
4543,3,4831
4667,0,4831
512,3,4831
5160,1,4831
3455,1,4831
672,4,4832
1522,2,4832
4714,1,4832
4338,2,4833
1410,0,4833
5828,2,4833
1093,0,4833
2093,1,4833
3783,1,4833
4632,0,4833
4791,1,4833
3034,0,4834
301,1,4834
4311,4,4834
226,0,4834
5247,2,4834
6323,3,4835
3902,0,4835
1159,4,4835
5381,4,4835
844,4,4835
3453,2,4835
700,4,4835
1536,2,4835
147,1,4836
1856,3,4836
1254,2,4836
5868,2,4836
5208,2,4836
4892,3,4836
455,1,4837
3106,0,4837
5415,2,4837
3641,3,4838
3781,2,4838
4215,4,4838
3555,0,4838
4380,0,4838
6852,0,4838
6496,1,4838
5251,4,4838
371,0,4839
1828,4,4839
2872,0,4839
2458,0,4839
4533,2,4839
3287,4,4839
505,4,4839
4191,1,4839
587,1,4839
6300,1,4839
4988,4,4840
695,3,4840
3179,0,4840
602,1,4840
3203,0,4841
1754,2,4841
2183,3,4841
4125,4,4841
1086,0,4841
4797,3,4841
554,4,4841
103,4,4842
6592,1,4842
3918,2,4842
4305,0,4842
6321,0,4842
6781,1,4842
9,1,4842
776,0,4843
5359,1,4843
2862,1,4843
511,2,4843
4871,4,4843
2963,2,4843
2167,2,4843
689,0,4845
5592,1,4845
1516,4,4845
1397,1,4845
6929,4,4845
6240,3,4845
5165,3,4845
5842,3,4845
5316,2,4845
6899,2,4845
134,2,4845
3148,4,4846
248,3,4846
4812,2,4846
696,2,4846
1150,2,4846
4638,0,4846
225,0,4846
6479,0,4846
5194,1,4847
6376,4,4847
5244,4,4847
607,0,4847
3207,0,4847
4821,0,4847
215,0,4847
5116,0,4847
4622,2,4848
6260,1,4848
6994,0,4848
2632,4,4848
6394,3,4848
3233,1,4848
5061,2,4848
6865,1,4849
6637,0,4849
1251,2,4849
2,4,4849
757,1,4849
1360,0,4849
3695,1,4849
5750,4,4849
5570,2,4849
37,2,4850
4880,3,4850
4550,3,4850
983,2,4850
3076,1,4850
940,4,4850
6576,1,4850
1748,1,4851
3831,2,4851
3904,0,4851
6650,2,4851
1137,0,4851
6325,4,4852
2661,4,4852
4438,2,4852
5766,3,4852
2714,2,4852
5020,0,4852
4326,2,4852
3956,1,4853
2902,2,4853
3635,3,4853
1846,3,4853
6803,3,4853
150,4,4853
6441,1,4853
5655,4,4853
4796,0,4853
3138,0,4853
170,0,4853
550,4,4854
452,4,4854
6548,1,4854
1514,3,4854
3959,1,4854
2513,2,4854
6583,2,4854
6026,2,4854
1583,2,4854
1207,0,4854
1957,0,4854
4193,0,4854
3905,2,4855
2019,3,4855
1324,4,4855
2447,0,4856
4765,3,4856
3043,4,4856
3553,2,4856
2328,1,4856
2189,2,4856
1198,1,4856
4442,1,4856
4282,1,4856
5042,1,4856
1436,4,4856
5901,4,4857
3648,0,4857
6371,2,4857
3844,2,4857
6359,3,4857
5917,3,4857
3174,4,4858
5981,1,4858
5170,1,4858
3712,2,4858
236,0,4858
1731,0,4858
711,0,4858
6353,0,4858
2465,1,4859
3505,3,4859
4528,0,4859
6140,3,4859
5484,0,4859
3484,0,4859
3368,2,4859
199,2,4859
6816,2,4859
4420,0,4859
4998,4,4859
6363,4,4859
6740,4,4859
1170,2,4859
789,4,4859
3007,3,4860
3187,0,4860
5,4,4860
1300,2,4860
2470,1,4860
6936,1,4860
5181,3,4861
2199,4,4861
3604,1,4861
2725,1,4861
2204,2,4861
2314,4,4861
1319,2,4861
187,0,4861
3436,2,4861
685,0,4861
4811,0,4861
3029,0,4861
6327,4,4862
2032,4,4862
4989,2,4862
1804,2,4862
5668,0,4862
6696,0,4862
6488,4,4862
3654,0,4862
2018,3,4862
5998,3,4862
2237,3,4862
5259,0,4862
5645,1,4862
931,1,4862
3597,1,4862
5272,1,4862
2418,4,4863
494,2,4863
4856,1,4863
5309,4,4863
4814,4,4863
3718,3,4864
434,1,4864
489,1,4864
51,4,4864
908,4,4864
3503,0,4864
311,4,4864
2697,1,4864
5640,0,4864
3269,0,4864
5548,0,4864
5991,0,4864
2220,2,4864
21,2,4864
1183,2,4864
4947,2,4864
4140,2,4864
6388,2,4864
2555,2,4865
5119,4,4865
4267,4,4865
3915,4,4865
3575,1,4865
4430,1,4865
5665,3,4865
5349,3,4865
1544,3,4865
1635,0,4865
1246,4,4865
4618,0,4865
6239,0,4865
6990,3,4866
6413,3,4866
2870,3,4866
800,4,4866
2565,4,4866
2868,0,4866
6590,0,4866
55,4,4866
6233,2,4866
5622,2,4866
6342,1,4866
3414,0,4866
766,2,4866
5476,1,4866
1133,1,4866
6420,1,4866
2419,1,4866
2488,0,4867
5051,0,4867
3176,4,4867
5041,4,4867
3468,1,4867
3608,3,4867
2239,4,4867
2148,3,4867
3892,2,4867
5162,4,4867
5037,2,4867
4209,2,4867
386,2,4867
2804,2,4867
3327,2,4867
5853,2,4867
991,2,4867
945,4,4868
5379,3,4868
3277,3,4868
3428,3,4868
588,3,4868
5632,4,4868
3050,0,4868
148,0,4868
1682,0,4868
1800,0,4868
548,2,4868
5235,2,4868
3499,2,4868
2577,2,4868
2277,1,4868
805,1,4868
542,1,4868
3224,2,4868
1863,1,4868
3988,1,4868
6553,3,4869
1190,3,4869
4841,3,4869
1518,0,4869
4014,0,4869
2568,0,4869
3114,4,4869
3056,4,4869
1719,4,4869
5874,1,4869
5710,1,4869
6400,1,4869
2244,1,4869
2056,1,4869
310,2,4869
145,2,4869
5310,2,4869
5591,2,4869
6868,2,4869
1290,2,4869
6717,3,4870
188,3,4870
6628,3,4870
1462,3,4870
4347,3,4870
5782,3,4870
5418,3,4870
6525,4,4870
5803,4,4870
3780,4,4870
2228,4,4870
1275,4,4870
6060,4,4870
2031,2,4870
5400,2,4870
3402,2,4870
4497,2,4870
2981,2,4870
6055,2,4870
3532,1,4870
4728,1,4870
5225,1,4870
2644,1,4870
3336,1,4870
1936,0,4870
6784,0,4870
6186,0,4870
1980,0,4870
6550,0,4870
6980,0,4870
5473,0,4870
6067,3,4871
4589,3,4871
4803,3,4871
6049,3,4871
4102,4,4871
6943,4,4871
6627,4,4871
5248,4,4871
4360,4,4871
3062,4,4871
1796,1,4871
