没什么用拿来占位的第一行，这是第6个文件
0,12,73,15
1,933,41,56
2,56,7,26
3,702,44,48
4,157,25,41
5,902,55,52
6,518,68,64
7,90,53,20
8,669,50,64
9,799,49,3
10,129,70,54
11,45,58,58
12,28,31,67
13,411,63,15
14,590,4,11
15,424,56,55
16,892,8,21
17,106,8,3
18,361,67,41
19,138,35,37
20,301,45,48
21,21,56,16
22,978,62,55
23,2,16,1
24,916,13,61
25,422,51,59
26,702,5,59
27,959,47,28
28,588,8,35
29,603,8,20
30,690,60,52
31,859,7,46
32,43,42,22
33,649,18,24
34,380,54,48
35,743,23,17
36,640,52,34
37,588,57,43
38,380,9,15
39,332,41,61
40,596,41,35
41,650,4,23
42,892,63,48
43,997,19,59
44,78,9,55
45,725,40,62
46,361,8,34
47,230,2,42
48,789,24,38
49,45,68,13
50,487,12,2
51,417,55,21
52,206,19,49
53,832,49,42
54,296,3,50
55,866,46,33
56,315,3,49
57,993,28,39
58,561,16,30
59,904,54,7
60,327,68,55
61,519,42,26
62,691,59,66
63,885,9,61
64,396,60,36
65,309,39,53
66,12,44,13
67,850,48,66
68,56,31,19
69,363,1,22
70,453,73,17
71,273,59,22
72,826,40,26
73,2,1,26
74,149,34,63
75,993,72,8
76,962,1,6
77,63,59,5
78,879,15,15
79,902,46,56
80,823,66,6
81,833,11,18
82,700,6,61
83,277,73,16
84,451,30,42
85,813,34,39
86,286,49,55
87,831,5,5
88,144,5,11
89,435,66,20
90,309,10,53
91,390,55,32
92,251,14,66
93,583,21,19
94,622,8,36
95,115,33,34
96,19,61,16
97,401,55,27
98,758,66,33
99,146,43,52
100,630,62,55
101,662,47,41
102,516,51,65
103,71,39,1
104,626,10,42
105,32,76,33
106,282,75,14
107,337,12,59
108,259,17,37
109,632,32,47
110,651,26,10
111,196,64,17
112,393,0,33
113,999,71,36
114,584,41,23
115,656,19,3
116,322,33,65
117,923,59,44
118,290,22,28
119,214,5,46
120,833,72,65
121,808,3,5
122,175,5,31
123,888,14,42
124,882,49,38
125,778,42,23
126,41,24,28
127,691,55,20
128,480,35,7
129,518,28,39
130,597,0,67
131,402,9,46
132,892,29,66
133,284,31,41
134,298,51,38
135,263,22,50
136,209,22,57
137,417,46,24
138,224,27,26
139,240,60,14
140,448,22,51
141,499,16,14
142,939,28,51
143,513,56,12
144,867,14,66
145,936,22,33
146,376,22,1
147,212,44,51
148,365,73,7
149,126,52,65
150,60,61,2
151,704,20,66
152,160,9,29
153,306,29,54
154,679,15,65
155,511,21,34
156,579,7,15
157,277,76,37
158,942,54,2
159,758,48,32
160,242,13,65
161,990,23,35
162,755,11,2
163,429,2,33
164,943,32,32
165,651,69,55
166,110,61,67
167,584,29,23
168,787,16,32
169,997,49,35
170,750,34,61
171,549,66,27
172,893,9,30
173,72,43,53
174,245,66,59
175,982,17,27
176,868,70,8
177,629,17,19
178,180,53,26
179,535,21,2
180,522,48,28
181,849,41,38
182,923,24,14
183,903,1,34
184,742,0,17
185,175,38,29
186,8,58,34
187,874,65,15
188,699,59,58
189,126,18,64
190,914,62,64
191,302,56,56
192,337,17,23
193,68,35,1
194,924,35,5
195,903,47,16
196,952,62,40
197,532,66,7
198,577,8,8
199,227,60,24
200,476,37,22
201,75,48,12
202,923,6,20
203,265,72,25
204,820,56,30
205,536,25,25
206,42,68,54
207,206,28,40
208,712,74,54
209,34,27,19
210,412,56,55
211,717,60,38
212,447,1,24
213,874,53,58
214,254,65,24
215,975,37,38
216,916,4,61
217,732,25,44
218,296,11,17
219,11,21,55
220,2,68,20
221,830,62,44
222,149,58,63
223,646,73,51
224,388,62,56
225,299,59,51
226,633,34,50
227,342,47,42
228,308,8,35
229,812,4,52
230,728,16,33
231,883,4,16
232,704,13,14
233,761,50,62
234,21,33,51
235,655,16,10
236,847,24,47
237,342,48,31
238,994,37,51
239,217,67,61
240,693,9,45
241,185,72,23
242,409,9,33
243,164,50,48
244,971,17,58
245,435,53,37
246,882,38,39
247,523,53,56
248,145,45,16
249,692,28,17
250,525,19,14
251,999,13,59
252,591,68,61
253,505,15,51
254,34,75,43
255,918,6,44
256,806,15,54
257,628,61,54
258,429,33,36
259,515,20,17
260,697,24,15
261,55,58,62
262,119,49,22
263,297,6,10
264,348,58,3
265,644,4,67
266,193,14,60
267,488,37,13
268,575,39,6
269,95,60,38
270,616,15,54
271,830,65,31
272,921,49,7
273,1,55,14
274,883,58,50
275,888,72,38
276,803,74,15
277,509,22,35
278,882,46,20
279,65,33,36
280,397,13,48
281,460,3,54
282,547,16,45
283,953,39,13
284,534,15,10
285,973,15,44
286,889,45,8
287,441,42,39
288,256,66,39
289,762,72,27
290,825,3,52
291,142,36,45
292,470,0,50
293,577,15,38
294,111,13,37
295,770,51,30
296,550,54,52
297,291,38,27
298,184,38,18
299,803,16,14
300,242,28,52
301,468,18,53
302,958,43,62
303,984,1,3
304,898,22,56
305,231,10,53
306,574,37,48
307,80,21,56
308,258,57,11
309,989,39,65
310,41,73,52
311,810,20,38
312,404,33,8
313,425,51,23
314,472,37,30
315,79,1,36
316,570,39,36
317,537,38,52
318,70,40,40
319,423,32,3
320,62,7,19
321,107,46,37
322,756,28,19
323,126,32,46
324,794,71,56
325,573,2,52
326,232,30,12
327,673,54,39
328,834,32,57
329,601,1,1
330,424,54,67
331,249,63,6
332,191,48,55
333,910,48,56
334,389,64,13
335,879,43,30
336,257,69,60
337,800,24,49
338,588,8,36
339,526,1,15
340,305,39,16
341,317,40,57
342,669,28,59
343,171,30,29
344,543,23,55
345,609,43,51
346,447,13,34
347,329,49,23
348,440,37,37
349,201,12,13
350,34,7,5
351,352,29,15
352,261,46,27
353,518,9,62
354,599,26,63
355,297,11,53
356,537,43,66
357,902,0,63
358,65,9,16
359,562,25,15
360,641,51,43
361,431,60,67
362,179,39,7
363,427,33,3
364,85,16,59
365,245,48,53
366,433,20,16
367,257,76,39
368,869,7,38
369,207,54,46
370,150,63,12
371,1000,70,50
372,75,37,17
373,395,71,38
374,481,46,24
375,524,62,13
376,836,8,4
377,160,47,47
378,880,1,32
379,82,59,43
380,318,1,61
381,974,63,23
382,49,43,10
383,154,67,66
384,160,62,67
385,311,56,8
386,609,58,26
387,590,36,52
388,508,60,13
389,426,67,60
390,905,3,40
391,939,73,63
392,956,26,60
393,488,55,55
394,256,40,50
395,401,70,53
396,815,38,49
397,932,45,4
398,63,8,23
399,724,10,9
400,475,32,25
401,167,55,14
402,97,72,26
403,691,42,44
404,695,35,23
405,941,22,2
406,600,63,60
407,212,11,34
408,583,67,37
409,298,75,33
410,732,18,15
411,260,49,25
412,151,0,54
413,157,64,27
414,432,2,9
415,486,28,33
416,982,44,23
417,880,32,54
418,419,24,28
419,456,4,23
420,418,41,49
421,560,58,11
422,172,51,56
423,563,40,25
424,866,9,55
425,42,69,11
426,489,59,63
427,671,16,25
428,871,63,35
429,502,48,47
430,640,63,38
431,407,57,65
432,673,9,40
433,184,67,55
434,333,38,38
435,815,35,9
436,570,3,38
437,903,2,49
438,23,43,26
439,866,39,55
440,729,65,53
441,694,62,15
442,22,76,18
443,567,33,31
444,782,69,31
445,153,36,25
446,165,35,14
447,800,36,20
448,641,65,45
449,754,70,34
450,947,55,24
451,988,59,15
452,788,66,16
453,520,46,33
454,96,38,23
455,735,50,7
456,830,74,45
457,868,13,34
458,169,37,64
459,307,55,2
460,782,35,13
461,585,41,50
462,771,53,59
463,364,0,64
464,251,28,52
465,412,14,60
466,661,74,64
467,920,53,16
468,442,27,48
469,602,41,2
470,913,57,66
471,456,64,7
472,924,42,8
473,691,71,1
474,970,26,35
475,600,53,6
476,379,32,4
477,825,75,61
478,385,64,62
479,404,64,17
480,282,67,11
481,23,48,49
482,908,68,62
483,782,36,32
484,812,73,25
485,444,62,62
486,414,55,15
487,903,44,64
488,777,44,56
489,558,16,56
490,904,11,14
491,595,65,59
492,568,63,57
493,593,55,33
494,739,45,34
495,903,57,10
496,201,27,39
497,589,27,50
498,691,33,57
499,596,69,8
500,608,24,21
501,288,30,63
502,443,70,5
503,294,37,55
504,233,72,31
505,583,50,50
506,591,22,67
507,690,18,20
508,2,36,35
509,263,62,39
510,228,7,67
511,531,15,10
512,841,57,2
513,770,46,19
514,99,18,43
515,992,43,48
516,540,35,45
517,509,41,14
518,800,31,3
519,894,49,67
520,700,28,10
521,770,60,29
522,50,52,16
523,106,67,26
524,883,7,26
525,119,70,49
526,420,3,53
527,634,65,11
528,701,49,39
529,961,65,58
530,63,28,42
531,264,39,46
532,553,48,47
533,22,49,17
534,20,0,26
535,426,48,54
536,176,14,17
537,212,72,65
538,222,5,50
539,209,8,39
540,787,58,21
541,184,11,11
542,281,30,53
543,270,22,64
544,921,30,62
545,332,70,22
546,551,31,25
547,764,26,31
548,481,15,3
549,851,33,29
550,121,50,40
551,989,15,63
552,577,65,59
553,582,22,61
554,813,27,27
555,448,12,67
556,957,44,10
557,111,51,60
558,895,20,26
559,305,75,64
560,6,53,47
561,60,58,49
562,434,48,33
563,977,73,11
564,765,26,66
565,115,59,40
566,507,64,3
567,765,55,22
568,452,25,10
569,789,56,1
570,338,2,33
571,884,71,9
572,666,45,23
573,613,28,43
574,994,44,32
575,434,45,17
576,911,22,53
577,681,8,47
578,506,25,62
579,866,10,51
580,261,76,58
581,513,39,55
582,612,68,21
583,132,74,65
584,360,75,13
585,754,23,8
586,763,3,34
587,45,58,48
588,712,7,11
589,8,24,64
590,535,29,3
591,354,0,42
592,173,67,61
593,776,45,10
594,141,10,16
595,383,63,43
596,616,29,65
597,699,49,17
598,748,27,54
599,861,59,19
600,531,50,28
601,391,2,15
602,380,58,55
603,163,34,37
604,2,32,19
605,593,21,51
606,369,45,65
607,242,48,14
608,946,38,10
609,284,38,66
610,176,60,14
611,178,24,61
612,508,46,11
613,775,41,35
614,464,1,48
615,582,2,10
616,881,67,64
617,829,42,59
618,469,62,41
619,864,54,22
620,23,43,13
621,831,58,52
622,994,19,10
623,332,70,50
624,676,22,30
625,463,43,66
626,427,38,17
627,534,35,63
628,132,9,55
629,672,58,29
630,309,13,20
631,277,3,6
632,967,26,67
633,462,63,58
634,571,70,15
635,649,5,39
636,990,43,15
637,612,71,57
638,460,61,11
639,126,51,21
640,247,2,34
641,348,48,65
642,608,60,38
643,534,9,49
644,603,11,64
645,632,64,63
646,498,16,7
647,136,13,25
648,728,19,58
649,388,15,31
650,685,60,63
651,289,37,35
652,733,5,48
653,362,58,26
654,156,35,54
655,142,34,27
656,135,21,28
657,560,34,55
658,599,30,4
659,439,16,46
660,400,50,27
661,142,67,32
662,292,71,33
663,818,9,14
664,533,19,48
665,6,17,32
666,887,8,56
667,220,35,16
668,913,13,53
669,129,6,9
670,993,60,23
671,104,25,61
672,161,26,36
673,420,41,20
674,765,6,60
675,503,5,1
676,913,22,8
677,845,74,35
678,138,18,24
679,167,29,65
680,672,41,37
681,336,39,38
682,449,58,51
683,445,26,39
684,687,76,63
685,330,14,24
686,220,25,67
687,490,54,1
688,699,60,14
689,798,67,59
690,577,18,47
691,788,34,55
692,219,31,14
693,218,74,55
694,898,22,43
695,496,42,56
696,17,1,44
697,699,59,28
698,409,19,39
699,763,51,12
700,889,3,41
701,780,13,13
702,890,28,6
703,733,74,55
704,728,36,13
705,638,76,56
706,317,41,16
707,679,32,36
708,271,40,15
709,527,8,60
710,669,40,18
711,369,23,9
712,610,73,37
713,896,12,1
714,968,22,7
715,567,27,16
716,320,36,51
717,502,75,45
718,897,45,65
719,556,4,23
720,628,19,61
721,43,33,59
722,234,76,37
723,773,27,58
724,227,34,11
725,847,42,3
726,128,16,41
727,791,33,17
728,533,72,59
729,116,0,54
730,302,22,65
731,980,59,30
732,928,51,12
733,388,23,67
734,444,47,48
735,824,5,2
736,517,46,50
737,838,59,7
738,171,76,42
739,432,53,52
740,853,4,29
741,101,41,59
742,897,38,32
743,850,62,2
744,209,48,2
745,291,20,23
746,664,4,13
747,647,32,4
748,93,26,59
749,250,33,41
750,673,52,5
751,990,24,62
752,946,61,19
753,423,6,46
754,193,37,66
755,834,36,7
756,194,40,38
757,399,65,50
758,591,65,41
759,656,35,21
760,60,52,43
761,753,59,37
762,66,40,49
763,630,42,41
764,480,13,11
765,763,76,58
766,304,2,33
767,969,71,51
768,597,30,34
769,62,33,58
770,442,56,40
771,295,24,41
772,15,53,37
773,204,27,7
774,710,4,55
775,741,35,30
776,941,60,56
777,620,4,11
778,129,53,15
779,912,1,11
780,220,35,37
781,372,52,49
782,765,76,39
783,641,9,27
784,774,14,56
785,59,49,26
786,682,70,43
787,484,44,62
788,919,30,64
789,873,17,40
790,58,41,60
791,829,76,51
792,993,27,48
793,615,11,17
794,973,67,31
795,250,55,67
796,855,51,50
797,445,55,27
798,635,61,50
799,78,20,34
800,483,46,20
801,643,38,31
802,853,19,6
803,479,42,16
804,724,57,50
805,649,65,62
806,995,24,47
807,701,70,44
808,738,51,46
809,587,18,1
810,159,49,19
811,673,28,53
812,556,2,51
813,517,49,51
814,251,22,30
815,181,12,26
816,715,67,32
817,888,23,22
818,533,3,9
819,218,35,54
820,518,55,14
821,139,31,14
822,613,35,37
823,580,17,64
824,358,65,11
825,569,10,24
826,812,63,3
827,591,45,14
828,54,5,66
829,482,7,59
830,656,68,9
831,707,1,35
832,333,0,66
833,35,5,9
834,994,60,29
835,935,65,42
836,210,8,59
837,813,66,11
838,444,1,7
839,193,16,43
840,293,51,52
841,608,0,52
842,810,47,62
843,807,35,48
844,114,15,27
845,982,7,30
846,295,23,14
847,767,51,27
848,286,35,25
849,88,55,31
850,38,67,33
851,5,48,61
852,479,31,60
853,720,50,67
854,11,44,45
855,358,76,55
856,384,4,20
857,197,43,8
858,91,7,15
859,472,53,25
860,821,38,28
861,440,22,49
862,741,8,39
863,408,71,30
864,771,64,13
865,528,42,67
866,964,71,65
867,938,3,50
868,614,60,31
869,436,14,14
870,595,30,59
871,736,3,16
872,466,12,19
873,948,23,45
874,338,71,42
875,751,16,36
876,518,19,39
877,231,26,48
878,711,5,56
879,892,70,36
880,565,45,53
881,417,70,5
882,507,40,20
883,962,60,6
884,853,26,12
885,544,58,49
886,742,1,54
887,832,10,64
888,8,52,2
889,66,53,49
890,773,68,47
891,5,57,21
892,202,36,4
893,103,17,18
894,469,70,59
895,70,23,55
896,785,72,40
897,930,56,45
898,441,55,2
899,933,51,58
900,193,58,60
901,814,27,48
902,883,34,56
903,867,18,33
904,711,74,25
905,458,42,40
906,858,15,30
907,779,12,32
908,101,59,45
909,588,4,57
910,429,73,2
911,243,3,49
912,742,15,20
913,785,73,67
914,333,2,28
915,589,63,49
916,98,1,27
917,656,50,48
918,390,65,43
919,13,21,47
920,941,45,23
921,947,52,36
922,739,20,5
923,815,62,34
924,981,44,40
925,706,30,32
926,58,46,47
927,527,8,25
928,690,50,59
929,690,70,52
930,109,43,61
931,491,27,61
932,296,47,67
933,759,62,66
934,746,7,57
935,671,37,65
936,993,38,30
937,215,22,63
938,173,3,13
939,263,40,41
940,127,59,36
941,843,58,66
942,651,38,63
943,998,14,28
944,316,57,44
945,289,16,23
946,506,30,29
947,415,21,21
948,23,41,48
949,369,0,1
950,167,67,26
951,7,61,47
952,889,30,13
953,553,70,31
954,461,10,65
955,946,46,22
956,712,58,17
957,521,11,47
958,195,68,18
959,776,49,22
960,9,20,44
961,299,25,28
962,839,14,67
963,924,33,43
964,313,67,5
965,751,43,43
966,259,3,19
967,183,56,31
968,736,70,6
969,91,48,24
970,862,28,25
971,175,69,46
972,873,75,17
973,958,8,34
974,780,31,41
975,5,47,14
976,923,76,59
977,391,64,53
978,822,37,51
979,591,32,32
980,418,51,63
981,469,5,37
982,751,32,15
983,856,8,28
984,337,3,39
985,301,27,44
986,47,44,16
987,636,39,55
988,590,19,56
989,102,56,20
990,300,39,1
991,840,66,10
992,725,7,6
993,793,32,38
994,966,13,33
995,262,21,11
996,727,19,31
997,674,12,29
998,935,49,67
999,595,47,18
1000,746,54,54
1001,599,17,67
1002,330,9,52
1003,811,25,41
1004,352,71,1
1005,435,24,39
1006,713,9,53
1007,812,23,33
1008,123,50,49
1009,467,50,17
1010,433,56,2
1011,494,36,49
1012,416,76,11
1013,652,50,3
1014,410,43,53
1015,26,60,14
1016,152,47,47
1017,835,51,67
1018,62,27,63
1019,422,0,22
1020,720,22,48
1021,903,56,7
1022,163,13,10
1023,575,53,45
1024,933,56,14
1025,553,31,52
1026,49,76,16
1027,795,60,22
1028,520,64,31
1029,807,66,8
1030,602,28,22
1031,2,10,8
1032,958,24,50
1033,446,2,48
1034,630,45,59
1035,213,68,16
1036,276,18,24
1037,883,56,36
1038,199,52,17
1039,697,53,31
1040,491,34,44
1041,366,45,41
1042,167,49,20
1043,957,41,9
1044,91,72,9
1045,626,27,58
1046,643,47,16
1047,590,22,65
1048,356,2,19
1049,652,15,24
1050,251,57,1
1051,873,2,48
1052,771,52,2
1053,461,70,42
1054,868,30,11
1055,276,63,55
1056,238,44,43
1057,506,49,39
1058,169,59,15
1059,451,60,18
1060,806,43,38
1061,189,33,47
1062,600,36,52
1063,348,2,51
1064,880,4,41
1065,824,13,14
1066,96,15,52
1067,620,30,60
1068,982,35,8
1069,28,7,13
1070,158,73,54
1071,863,37,7
1072,859,18,13
1073,666,65,26
1074,240,68,35
1075,24,18,17
1076,642,22,12
1077,90,45,1
1078,661,36,33
1079,357,70,24
1080,183,10,66
1081,389,68,8
1082,199,9,15
1083,384,41,5
1084,403,3,35
1085,827,0,17
1086,581,18,54
1087,605,19,54
1088,52,52,23
1089,795,24,42
1090,284,67,43
1091,323,76,14
1092,454,1,1
1093,274,32,56
1094,836,21,45
1095,315,46,24
1096,941,42,25
1097,106,23,32
1098,133,17,36
1099,653,61,13
1100,748,7,42
1101,872,3,58
1102,591,6,67
1103,467,38,33
1104,463,5,46
1105,169,54,42
1106,960,49,20
1107,479,8,8
1108,166,56,7
1109,329,72,15
1110,382,44,6
1111,154,65,28
1112,34,43,40
1113,572,64,55
1114,152,16,44
1115,528,54,43
1116,173,25,66
1117,21,23,34
1118,26,64,16
1119,537,46,52
1120,404,69,49
1121,558,48,66
1122,674,57,32
1123,204,17,48
1124,774,38,20
1125,867,66,7
1126,854,66,34
1127,971,2,25
1128,674,49,61
1129,448,72,28
1130,593,49,54
1131,208,70,15
1132,516,56,16
1133,459,12,58
1134,151,55,56
1135,759,32,4
1136,99,76,62
1137,481,0,65
1138,737,46,21
1139,30,39,19
1140,42,49,6
1141,802,41,5
1142,518,5,9
1143,519,55,41
1144,82,26,4
1145,357,11,9
1146,871,61,64
1147,150,45,34
1148,564,66,2
1149,492,28,67
1150,470,55,29
1151,550,64,53
1152,992,20,20
1153,471,60,28
1154,540,46,7
1155,622,15,61
1156,286,33,28
1157,34,11,43
1158,892,30,62
1159,829,59,13
1160,996,18,7
1161,633,32,46
1162,299,13,12
1163,861,18,3
1164,129,59,27
1165,253,34,55
1166,993,51,57
1167,445,30,12
1168,795,48,17
1169,427,72,8
1170,721,66,21
1171,72,75,11
1172,929,67,50
1173,512,41,11
1174,988,52,20
1175,142,51,30
1176,330,48,32
1177,422,25,6
1178,568,26,18
1179,683,44,53
1180,963,26,26
1181,172,28,32
1182,917,35,56
1183,836,69,17
1184,751,34,59
1185,203,53,5
1186,515,64,65
1187,918,20,50
1188,499,6,36
1189,151,58,16
1190,52,76,4
1191,847,1,56
1192,518,20,66
1193,365,67,13
1194,302,5,65
1195,755,48,49
1196,679,74,34
1197,714,58,11
1198,658,26,8
1199,8,25,57
1200,190,50,15
1201,926,12,20
1202,638,63,50
1203,254,36,52
1204,638,49,21
1205,425,76,60
1206,811,16,65
1207,125,70,16
1208,438,29,54
1209,20,74,62
1210,202,18,60
1211,298,40,38
1212,479,10,63
1213,14,45,56
1214,738,55,17
1215,48,76,54
1216,204,9,5
1217,367,67,34
1218,806,42,57
1219,21,12,42
1220,864,39,38
1221,36,39,33
1222,735,17,30
1223,125,66,29
1224,628,23,9
1225,488,45,16
1226,867,27,67
1227,740,43,60
1228,820,75,23
1229,468,67,30
1230,43,46,20
1231,383,60,7
1232,116,43,27
1233,175,58,63
1234,519,63,66
1235,432,28,57
1236,690,30,27
1237,808,5,9
1238,558,23,34
1239,377,34,5
1240,988,37,17
1241,240,45,63
1242,134,22,46
1243,797,53,46
1244,945,32,50
1245,965,12,26
1246,607,68,43
1247,426,52,21
1248,789,35,45
1249,501,55,3
1250,934,45,19
1251,656,44,31
1252,349,16,54
1253,453,50,50
1254,739,60,16
1255,538,66,58
1256,338,36,43
1257,5,75,20
1258,631,69,64
1259,34,16,13
1260,35,60,48
1261,28,16,37
1262,747,17,19
1263,955,30,4
1264,531,35,21
1265,640,20,53
1266,65,11,54
1267,849,40,18
1268,446,31,4
1269,118,11,44
1270,241,9,58
1271,804,64,14
1272,749,65,7
1273,858,34,49
1274,631,19,35
1275,12,57,47
1276,614,0,28
1277,451,73,20
1278,243,20,42
1279,132,26,23
1280,618,70,15
1281,987,42,2
1282,245,64,14
1283,741,71,55
1284,279,36,57
1285,597,19,1
1286,584,9,63
1287,579,41,33
1288,585,34,32
1289,936,57,55
1290,315,47,32
1291,107,64,27
1292,44,49,26
1293,520,15,30
1294,843,69,9
1295,541,17,1
1296,607,28,40
1297,104,39,63
1298,880,10,54
1299,733,51,17
1300,780,18,62
1301,964,72,44
1302,738,46,12
1303,904,8,37
1304,617,64,35
1305,561,0,55
1306,397,30,11
1307,90,75,31
1308,442,53,50
1309,696,62,60
1310,630,51,32
1311,215,9,49
1312,789,58,60
1313,243,29,63
1314,373,71,29
1315,754,62,65
1316,38,24,3
1317,455,41,41
1318,585,75,9
1319,362,8,22
1320,75,47,19
1321,38,7,30
1322,708,31,32
1323,128,12,50
1324,171,37,65
1325,325,26,34
1326,836,69,7
1327,958,38,41
1328,497,52,64
1329,629,40,28
1330,438,55,18
1331,56,35,11
1332,798,53,66
1333,49,74,12
1334,417,32,18
1335,517,64,1
1336,910,17,17
1337,344,73,25
1338,262,76,56
1339,104,2,59
1340,269,66,10
1341,36,12,41
1342,970,1,16
1343,211,12,45
1344,650,1,22
1345,11,35,27
1346,400,20,7
1347,853,60,64
1348,825,37,22
1349,252,25,21
1350,495,30,17
1351,334,25,45
1352,804,13,66
1353,966,28,61
1354,594,0,14
1355,914,49,54
1356,548,40,66
1357,34,43,4
1358,681,19,10
1359,634,18,63
1360,225,3,23
1361,538,30,43
1362,630,53,64
1363,2,49,19
1364,351,14,53
1365,444,57,65
1366,797,12,39
1367,320,46,25
1368,708,4,13
1369,870,36,25
1370,261,65,52
1371,854,3,55
1372,683,13,23
1373,717,19,22
1374,872,32,13
1375,92,52,67
1376,92,37,11
1377,623,5,67
1378,537,14,49
1379,362,28,62
1380,349,66,58
1381,344,6,5
1382,33,27,31
1383,219,62,66
1384,219,61,54
1385,626,23,8
1386,58,74,65
1387,357,23,23
1388,908,63,19
1389,745,59,61
1390,148,29,44
1391,693,55,42
1392,919,11,62
1393,806,23,35
1394,356,67,46
1395,623,74,13
1396,50,26,34
1397,433,10,63
1398,797,71,57
1399,848,60,12
1400,808,12,2
1401,289,65,46
1402,793,71,46
1403,58,37,8
1404,447,61,54
1405,185,21,46
1406,713,44,32
1407,476,12,24
1408,742,8,20
1409,753,43,36
1410,868,68,32
1411,141,72,32
1412,562,61,42
1413,516,61,23
1414,221,53,25
1415,249,24,66
1416,224,68,4
1417,555,29,20
1418,951,3,19
1419,615,56,3
1420,995,14,15
1421,238,57,65
1422,37,10,44
1423,661,36,30
1424,915,2,8
1425,507,55,22
1426,411,34,36
1427,675,45,16
1428,732,14,25
1429,730,14,1
1430,516,26,41
1431,601,64,12
1432,921,34,9
1433,974,10,61
1434,463,27,25
1435,836,69,54
1436,333,4,44
1437,665,25,42
1438,957,71,4
1439,653,67,17
1440,801,58,16
1441,326,35,64
1442,662,66,60
1443,724,59,11
1444,673,0,40
1445,435,18,21
1446,906,56,36
1447,660,30,21
1448,604,41,12
1449,40,18,27
1450,880,15,18
1451,173,47,16
1452,157,15,19
1453,868,3,2
1454,318,45,13
1455,69,68,9
1456,333,49,27
1457,166,25,20
1458,948,35,37
1459,56,16,52
1460,925,58,49
1461,68,33,34
1462,87,5,53
1463,957,4,31
1464,947,40,29
1465,225,64,20
1466,273,67,41
1467,127,49,18
1468,453,36,42
1469,205,22,16
1470,37,73,25
1471,452,12,65
1472,423,33,34
1473,965,42,56
1474,799,22,9
1475,599,51,15
1476,503,67,45
1477,416,49,67
1478,349,28,53
1479,257,41,63
1480,180,32,24
1481,348,11,20
1482,581,29,18
1483,92,21,17
1484,396,65,4
1485,513,49,41
1486,512,43,2
1487,77,17,65
1488,373,75,64
1489,404,13,37
1490,521,3,52
1491,352,26,23
1492,965,37,1
1493,797,40,20
1494,804,37,29
1495,286,68,39
1496,113,45,35
1497,911,31,23
1498,509,74,38
1499,7,55,54
1500,315,73,2
1501,115,47,8
1502,564,64,35
1503,731,3,66
1504,932,59,7
1505,615,22,32
1506,81,18,40
1507,833,36,6
1508,638,50,15
1509,198,8,35
1510,120,29,44
1511,583,64,31
1512,287,50,17
1513,812,12,51
1514,250,51,67
1515,699,75,35
1516,671,53,46
1517,678,32,50
1518,148,25,46
1519,156,31,29
1520,403,63,3
1521,761,44,19
1522,934,1,34
1523,237,46,46
1524,466,68,26
1525,130,22,19
1526,160,57,63
1527,374,62,8
1528,330,67,61
1529,887,67,7
1530,404,40,52
1531,843,57,62
1532,374,11,44
1533,857,41,50
1534,726,72,11
1535,559,10,51
1536,972,27,34
1537,747,66,32
1538,718,6,51
1539,169,48,55
1540,353,48,62
1541,390,31,65
1542,862,61,43
1543,408,32,14
1544,838,34,44
1545,755,39,49
1546,855,44,47
1547,162,27,50
1548,1,15,7
1549,575,34,13
1550,688,38,63
1551,93,15,25
1552,200,5,35
1553,942,7,42
1554,258,69,58
1555,262,27,8
1556,435,53,63
1557,936,54,33
1558,492,11,60
1559,78,72,3
1560,286,68,53
1561,517,41,27
1562,615,48,20
1563,304,20,57
1564,441,74,22
1565,751,51,25
1566,144,36,17
1567,592,56,47
1568,193,24,62
1569,312,19,13
1570,821,11,4
1571,73,48,64
1572,808,6,55
1573,537,21,37
1574,371,48,40
1575,146,42,40
1576,970,45,18
1577,696,19,37
1578,486,72,31
1579,44,59,55
1580,594,18,22
1581,525,59,11
1582,931,45,31
1583,11,56,47
1584,706,21,2
1585,329,11,18
1586,789,48,37
1587,872,35,4
1588,218,22,51
1589,965,21,19
1590,543,28,12
1591,941,28,65
1592,323,66,38
1593,656,30,66
1594,243,17,39
1595,523,22,45
1596,246,17,60
1597,909,40,14
1598,454,68,6
1599,722,46,12
1600,728,74,62
1601,942,3,25
1602,138,38,66
1603,773,28,38
1604,735,71,60
1605,98,61,37
1606,656,37,9
1607,81,43,60
1608,68,22,58
1609,455,42,18
1610,285,8,9
1611,151,18,4
1612,282,48,62
1613,607,69,46
1614,786,58,54
1615,580,36,35
1616,614,12,42
1617,27,34,10
1618,692,59,26
1619,530,31,40
1620,152,46,54
1621,452,55,28
1622,371,11,28
1623,935,51,41
1624,800,52,47
1625,911,31,51
1626,438,7,15
1627,980,74,30
1628,795,41,27
1629,690,50,45
1630,736,73,27
1631,310,24,51
1632,409,66,26
1633,817,75,33
1634,660,6,25
1635,320,7,29
1636,599,61,47
1637,503,48,55
1638,112,15,44
1639,199,56,5
1640,865,61,56
1641,99,35,4
1642,51,73,4
1643,355,71,67
1644,617,14,19
1645,327,45,16
1646,711,39,24
1647,736,9,18
1648,75,68,24
1649,124,41,2
1650,764,34,7
1651,146,18,59
1652,721,45,36
1653,213,50,65
1654,555,7,52
1655,898,42,61
1656,857,30,58
1657,165,58,24
1658,153,44,56
1659,320,25,45
1660,650,51,37
1661,583,41,23
1662,428,18,55
1663,298,45,41
1664,657,42,29
1665,517,17,44
1666,548,54,47
1667,702,56,36
1668,127,71,13
1669,992,36,23
1670,791,6,1
1671,739,42,21
1672,286,25,52
1673,836,30,31
1674,38,47,24
1675,213,15,66
1676,687,52,56
1677,522,44,50
1678,750,75,48
1679,501,61,57
1680,545,38,28
1681,997,45,34
1682,355,17,16
1683,339,0,10
1684,809,48,13
1685,23,8,25
1686,879,76,41
1687,232,52,51
1688,600,68,12
1689,135,16,12
1690,860,73,12
1691,72,60,65
1692,705,15,59
1693,539,33,50
1694,222,1,26
1695,60,42,67
1696,569,14,47
1697,351,52,47
1698,405,56,2
1699,560,16,57
1700,456,47,35
1701,587,74,19
1702,339,62,29
1703,53,39,67
1704,213,29,29
1705,856,8,38
1706,897,63,43
1707,22,15,65
1708,754,61,4
1709,545,43,41
1710,543,20,30
1711,293,32,48
1712,791,43,46
1713,96,71,5
1714,841,34,19
1715,540,63,49
1716,215,6,3
1717,744,21,55
1718,359,1,6
1719,362,15,49
1720,889,4,47
1721,447,41,42
1722,460,28,67
1723,631,59,62
1724,852,9,26
1725,695,34,19
1726,516,20,39
1727,939,56,16
1728,610,40,47
1729,990,26,49
1730,582,29,29
1731,248,19,54
1732,518,65,8
1733,787,2,38
1734,107,18,59
1735,691,67,65
1736,745,3,11
1737,165,41,56
1738,326,43,12
1739,331,69,18
1740,374,8,14
1741,700,34,11
1742,602,24,7
1743,870,22,47
1744,952,18,37
1745,688,49,26
1746,618,19,31
1747,659,13,52
1748,852,53,11
1749,259,57,14
1750,592,45,41
1751,389,16,56
1752,448,11,16
1753,228,60,20
1754,712,64,47
1755,750,34,55
1756,388,2,62
1757,790,65,57
1758,246,43,4
1759,716,57,18
1760,839,52,30
1761,900,54,18
1762,145,9,35
1763,92,53,39
1764,879,38,66
1765,614,55,57
1766,985,20,61
1767,442,8,54
1768,148,64,7
1769,780,73,17
1770,318,24,33
1771,189,4,1
1772,94,45,66
1773,280,17,67
1774,674,20,32
1775,523,69,66
1776,571,57,26
1777,730,4,59
1778,363,2,34
1779,673,24,10
1780,567,49,51
1781,988,43,31
1782,677,23,54
1783,376,75,36
1784,722,27,12
1785,722,20,63
1786,828,10,42
1787,76,0,12
1788,959,51,44
1789,371,52,43
1790,27,62,9
1791,822,54,23
1792,302,1,67
1793,963,72,10
1794,249,3,24
1795,390,69,56
1796,647,13,46
1797,709,9,37
1798,16,64,32
1799,67,10,37
1800,291,74,19
1801,707,48,10
1802,505,10,9
1803,130,9,33
1804,508,62,14
1805,666,31,49
1806,830,62,38
1807,218,59,54
1808,263,23,23
1809,975,33,12
1810,379,39,29
1811,744,7,58
1812,707,58,12
1813,648,63,11
1814,589,20,41
1815,957,30,46
1816,121,38,20
1817,907,52,22
1818,742,72,46
1819,586,68,35
1820,808,15,33
1821,787,54,64
1822,992,5,16
1823,428,21,7
1824,705,24,12
1825,73,10,37
1826,272,54,55
1827,301,13,10
1828,516,47,38
1829,636,67,2
1830,727,1,58
1831,432,2,55
1832,457,39,36
1833,11,41,11
1834,222,21,28
1835,246,38,33
1836,452,48,26
1837,671,30,59
1838,823,47,36
1839,819,41,13
1840,985,46,1
1841,700,21,62
1842,59,50,35
1843,417,36,15
1844,124,43,30
1845,417,12,2
1846,604,46,45
1847,158,34,42
1848,633,22,33
1849,473,7,61
1850,265,58,45
1851,814,31,17
1852,908,59,23
1853,888,71,45
1854,183,8,56
1855,848,46,33
1856,603,43,13
1857,776,55,1
1858,963,13,5
1859,382,41,30
1860,668,53,43
1861,549,46,17
1862,455,25,58
1863,195,25,16
1864,779,9,19
1865,428,0,27
1866,739,37,56
1867,163,9,30
1868,723,25,58
1869,241,55,25
1870,886,62,62
1871,347,12,51
1872,971,4,54
1873,170,5,55
1874,358,55,53
1875,364,41,25
1876,250,50,58
1877,325,49,62
1878,394,76,10
1879,793,73,20
1880,347,46,17
1881,967,53,46
1882,819,46,6
1883,162,8,3
1884,531,8,64
1885,813,51,10
1886,151,29,7
1887,202,64,67
1888,39,51,7
1889,976,5,49
1890,97,43,4
1891,70,63,15
1892,795,32,15
1893,78,52,27
1894,113,73,1
1895,678,25,22
1896,904,61,17
1897,825,64,23
1898,955,41,19
1899,370,20,63
1900,956,51,12
1901,952,44,44
1902,54,13,8
1903,234,35,58
1904,661,38,48
1905,691,75,29
1906,393,31,43
1907,15,35,13
1908,586,55,1
1909,147,16,33
1910,844,66,61
1911,373,17,18
1912,702,76,49
1913,999,58,9
1914,427,47,17
1915,867,49,19
1916,780,35,24
1917,372,36,38
1918,140,37,28
1919,476,11,49
1920,705,37,67
1921,277,6,2
1922,259,53,53
1923,799,56,32
1924,620,68,50
1925,188,5,57
1926,530,44,9
1927,551,15,4
1928,425,57,16
1929,460,56,28
1930,673,32,3
1931,370,35,19
1932,504,28,37
1933,183,25,47
1934,937,63,6
1935,130,19,12
1936,100,45,26
1937,944,19,6
1938,676,51,65
1939,880,41,54
1940,703,5,21
1941,692,7,44
1942,867,61,6
1943,634,13,24
1944,991,75,55
1945,716,61,32
1946,675,18,7
1947,647,62,38
1948,3,70,61
1949,587,7,36
1950,169,34,30
1951,510,36,24
1952,886,17,4
1953,555,28,55
1954,20,50,41
1955,548,70,11
1956,30,16,38
1957,996,9,47
1958,699,60,42
1959,212,74,54
1960,698,28,10
1961,478,33,46
1962,273,41,64
1963,586,8,49
1964,951,31,13
1965,304,19,30
1966,422,66,10
1967,109,67,61
1968,307,37,21
1969,693,27,56
1970,496,4,50
1971,68,47,42
1972,802,7,6
1973,566,24,33
1974,993,30,12
1975,426,23,13
1976,579,62,67
1977,128,10,65
1978,71,6,25
1979,763,40,60
1980,85,44,36
1981,261,49,16
1982,801,14,41
1983,590,35,30
1984,181,57,53
1985,299,57,50
1986,139,26,15
1987,435,54,2
1988,829,75,8
1989,371,71,6
1990,273,38,51
1991,584,4,18
1992,782,4,4
1993,138,74,37
1994,591,70,65
1995,91,23,52
1996,294,23,9
1997,972,63,29
1998,883,52,56
1999,388,30,26
2000,827,21,45
2001,49,27,12
2002,471,19,1
2003,896,2,18
2004,241,75,45
2005,499,37,44
2006,94,65,27
2007,309,67,42
2008,919,50,55
2009,700,21,39
2010,412,16,36
2011,141,3,32
2012,850,31,9
2013,988,32,58
2014,848,45,6
2015,610,45,56
2016,574,15,58
2017,581,56,42
2018,65,66,60
2019,855,42,2
2020,321,51,41
2021,440,57,61
2022,90,59,45
2023,110,65,46
2024,932,66,1
2025,851,59,41
2026,957,64,33
2027,544,29,2
2028,639,12,10
2029,420,68,11
2030,978,71,32
2031,140,41,67
2032,305,3,60
2033,296,54,28
2034,360,38,5
2035,739,32,19
2036,929,72,12
2037,377,68,12
2038,389,12,59
2039,885,29,40
2040,268,63,44
2041,244,50,6
2042,11,73,8
2043,64,9,24
2044,744,38,29
2045,896,54,43
2046,483,23,23
2047,726,36,9
2048,260,72,8
2049,446,43,45
2050,194,67,39
2051,474,39,13
2052,723,15,44
2053,736,56,42
2054,270,66,3
2055,959,38,60
2056,301,29,54
2057,254,25,1
2058,64,56,20
2059,18,55,2
2060,887,13,8
2061,650,0,53
2062,444,55,54
2063,927,28,36
2064,744,48,27
2065,256,76,48
2066,553,70,34
2067,562,20,47
2068,661,72,64
2069,885,9,60
2070,823,8,41
2071,742,58,33
2072,237,53,43
2073,319,65,61
2074,51,24,26
2075,880,45,18
2076,350,27,45
2077,942,70,63
2078,87,51,13
2079,42,44,53
2080,254,13,26
2081,267,25,6
2082,554,37,54
2083,839,67,64
2084,208,17,10
2085,282,24,29
2086,668,55,13
2087,722,58,66
2088,345,57,3
2089,952,31,63
2090,912,32,44
2091,464,73,39
2092,904,1,32
2093,28,20,26
2094,762,7,7
2095,849,6,1
2096,546,18,54
2097,755,34,17
2098,391,74,3
2099,114,52,26
2100,159,56,10
2101,52,16,64
2102,183,64,52
2103,140,24,67
2104,594,32,52
2105,242,37,66
2106,317,6,43
2107,520,43,61
2108,791,61,30
2109,570,34,29
2110,897,8,61
2111,729,74,34
2112,685,23,3
2113,966,46,55
2114,762,55,52
2115,632,69,38
2116,506,33,23
2117,402,3,55
2118,395,33,48
2119,829,31,3
2120,8,26,1
2121,842,47,34
2122,796,12,56
2123,123,3,32
2124,556,34,21
2125,502,39,30
2126,811,21,58
2127,380,73,25
2128,610,0,31
2129,245,26,30
2130,750,51,45
2131,930,50,54
2132,893,42,36
2133,117,10,58
2134,447,56,35
2135,122,54,53
2136,441,44,26
2137,368,28,64
2138,774,51,59
2139,450,17,6
2140,316,39,36
2141,564,46,7
2142,332,35,37
2143,951,28,44
2144,387,68,51
2145,105,56,41
2146,386,61,1
2147,85,39,39
2148,957,66,57
2149,396,22,52
2150,935,16,28
2151,228,72,67
2152,821,5,20
2153,157,60,58
2154,62,5,12
2155,740,31,20
2156,396,18,28
2157,489,66,43
2158,101,15,21
2159,194,15,43
2160,660,19,38
2161,601,74,50
2162,650,1,67
2163,698,69,5
2164,510,60,24
2165,532,25,56
2166,941,22,54
2167,475,15,43
2168,556,29,20
2169,606,40,43
2170,778,65,16
2171,387,66,26
2172,996,11,44
2173,289,13,41
2174,568,21,59
2175,218,24,14
2176,344,1,31
2177,35,12,60
2178,375,17,55
2179,970,7,39
2180,918,75,47
2181,153,8,55
2182,903,31,63
2183,340,69,57
2184,619,32,10
2185,154,0,67
2186,684,2,13
2187,606,56,11
2188,110,75,34
2189,594,69,54
2190,305,56,61
2191,552,49,10
2192,935,51,50
2193,807,58,29
2194,513,61,54
2195,914,45,45
2196,893,31,43
2197,391,44,15
2198,881,20,22
2199,622,62,50
2200,220,56,57
2201,452,65,9
2202,55,74,14
2203,25,21,16
2204,650,69,38
2205,498,6,4
2206,138,8,28
2207,264,1,41
2208,558,70,51
2209,100,4,63
2210,857,34,65
2211,100,8,37
2212,332,11,33
2213,752,68,64
2214,403,22,2
2215,903,54,41
2216,757,12,13
2217,648,52,13
2218,886,0,36
2219,876,3,14
2220,267,55,67
2221,364,57,23
2222,365,58,56
2223,558,32,17
2224,101,33,33
2225,155,47,7
2226,336,42,35
2227,186,46,40
2228,151,27,55
2229,406,5,51
2230,277,42,61
2231,335,36,40
2232,32,56,31
2233,774,19,12
2234,584,23,50
2235,464,57,63
2236,263,52,6
2237,767,16,39
2238,943,26,51
2239,347,76,10
2240,432,12,11
2241,53,22,34
2242,661,39,50
2243,588,73,7
2244,937,35,51
2245,109,24,50
2246,710,17,61
2247,497,28,64
2248,117,27,37
2249,808,14,49
2250,444,70,29
2251,645,17,28
2252,774,67,33
2253,194,46,50
2254,816,61,62
2255,92,70,17
2256,472,44,5
2257,996,18,61
2258,848,42,7
2259,180,65,15
2260,747,13,17
2261,179,3,42
2262,809,74,27
2263,21,47,36
2264,940,20,65
2265,149,12,44
2266,463,5,54
2267,496,48,50
2268,312,1,52
2269,259,47,61
2270,981,29,36
2271,613,35,5
2272,206,7,51
2273,69,63,57
2274,789,43,45
2275,7,61,31
2276,479,60,15
2277,969,59,24
2278,623,8,55
2279,909,9,59
2280,986,0,36
2281,298,51,31
2282,488,25,4
2283,683,64,54
2284,75,59,29
2285,832,72,7
2286,45,21,4
2287,539,21,8
2288,307,16,62
2289,198,46,23
2290,743,22,56
2291,391,30,59
2292,322,0,25
2293,694,76,28
2294,529,2,5
2295,116,27,20
2296,957,7,65
2297,864,27,61
2298,334,52,7
2299,30,9,3
2300,857,20,9
2301,853,37,12
2302,630,17,65
2303,392,38,35
2304,559,14,62
2305,921,63,6
2306,483,10,31
2307,723,69,19
2308,315,68,9
2309,880,14,55
2310,327,68,50
2311,641,1,11
2312,176,17,3
2313,715,65,29
2314,292,55,10
2315,333,43,57
2316,669,28,43
2317,345,28,38
2318,602,65,50
2319,43,73,40
2320,569,25,14
2321,923,16,10
2322,199,1,3
2323,366,53,34
2324,822,17,13
2325,742,47,13
2326,242,18,1
2327,334,9,60
2328,529,48,66
2329,514,33,42
2330,20,48,40
2331,553,36,53
2332,317,34,57
2333,293,57,16
2334,576,67,32
2335,373,0,32
2336,955,71,37
2337,156,59,45
2338,700,29,40
2339,251,52,64
2340,690,63,37
2341,341,50,9
2342,550,16,24
2343,492,51,66
2344,882,70,64
2345,10,46,27
2346,914,27,11
2347,910,35,25
2348,694,26,22
2349,867,61,3
2350,175,58,6
2351,483,40,61
2352,416,25,61
2353,174,10,58
2354,770,50,51
2355,81,4,36
2356,144,74,42
2357,904,47,2
2358,342,7,11
2359,339,2,49
2360,111,63,58
2361,974,5,10
2362,184,20,8
2363,59,60,8
2364,890,30,41
2365,253,70,56
2366,872,30,51
2367,405,50,44
2368,303,41,46
2369,970,27,30
2370,656,63,42
2371,50,56,34
2372,493,56,49
2373,237,3,27
2374,423,23,32
2375,988,30,60
2376,236,74,21
2377,138,22,59
2378,547,64,63
2379,213,71,22
2380,649,27,38
2381,31,65,33
2382,545,71,50
2383,605,66,51
2384,386,65,24
2385,657,37,21
2386,851,63,25
2387,462,62,12
2388,395,4,49
2389,343,47,46
2390,996,41,35
2391,112,47,23
2392,16,69,35
2393,596,50,13
2394,557,46,48
2395,492,12,45
2396,950,18,11
2397,506,13,63
2398,563,48,59
2399,424,10,45
2400,114,1,50
2401,586,7,66
2402,592,3,9
2403,624,49,45
2404,920,67,15
2405,253,4,17
2406,610,43,62
2407,228,27,18
2408,947,51,27
2409,962,27,35
2410,189,25,13
2411,572,71,47
2412,199,73,2
2413,612,25,13
2414,769,73,44
2415,407,45,20
2416,479,58,61
2417,538,18,23
2418,46,59,36
2419,101,35,29
2420,47,64,66
2421,878,39,30
2422,58,2,27
2423,250,24,9
2424,754,75,20
2425,478,49,43
2426,560,34,20
2427,303,45,63
2428,860,20,33
2429,496,7,5
2430,634,13,23
2431,389,41,19
2432,696,21,60
2433,500,34,53
2434,423,47,8
2435,736,52,24
2436,692,55,67
2437,900,15,47
2438,939,40,15
2439,107,27,31
2440,13,0,62
2441,197,64,21
2442,935,53,36
2443,720,43,60
2444,572,57,38
2445,555,11,12
2446,781,30,20
2447,726,18,55
2448,929,64,38
2449,785,0,56
2450,748,11,19
2451,864,7,10
2452,361,26,41
2453,296,69,40
2454,624,6,63
2455,745,64,14
2456,840,62,2
2457,118,32,62
2458,584,20,38
2459,97,42,64
2460,505,32,43
2461,793,0,47
2462,997,63,61
2463,517,13,61
2464,499,37,15
2465,69,24,64
2466,260,29,16
2467,466,25,53
2468,587,30,55
2469,561,3,19
2470,496,52,60
2471,755,15,55
2472,535,39,24
2473,122,18,3
2474,235,71,33
2475,149,24,3
2476,66,41,23
2477,119,75,30
2478,385,67,44
2479,496,3,2
2480,533,36,27
2481,946,22,3
2482,600,43,22
2483,853,50,58
2484,706,31,33
2485,782,67,9
2486,176,70,1
2487,24,25,42
2488,499,37,11
2489,184,51,61
2490,175,29,22
2491,330,5,3
2492,440,53,50
2493,502,3,56
2494,736,21,14
2495,288,69,5
2496,578,13,42
2497,218,36,24
2498,673,9,53
2499,528,37,15
2500,696,49,46
2501,320,13,38
2502,506,26,47
2503,140,46,28
2504,991,14,67
2505,997,74,14
2506,658,21,3
2507,335,46,8
2508,204,73,56
2509,944,14,58
2510,107,22,48
2511,873,60,3
2512,187,67,42
2513,1,11,36
2514,519,15,25
2515,95,35,41
2516,565,55,42
2517,752,74,29
2518,32,33,60
2519,903,52,28
2520,251,20,60
2521,251,47,60
2522,232,60,13
2523,985,30,2
2524,11,41,65
2525,397,34,31
2526,782,0,38
2527,391,29,11
2528,795,76,39
2529,16,76,59
2530,231,61,16
2531,837,3,58
2532,155,71,3
2533,336,54,31
2534,577,0,3
2535,162,0,35
2536,145,47,57
2537,477,6,38
2538,550,5,35
2539,215,34,37
2540,414,31,51
2541,957,18,57
2542,365,52,7
2543,528,46,9
2544,95,8,48
2545,583,32,14
2546,792,75,14
2547,284,36,22
2548,164,65,1
2549,463,41,60
2550,83,14,59
2551,330,7,24
2552,750,62,66
2553,278,10,46
2554,898,30,33
2555,324,13,7
2556,600,65,17
2557,859,34,49
2558,492,25,46
2559,644,35,15
2560,331,63,62
2561,135,16,37
2562,244,49,47
2563,813,2,60
2564,529,2,40
2565,968,53,6
2566,644,72,11
2567,52,33,26
2568,317,14,55
2569,692,23,66
2570,392,13,45
2571,478,17,41
2572,609,51,43
2573,503,13,8
2574,687,24,11
2575,903,13,31
2576,790,13,31
2577,138,23,58
2578,879,0,50
2579,880,11,57
2580,957,18,4
2581,839,34,50
2582,208,66,51
2583,165,24,38
2584,989,66,6
2585,928,70,55
2586,954,46,40
2587,370,60,11
2588,36,67,66
2589,441,15,17
2590,934,17,11
2591,139,59,43
2592,248,1,49
2593,855,47,42
2594,773,42,65
2595,530,66,22
2596,799,14,53
2597,573,35,1
2598,553,9,25
2599,757,23,28
2600,878,22,44
2601,955,17,31
2602,169,26,31
2603,129,23,2
2604,688,19,2
2605,534,37,8
2606,569,12,33
2607,286,32,57
2608,822,44,22
2609,55,48,26
2610,217,50,26
2611,615,68,8
2612,87,59,57
2613,193,10,53
2614,449,22,19
2615,491,6,26
2616,950,30,62
2617,131,63,32
2618,52,9,32
2619,451,8,9
2620,121,4,46
2621,643,8,20
2622,507,3,7
2623,17,64,54
2624,971,9,3
2625,196,30,19
2626,222,41,38
2627,847,54,12
2628,347,29,59
2629,275,48,36
2630,387,59,36
2631,265,5,37
2632,158,56,1
2633,292,6,25
2634,795,32,11
2635,353,74,10
2636,501,15,62
2637,159,17,31
2638,965,38,9
2639,739,42,65
2640,537,0,42
2641,927,38,30
2642,522,68,5
2643,465,72,56
2644,244,59,17
2645,365,49,25
2646,613,48,3
2647,346,9,64
2648,638,72,4
2649,245,15,55
2650,617,72,25
2651,225,20,60
2652,359,17,46
2653,879,66,55
2654,152,76,41
2655,148,55,6
2656,767,32,36
2657,878,48,51
2658,678,1,61
2659,218,1,9
2660,68,14,64
2661,320,23,26
2662,236,35,50
2663,975,26,34
2664,180,4,4
2665,349,0,20
2666,131,8,8
2667,377,43,12
2668,599,47,63
2669,465,56,51
2670,360,32,41
2671,526,53,7
2672,537,76,12
2673,617,15,45
2674,878,21,42
2675,269,70,38
2676,152,60,57
2677,141,37,33
2678,283,10,48
2679,513,50,36
2680,131,20,3
2681,401,65,57
2682,251,54,57
2683,688,1,47
2684,941,47,31
2685,161,40,50
2686,201,29,42
2687,122,49,60
2688,153,65,2
2689,676,3,30
2690,556,16,18
2691,211,39,30
2692,962,18,41
2693,395,65,16
2694,485,50,23
2695,763,57,64
2696,931,6,26
2697,413,56,67
2698,291,21,65
2699,515,27,14
2700,197,50,65
2701,753,45,41
2702,3,64,32
2703,189,29,65
2704,925,32,35
2705,90,18,66
2706,952,50,12
2707,365,40,46
2708,119,21,16
2709,847,3,54
2710,414,36,61
2711,598,62,57
2712,505,67,30
2713,680,29,55
2714,866,26,42
2715,652,23,23
2716,550,64,47
2717,760,24,39
2718,107,26,40
2719,744,55,1
2720,345,39,36
2721,819,67,45
2722,375,27,41
2723,326,12,30
2724,67,11,12
2725,82,69,26
2726,188,18,17
2727,965,12,12
2728,824,34,27
2729,760,25,59
2730,583,10,37
2731,547,40,10
2732,402,4,50
2733,800,44,40
2734,985,30,26
2735,880,2,59
2736,928,47,21
2737,728,64,24
2738,347,13,11
2739,553,71,49
2740,894,8,57
2741,785,15,13
2742,174,0,55
2743,861,27,30
2744,934,50,59
2745,554,18,65
2746,725,26,22
2747,347,63,43
2748,181,1,32
2749,685,15,62
2750,250,8,67
2751,277,14,31
2752,879,25,50
2753,486,67,14
2754,425,74,51
2755,761,57,40
2756,927,5,40
2757,112,13,49
2758,630,20,47
2759,658,54,43
2760,953,63,46
2761,99,56,24
2762,698,72,22
2763,94,38,4
2764,144,76,43
2765,184,60,14
2766,388,66,59
2767,741,67,65
2768,618,44,4
2769,364,13,3
2770,885,39,28
2771,777,56,51
2772,120,73,17
2773,792,19,15
2774,5,68,23
2775,693,43,34
2776,56,37,61
2777,524,73,59
2778,442,64,37
2779,343,7,61
2780,911,72,58
2781,749,35,60
2782,131,62,49
2783,937,26,6
2784,651,69,45
2785,753,32,67
2786,300,47,60
2787,570,43,63
2788,26,30,26
2789,298,28,61
2790,394,14,10
2791,619,46,35
2792,719,28,59
2793,744,29,37
2794,139,11,56
2795,400,50,23
2796,357,50,20
2797,454,0,55
2798,79,44,41
2799,202,71,65
2800,186,16,13
2801,619,72,62
2802,277,62,46
2803,928,61,32
2804,418,7,17
2805,753,45,58
2806,273,62,53
2807,384,18,45
2808,963,62,10
2809,801,22,17
2810,890,65,26
2811,195,24,27
2812,112,15,30
2813,773,20,48
2814,464,67,3
2815,189,69,8
2816,347,55,10
2817,294,76,3
2818,895,16,65
2819,585,61,37
2820,955,5,47
2821,456,17,4
2822,352,64,41
2823,363,19,67
2824,584,67,34
2825,154,58,15
2826,119,45,32
2827,891,76,55
2828,220,72,53
2829,536,1,35
2830,41,9,48
2831,271,36,54
2832,198,73,48
2833,394,34,24
2834,194,49,15
2835,312,52,54
2836,851,7,47
2837,85,54,63
2838,100,54,30
2839,154,67,40
2840,753,39,27
2841,136,35,50
2842,795,0,2
2843,544,24,62
2844,155,50,9
2845,93,69,65
2846,600,67,51
2847,320,25,62
2848,896,17,16
2849,928,60,43
2850,1000,56,63
2851,713,12,5
2852,580,21,7
2853,247,72,59
2854,781,29,25
2855,765,33,23
2856,705,65,50
2857,719,15,22
2858,696,38,8
2859,209,51,28
2860,793,51,33
2861,192,51,54
2862,677,7,9
2863,92,70,48
2864,888,39,59
2865,906,42,57
2866,457,56,62
2867,96,8,38
2868,906,29,63
2869,986,17,49
2870,843,39,37
2871,227,59,2
2872,979,28,61
2873,541,25,31
2874,455,74,40
2875,228,65,12
2876,304,73,46
2877,930,4,41
2878,130,42,26
2879,447,48,65
2880,513,4,16
2881,678,41,26
2882,655,16,32
2883,23,25,58
2884,28,67,44
2885,506,11,14
2886,517,44,8
2887,471,3,8
2888,84,50,52
2889,701,0,14
2890,234,51,4
2891,124,24,6
2892,617,49,23
2893,39,54,62
2894,832,30,55
2895,884,16,58
2896,804,52,62
2897,698,43,10
2898,363,68,6
2899,2,5,46
2900,303,21,11
2901,404,4,54
2902,589,11,59
2903,835,69,53
2904,330,47,49
2905,233,23,36
2906,123,57,43
2907,654,69,47
2908,404,63,40
2909,854,5,13
2910,804,18,30
2911,764,30,6
2912,117,4,67
2913,163,34,45
2914,926,68,12
2915,783,17,30
2916,593,45,44
2917,871,43,12
2918,439,12,8
2919,382,0,35
2920,751,10,20
2921,780,12,19
2922,944,31,20
2923,563,37,12
2924,972,8,23
2925,354,49,23
2926,943,23,36
2927,543,56,6
2928,203,39,26
2929,637,39,17
2930,495,57,43
2931,431,41,63
2932,847,68,14
2933,37,73,4
2934,481,45,54
2935,862,31,60
2936,412,56,25
2937,605,21,58
2938,446,70,38
2939,338,38,39
2940,783,2,5
2941,287,61,67
2942,262,12,27
2943,528,8,54
2944,247,10,41
2945,993,7,65
2946,900,12,23
2947,264,76,40
2948,251,3,62
2949,4,40,11
2950,903,30,22
2951,698,63,66
2952,521,72,9
2953,667,11,22
2954,345,71,49
2955,232,29,13
2956,977,7,53
2957,225,30,19
2958,518,73,67
2959,59,25,5
2960,836,73,17
2961,344,48,28
2962,12,61,16
2963,39,30,11
2964,461,24,17
2965,110,8,36
2966,849,19,60
2967,736,30,47
2968,432,65,54
2969,30,37,67
2970,221,61,59
2971,785,61,33
2972,10,20,22
2973,507,29,37
2974,509,17,63
2975,557,67,40
2976,700,35,34
2977,485,8,15
2978,529,62,7
2979,433,43,38
2980,848,69,50
2981,29,12,15
2982,25,15,65
2983,357,73,7
2984,42,42,13
2985,777,71,64
2986,793,29,7
2987,419,4,9
2988,879,21,40
2989,41,76,65
2990,613,43,5
2991,782,67,27
2992,891,44,43
2993,951,34,67
2994,352,66,43
2995,554,10,4
2996,315,24,52
2997,538,52,62
2998,254,48,65
2999,599,73,12
3000,602,10,38
3001,835,72,67
3002,435,12,63
3003,58,2,65
3004,267,73,42
3005,218,5,6
3006,819,21,13
3007,417,2,30
3008,552,32,4
3009,49,20,43
3010,396,9,49
3011,439,62,4
3012,208,41,40
3013,79,36,37
3014,112,43,17
3015,996,29,59
3016,563,61,27
3017,254,14,26
3018,190,47,49
3019,899,24,18
3020,772,23,13
3021,422,10,38
3022,334,47,37
3023,752,28,34
3024,273,62,13
3025,305,61,48
3026,697,33,10
3027,468,0,32
3028,155,16,26
3029,658,47,40
3030,281,15,67
3031,625,3,46
3032,525,8,43
3033,766,37,35
3034,405,21,36
3035,413,25,38
3036,655,59,63
3037,300,60,55
3038,116,34,45
3039,656,11,53
3040,319,10,4
3041,500,42,30
3042,639,10,1
3043,998,35,22
3044,952,72,14
3045,316,14,8
3046,735,41,47
3047,826,57,40
3048,490,76,45
3049,622,69,45
3050,414,56,57
3051,343,61,59
3052,828,14,5
3053,556,40,32
3054,278,11,22
3055,617,68,5
3056,877,40,45
3057,108,37,67
3058,128,56,53
3059,739,35,44
3060,656,19,14
3061,454,24,45
3062,462,55,49
3063,556,38,35
3064,501,10,37
3065,349,71,6
3066,218,14,32
3067,408,47,7
3068,924,0,38
3069,880,63,18
3070,931,9,67
3071,748,8,20
3072,182,19,59
3073,167,54,50
3074,756,65,30
3075,548,54,31
3076,211,28,9
3077,478,30,61
3078,526,41,59
3079,846,56,47
3080,761,72,21
3081,982,61,1
3082,907,9,31
3083,10,3,29
3084,200,6,45
3085,106,27,32
3086,639,57,29
3087,732,61,13
3088,140,71,2
3089,342,67,46
3090,428,5,6
3091,54,58,29
3092,673,20,7
3093,449,19,39
3094,937,18,26
3095,638,26,54
3096,252,36,27
3097,996,62,45
3098,630,70,63
3099,428,64,35
3100,917,26,12
3101,85,44,44
3102,326,46,50
3103,174,52,22
3104,147,37,58
3105,2,68,21
3106,637,43,8
3107,966,65,27
3108,115,11,21
3109,313,0,65
3110,757,11,21
3111,856,34,61
3112,942,57,51
3113,627,8,4
3114,567,43,50
3115,666,13,64
3116,29,21,44
3117,294,49,36
3118,544,2,52
3119,918,28,43
3120,757,38,5
3121,840,34,9
3122,222,1,18
3123,925,29,3
3124,47,62,4
3125,931,41,29
3126,511,65,48
3127,94,14,54
3128,325,29,57
3129,183,22,52
3130,97,59,7
3131,334,11,67
3132,978,75,25
3133,707,62,63
3134,342,25,37
3135,380,1,35
3136,824,56,63
3137,660,3,59
3138,151,58,17
3139,467,76,6
3140,921,62,58
3141,916,21,25
3142,661,67,52
3143,800,23,55
3144,607,55,56
3145,1,46,18
3146,999,8,57
3147,276,39,64
3148,181,34,8
3149,554,70,7
3150,664,23,55
3151,618,4,20
3152,960,48,29
3153,559,1,66
3154,691,44,65
3155,755,10,31
3156,681,14,9
3157,330,43,47
3158,444,34,63
3159,699,14,30
3160,277,8,51
3161,979,74,64
3162,786,67,36
3163,26,60,24
3164,111,38,7
3165,382,26,5
3166,569,22,2
3167,497,6,10
3168,176,56,21
3169,109,72,67
3170,114,55,20
3171,760,67,21
3172,666,49,27
3173,492,66,22
3174,389,66,27
3175,964,24,64
3176,864,63,50
3177,441,36,41
3178,672,55,50
3179,35,0,67
3180,435,19,49
3181,535,55,66
3182,656,33,37
3183,53,3,41
3184,988,39,60
3185,152,32,58
3186,650,65,16
3187,516,76,58
3188,429,29,31
3189,482,32,29
3190,75,24,33
3191,134,9,9
3192,341,63,36
3193,481,16,15
3194,580,9,21
3195,451,75,26
3196,477,13,19
3197,225,73,33
3198,543,32,46
3199,959,20,44
3200,581,30,59
3201,521,42,43
3202,892,44,67
3203,359,10,7
3204,766,1,50
3205,852,6,56
3206,878,50,21
3207,114,44,46
3208,296,19,53
3209,153,31,42
3210,662,1,12
3211,314,29,12
3212,291,9,7
3213,602,55,15
3214,298,15,10
3215,719,1,35
3216,16,46,65
3217,838,59,63
3218,405,42,4
3219,793,21,19
3220,483,29,1
3221,254,7,51
3222,886,45,10
3223,73,49,12
3224,647,33,39
3225,539,8,44
3226,552,45,4
3227,809,8,2
3228,590,40,22
3229,735,25,42
3230,905,54,55
3231,32,5,52
3232,934,72,9
3233,909,65,25
3234,612,73,41
3235,512,16,20
3236,812,56,3
3237,38,10,9
3238,655,0,16
3239,309,44,44
3240,154,16,50
3241,201,73,61
3242,765,12,57
3243,487,73,27
3244,968,1,18
3245,506,42,22
3246,171,42,25
3247,977,44,39
3248,114,32,11
3249,634,48,61
3250,35,33,23
3251,150,16,15
3252,528,5,3
3253,760,45,48
3254,269,26,25
3255,702,61,58
3256,949,2,5
3257,914,48,36
3258,405,51,54
3259,10,52,62
3260,169,75,35
3261,432,21,61
3262,184,47,25
3263,358,72,17
3264,213,5,30
3265,712,73,37
3266,367,64,56
3267,989,27,41
3268,616,55,65
3269,605,67,62
3270,561,27,58
3271,341,30,35
3272,145,70,54
3273,90,2,3
3274,14,54,27
3275,883,73,24
3276,204,24,17
3277,499,24,47
3278,743,40,17
3279,49,25,23
3280,404,29,58
3281,192,4,11
3282,212,44,63
3283,694,74,66
3284,749,66,17
3285,294,44,24
3286,86,68,61
3287,72,61,32
3288,167,71,38
3289,127,71,67
3290,312,35,61
3291,892,34,39
3292,649,11,27
3293,415,15,32
3294,251,38,22
3295,369,7,59
3296,480,74,28
3297,304,72,53
3298,828,25,5
3299,19,65,67
3300,482,24,66
3301,777,9,43
3302,595,45,15
3303,81,50,20
3304,324,26,59
3305,986,23,8
3306,5,39,9
3307,881,20,27
3308,463,67,58
3309,549,61,36
3310,485,30,49
3311,376,1,38
3312,415,55,30
3313,813,5,3
3314,614,1,56
3315,567,31,4
3316,965,64,21
3317,598,11,52
3318,185,9,9
3319,245,52,65
3320,551,56,52
3321,119,58,29
3322,840,8,36
3323,362,0,64
3324,451,43,62
3325,709,23,35
3326,504,21,6
3327,19,33,37
3328,558,58,46
3329,948,39,20
3330,910,40,11
3331,927,10,49
3332,775,31,59
3333,751,69,57
3334,583,24,10
3335,596,72,62
3336,478,3,1
3337,234,12,3
3338,392,40,45
3339,118,1,50
3340,960,33,53
3341,403,8,2
3342,526,7,1
3343,40,5,12
3344,460,7,37
3345,47,13,14
3346,424,54,63
3347,203,40,38
3348,982,57,56
3349,1000,33,9
3350,799,21,45
3351,631,76,15
3352,264,25,31
3353,887,29,44
3354,215,10,18
3355,992,11,13
3356,632,57,48
3357,988,11,9
3358,80,62,18
3359,465,35,51
3360,442,45,62
3361,921,55,11
3362,531,74,29
3363,696,52,7
3364,516,59,52
3365,575,40,22
3366,468,68,13
3367,23,69,25
3368,825,48,9
3369,914,51,11
3370,111,75,30
3371,726,76,52
3372,811,62,27
3373,595,39,24
3374,117,12,54
3375,484,61,20
3376,447,46,18
3377,76,24,62
3378,927,31,55
3379,333,47,1
3380,644,27,9
3381,308,69,58
3382,658,20,27
3383,957,53,31
3384,93,47,63
3385,982,6,7
3386,913,22,26
3387,221,73,33
3388,596,11,37
3389,415,54,54
3390,846,6,18
3391,979,63,7
3392,789,50,65
3393,103,39,3
3394,320,6,10
3395,659,8,3
3396,992,7,22
3397,840,71,28
3398,875,38,45
3399,624,30,66
3400,297,25,67
3401,60,16,11
3402,286,3,16
3403,139,48,25
3404,564,34,29
3405,326,50,30
3406,260,2,64
3407,165,15,66
3408,116,31,63
3409,40,5,25
3410,972,59,37
3411,204,66,7
3412,747,18,25
3413,610,11,17
3414,101,21,13
3415,961,16,59
3416,875,1,10
3417,404,74,10
3418,471,2,24
3419,672,22,55
3420,69,37,5
3421,213,49,9
3422,432,46,40
3423,812,72,61
3424,509,14,9
3425,492,32,42
3426,770,57,13
3427,334,17,61
3428,377,60,44
3429,123,70,58
3430,845,76,67
3431,541,25,37
3432,272,10,45
3433,26,33,56
3434,589,65,27
3435,229,60,54
3436,919,67,49
3437,621,11,41
3438,501,58,13
3439,26,10,59
3440,235,21,54
3441,451,75,18
3442,877,4,58
3443,259,59,30
3444,910,19,19
3445,931,60,54
3446,633,44,42
3447,540,45,27
3448,407,63,67
3449,407,19,20
3450,859,14,7
3451,537,4,33
3452,651,40,38
3453,986,14,30
3454,1,69,1
3455,907,67,9
3456,197,38,64
3457,934,40,43
3458,509,13,23
3459,946,15,48
3460,366,38,58
3461,319,5,51
3462,696,16,13
3463,64,2,6
3464,505,1,18
3465,255,72,7
3466,895,47,28
3467,990,68,12
3468,865,68,15
3469,20,28,51
3470,482,33,43
3471,484,26,62
3472,181,4,8
3473,97,46,6
3474,844,59,35
3475,330,56,64
3476,541,24,11
3477,407,3,53
3478,170,38,49
3479,884,39,64
3480,308,22,52
3481,300,0,36
3482,748,56,48
3483,303,72,26
3484,597,65,31
3485,688,25,47
3486,129,16,50
3487,468,75,18
3488,992,14,45
3489,208,75,52
3490,709,40,20
3491,214,24,23
3492,743,34,44
3493,641,4,45
3494,322,13,50
3495,291,63,24
3496,506,68,42
3497,862,76,64
3498,700,75,1
3499,883,57,52
3500,431,48,65
3501,529,5,32
3502,308,27,15
3503,300,44,55
3504,953,24,24
3505,759,24,22
3506,47,23,47
3507,60,47,8
3508,854,15,8
3509,596,47,45
3510,523,26,48
3511,294,45,20
3512,857,31,12
3513,662,34,55
3514,13,49,57
3515,505,68,65
3516,177,36,58
3517,510,40,36
3518,971,6,16
3519,903,21,59
3520,513,5,32
3521,862,0,38
3522,162,29,65
3523,156,45,6
3524,484,55,23
3525,819,68,47
3526,451,73,52
3527,237,54,12
3528,40,16,26
3529,261,30,9
3530,432,76,29
3531,333,47,34
3532,494,26,38
3533,572,36,6
3534,868,46,25
3535,37,3,53
3536,486,4,9
3537,261,76,57
3538,125,34,4
3539,932,43,24
3540,925,76,10
3541,683,1,60
3542,498,16,26
3543,876,0,53
3544,181,59,44
3545,425,14,22
3546,113,8,51
3547,773,75,4
3548,915,24,2
3549,508,17,59
3550,808,71,67
3551,327,39,57
3552,630,75,1
3553,526,49,63
3554,874,9,31
3555,509,4,11
3556,897,31,16
3557,192,3,13
3558,927,53,64
3559,196,41,27
3560,908,75,28
3561,494,75,10
3562,990,11,42
3563,538,63,10
3564,709,30,20
3565,722,39,30
3566,613,10,41
3567,219,28,44
3568,152,12,14
3569,537,74,3
3570,656,24,1
3571,435,13,1
3572,908,42,12
3573,275,50,8
3574,61,35,24
3575,444,58,4
3576,554,52,36
3577,151,27,18
3578,360,56,55
3579,94,7,31
3580,509,53,54
3581,468,29,23
3582,595,55,61
3583,222,50,2
3584,523,60,8
3585,75,15,8
3586,388,75,12
3587,357,40,19
3588,526,63,8
3589,821,45,24
3590,437,25,62
3591,633,2,65
3592,550,48,58
3593,881,23,34
3594,165,65,52
3595,757,46,49
3596,379,8,36
3597,699,36,3
3598,233,0,62
3599,835,70,40
3600,393,8,42
3601,564,71,33
3602,429,39,48
3603,951,34,31
3604,54,24,6
3605,796,43,63
3606,678,76,23
3607,549,15,3
3608,264,42,22
3609,181,59,32
3610,745,74,48
3611,465,58,4
3612,160,41,8
3613,424,3,2
3614,126,68,55
3615,844,69,57
3616,949,14,32
3617,531,57,58
3618,594,8,21
3619,368,4,10
3620,321,13,67
3621,592,62,52
3622,109,74,29
3623,478,18,23
3624,227,73,49
3625,224,73,43
3626,521,63,53
3627,200,48,46
3628,960,66,42
3629,384,42,18
3630,954,41,47
3631,768,74,54
3632,387,56,37
3633,593,28,26
3634,983,24,51
3635,962,64,1
3636,31,35,55
3637,162,15,51
3638,256,18,9
3639,280,6,33
3640,710,38,4
3641,346,35,3
3642,6,55,33
3643,144,55,35
3644,240,43,27
3645,419,6,62
3646,878,14,62
3647,211,2,9
3648,302,25,27
3649,447,12,2
3650,662,48,28
3651,971,64,19
3652,613,46,45
3653,400,67,67
3654,163,68,40
3655,775,45,47
3656,812,72,28
3657,794,56,4
3658,626,42,18
3659,265,22,46
3660,744,34,53
3661,719,44,37
3662,309,45,34
3663,550,16,64
3664,384,63,18
3665,147,54,14
3666,799,49,18
3667,722,9,2
3668,726,25,16
3669,122,32,35
3670,484,41,7
3671,577,7,36
3672,396,45,40
3673,296,53,2
3674,774,7,39
3675,67,30,11
3676,299,49,11
3677,995,0,52
3678,716,36,41
3679,765,30,56
3680,290,69,30
3681,602,46,59
3682,669,24,26
3683,457,49,26
3684,68,31,42
3685,312,36,14
3686,964,33,20
3687,539,17,5
3688,829,42,23
3689,813,70,6
3690,754,44,18
3691,395,1,43
3692,511,60,1
3693,706,34,9
3694,881,15,65
3695,420,64,51
3696,468,10,14
3697,175,49,6
3698,264,38,61
3699,811,1,61
3700,585,49,40
3701,774,66,23
3702,306,58,44
3703,576,68,26
3704,880,72,37
3705,342,0,48
3706,381,34,20
3707,943,70,47
3708,375,30,30
3709,40,24,59
3710,758,3,23
3711,115,38,1
3712,415,19,34
3713,623,45,14
3714,251,14,50
3715,662,29,48
3716,871,49,57
3717,843,32,61
3718,114,68,15
3719,218,45,42
3720,967,33,13
3721,465,73,63
3722,107,15,67
3723,755,71,24
3724,116,44,27
3725,421,22,56
3726,737,69,11
3727,884,42,55
3728,388,65,61
3729,864,17,55
3730,122,59,63
3731,747,5,41
3732,215,73,28
3733,481,14,17
3734,472,49,50
3735,771,20,29
3736,15,2,1
3737,640,29,4
3738,589,17,16
3739,587,73,33
3740,323,65,48
3741,258,71,14
3742,858,54,17
3743,833,28,5
3744,861,42,9
3745,192,29,28
3746,487,18,42
3747,969,56,41
3748,479,21,52
3749,483,58,4
3750,198,55,22
3751,943,47,20
3752,830,28,25
3753,20,13,20
3754,564,71,62
3755,633,17,10
3756,295,21,35
3757,990,4,30
3758,899,4,1
3759,464,9,24
3760,901,37,2
3761,627,69,15
3762,797,31,36
3763,921,73,58
3764,832,53,13
3765,704,22,52
3766,957,73,52
3767,957,55,12
3768,48,71,38
3769,817,62,59
3770,851,24,26
3771,176,22,36
3772,699,48,34
3773,980,75,5
3774,852,60,1
3775,879,41,66
3776,902,46,7
3777,110,16,35
3778,119,6,39
3779,760,40,20
3780,219,18,48
3781,44,74,28
3782,827,25,45
3783,101,49,6
3784,532,7,66
3785,387,46,51
3786,299,28,20
3787,210,52,8
3788,812,43,28
3789,357,5,46
3790,954,23,52
3791,857,57,65
3792,43,22,14
3793,309,23,20
3794,927,55,21
3795,25,19,65
3796,362,12,35
3797,191,29,66
3798,171,48,53
3799,351,64,66
3800,545,60,13
3801,309,63,3
3802,465,13,22
3803,63,35,36
3804,435,50,49
3805,432,41,29
3806,283,47,40
3807,243,37,22
3808,419,25,43
3809,283,16,59
3810,946,48,21
3811,274,63,44
3812,15,58,55
3813,994,57,64
3814,961,31,26
3815,797,64,24
3816,242,46,41
3817,594,8,45
3818,414,75,45
3819,866,61,1
3820,953,46,26
3821,981,53,20
3822,158,61,15
3823,878,15,40
3824,97,12,47
3825,445,34,25
3826,596,16,20
3827,614,49,17
3828,689,4,64
3829,641,8,47
3830,170,44,48
3831,174,20,61
3832,961,74,56
3833,346,65,4
3834,96,28,59
3835,293,12,17
3836,369,57,40
3837,310,57,34
3838,6,49,37
3839,580,55,23
3840,313,16,52
3841,152,52,42
3842,74,72,21
3843,93,59,58
3844,203,70,34
3845,67,58,40
3846,482,7,50
3847,689,42,37
3848,339,15,12
3849,492,3,4
3850,365,63,29
3851,263,11,45
3852,166,56,6
3853,582,22,8
3854,740,5,42
3855,737,17,19
3856,665,9,47
3857,823,0,12
3858,176,36,14
3859,61,43,65
3860,821,25,29
3861,274,30,3
3862,945,75,13
3863,795,2,47
3864,873,32,60
3865,273,37,58
3866,936,25,59
3867,934,55,51
3868,930,28,18
3869,928,68,46
3870,859,1,23
3871,37,70,18
3872,316,22,22
3873,418,1,38
3874,139,68,24
3875,682,62,62
3876,113,39,41
3877,616,3,44
3878,880,74,7
3879,243,35,57
3880,548,41,32
3881,511,2,8
3882,44,4,31
3883,310,24,6
3884,596,10,56
3885,288,41,40
3886,475,57,58
3887,821,69,7
3888,854,73,49
3889,396,32,13
3890,859,60,65
3891,416,29,64
3892,340,47,65
3893,926,31,11
3894,970,63,17
3895,48,19,25
3896,727,9,24
3897,646,63,41
3898,92,0,7
3899,288,3,58
3900,867,61,36
3901,334,23,66
3902,77,35,48
3903,412,40,54
3904,756,43,20
3905,950,30,4
3906,973,64,66
3907,641,30,63
3908,568,9,22
3909,633,75,66
3910,431,27,1
3911,861,65,41
3912,432,31,27
3913,189,10,39
3914,144,21,16
3915,540,74,47
3916,17,54,37
3917,49,17,27
3918,807,33,39
3919,146,17,6
3920,459,5,7
3921,606,50,56
3922,706,31,16
3923,98,69,34
3924,60,41,21
3925,912,13,43
3926,703,74,58
3927,157,8,56
3928,625,26,10
3929,846,52,28
3930,106,6,48
3931,977,32,40
3932,790,70,52
3933,623,3,16
3934,887,22,50
3935,689,18,58
3936,331,18,43
3937,784,7,19
3938,394,16,50
3939,374,54,57
3940,710,40,39
3941,184,0,12
3942,656,76,66
3943,910,68,61
3944,485,61,18
3945,876,76,54
3946,272,34,13
3947,40,62,67
3948,932,26,58
3949,52,34,40
3950,599,25,54
3951,681,2,22
3952,903,17,17
3953,323,20,20
3954,37,5,64
3955,754,10,36
3956,440,45,45
3957,93,35,49
3958,575,57,1
3959,805,67,30
3960,332,32,12
3961,263,38,10
3962,924,38,63
3963,458,26,40
3964,135,1,21
3965,194,63,57
3966,322,74,4
3967,203,55,55
3968,619,8,28
3969,315,27,55
3970,314,12,10
3971,676,6,65
3972,937,5,29
3973,400,9,2
3974,327,7,44
3975,202,61,40
3976,603,12,25
3977,451,49,46
3978,135,5,52
3979,588,57,33
3980,861,5,63
3981,607,29,60
3982,804,54,30
3983,706,18,6
3984,339,18,23
3985,36,62,11
3986,253,75,5
3987,429,30,51
3988,10,33,11
3989,568,67,21
3990,261,43,60
3991,419,70,55
3992,304,29,49
3993,193,35,38
3994,894,35,10
3995,542,30,3
3996,682,2,6
3997,635,30,58
3998,308,10,11
3999,319,23,60
4000,629,22,43
4001,257,17,52
4002,228,15,34
4003,128,18,1
4004,707,36,55
4005,292,1,20
4006,788,45,21
4007,93,30,14
4008,714,1,62
4009,433,41,15
4010,838,51,24
4011,140,33,66
4012,298,18,51
4013,763,55,25
4014,946,11,60
4015,832,54,11
4016,808,15,22
4017,479,44,31
4018,921,17,4
4019,143,44,52
4020,769,38,28
4021,2,40,43
4022,316,45,50
4023,312,4,14
4024,236,26,56
4025,279,68,51
4026,684,6,1
4027,134,75,45
4028,614,70,24
4029,784,1,48
4030,258,44,8
4031,368,66,15
4032,723,5,34
4033,550,31,67
4034,976,6,47
4035,707,40,45
4036,738,59,64
4037,856,28,23
4038,506,54,2
4039,400,61,13
4040,324,13,3
4041,115,35,62
4042,263,5,39
4043,713,18,16
4044,229,52,36
4045,458,41,58
4046,233,33,42
4047,8,45,59
4048,318,43,57
4049,379,40,4
4050,39,5,3
4051,64,52,30
4052,809,62,60
4053,588,7,60
4054,416,44,9
4055,178,39,62
4056,502,61,1
4057,73,38,11
4058,80,45,19
4059,783,71,16
4060,965,43,31
4061,236,76,39
4062,315,6,54
4063,277,66,59
4064,670,58,5
4065,471,64,21
4066,90,47,18
4067,913,63,59
4068,146,65,66
4069,648,26,40
4070,817,12,28
4071,681,31,15
4072,2,41,46
4073,394,44,25
4074,921,56,1
4075,812,56,11
4076,524,4,27
4077,641,10,7
4078,522,40,61
4079,132,61,59
4080,906,33,6
4081,825,40,55
4082,361,55,16
4083,618,61,33
4084,887,65,31
4085,583,36,36
4086,532,9,59
4087,587,45,65
4088,173,22,50
4089,16,66,15
4090,602,14,42
4091,193,62,44
4092,79,55,9
4093,871,72,57
4094,197,25,46
4095,78,49,63
4096,634,52,11
4097,657,4,25
4098,59,43,46
4099,987,1,21
4100,790,61,7
4101,582,1,14
4102,745,7,6
4103,930,39,62
4104,232,66,55
4105,925,63,19
4106,468,10,15
4107,385,67,36
4108,667,8,20
4109,837,28,29
4110,730,32,3
4111,899,52,49
4112,520,53,53
4113,305,10,64
4114,223,57,47
4115,160,30,32
4116,51,42,56
4117,74,25,58
4118,873,22,54
4119,916,52,9
4120,569,29,39
4121,786,42,33
4122,759,1,53
4123,918,34,57
4124,133,61,18
4125,600,24,14
4126,100,53,40
4127,563,46,58
4128,701,0,7
4129,219,41,66
4130,457,12,39
4131,907,53,32
4132,446,7,7
4133,172,37,53
4134,364,24,48
4135,607,36,46
4136,825,58,14
4137,486,20,52
4138,973,68,61
4139,305,54,59
4140,670,3,26
4141,799,25,46
4142,941,18,18
4143,320,34,26
4144,888,8,1
4145,925,67,4
4146,885,16,1
4147,170,48,64
4148,559,33,48
4149,219,72,25
4150,769,59,53
4151,778,22,3
4152,31,5,25
4153,637,9,36
4154,217,67,27
4155,200,8,66
4156,241,9,64
4157,734,50,45
4158,299,18,49
4159,284,67,15
4160,906,10,42
4161,327,10,19
4162,451,45,9
4163,373,43,53
4164,616,40,52
4165,894,63,20
4166,815,69,36
4167,203,39,46
4168,895,71,36
4169,215,0,64
4170,763,38,23
4171,265,27,55
4172,166,71,37
4173,758,34,55
4174,361,24,66
4175,918,51,20
4176,297,28,56
4177,438,44,39
4178,511,72,66
4179,73,66,52
4180,990,23,37
4181,88,72,7
4182,87,9,65
4183,73,66,18
4184,331,25,35
4185,781,26,26
4186,623,0,5
4187,744,33,18
4188,230,17,60
4189,83,49,45
4190,883,43,3
4191,591,2,43
4192,181,20,16
4193,104,57,47
4194,435,6,5
4195,87,59,8
4196,304,46,24
4197,253,34,38
4198,488,66,30
4199,553,52,50
4200,13,72,46
4201,983,10,40
4202,79,43,36
4203,114,11,4
4204,197,25,14
4205,42,31,14
4206,917,2,25
4207,767,43,33
4208,733,44,28
4209,326,76,7
4210,970,55,38
4211,301,75,24
4212,112,56,5
4213,135,5,27
4214,148,64,9
4215,481,30,18
4216,915,3,63
4217,775,60,47
4218,452,5,22
4219,176,7,29
4220,733,39,64
4221,6,63,43
4222,584,7,44
4223,649,41,46
4224,8,69,64
4225,742,20,35
4226,939,27,33
4227,956,60,14
4228,695,72,33
4229,642,58,51
4230,53,62,34
4231,589,8,11
4232,936,58,6
4233,819,23,53
4234,703,68,38
4235,786,62,9
4236,459,39,46
4237,288,70,39
4238,741,49,38
4239,552,16,2
4240,46,50,55
4241,544,47,1
4242,347,7,30
4243,917,65,29
4244,741,69,9
4245,614,3,11
4246,18,53,53
4247,569,67,63
4248,395,24,56
4249,242,7,34
4250,990,23,61
4251,371,30,49
4252,391,14,6
4253,633,59,44
4254,98,52,6
4255,792,61,40
4256,457,26,63
4257,383,51,59
4258,525,41,40
4259,578,68,55
4260,887,32,38
4261,151,0,5
4262,664,54,16
4263,361,21,44
4264,59,0,22
4265,813,60,23
4266,760,28,55
4267,654,22,30
4268,839,33,52
4269,351,33,26
4270,446,39,35
4271,816,22,1
4272,358,27,8
4273,418,64,67
4274,263,43,23
4275,985,29,35
4276,199,27,46
4277,272,11,8
4278,774,50,50
4279,451,10,44
4280,543,56,6
4281,39,53,31
4282,663,30,32
4283,452,5,49
4284,391,33,41
4285,281,13,13
4286,561,5,38
4287,391,29,44
4288,153,65,6
4289,371,70,14
4290,624,36,20
4291,148,74,47
4292,743,25,15
4293,776,24,22
4294,255,11,29
4295,590,65,23
4296,945,11,44
4297,79,31,12
4298,646,70,41
4299,835,4,31
4300,998,17,41
4301,932,73,55
4302,451,40,6
4303,618,16,53
4304,498,69,26
4305,704,7,16
4306,925,15,22
4307,359,37,7
4308,277,7,60
4309,806,54,65
4310,394,31,48
4311,937,71,32
4312,824,71,63
4313,717,62,55
4314,68,49,40
4315,971,63,8
4316,1,40,54
4317,774,62,14
4318,33,1,67
4319,226,0,50
4320,778,50,9
4321,610,34,16
4322,572,24,49
4323,407,46,38
4324,890,44,40
4325,629,33,14
4326,916,76,51
4327,344,31,8
4328,343,5,16
4329,911,68,14
4330,530,70,17
4331,550,25,30
4332,549,9,26
4333,682,58,59
4334,566,34,47
4335,699,5,51
4336,784,57,67
4337,96,49,1
4338,345,15,10
4339,809,38,1
4340,643,22,57
4341,890,70,41
4342,838,21,1
4343,309,23,66
4344,668,61,23
4345,686,26,44
4346,982,61,38
4347,260,49,39
4348,292,54,62
4349,112,74,6
4350,297,34,53
4351,975,56,61
4352,405,24,29
4353,212,35,38
4354,100,56,25
4355,661,57,30
4356,819,66,16
4357,546,9,16
4358,481,69,55
4359,669,17,47
4360,22,4,40
4361,69,19,17
4362,711,9,23
4363,496,60,1
4364,457,73,58
4365,512,5,7
4366,358,14,16
4367,484,2,66
4368,279,18,42
4369,441,73,20
4370,834,54,16
4371,43,60,4
4372,15,3,8
4373,235,60,12
4374,362,21,13
4375,63,22,2
4376,377,14,21
4377,636,55,23
4378,747,40,15
4379,355,23,57
4380,570,0,37
4381,40,3,25
4382,741,15,64
4383,75,55,14
4384,959,5,12
4385,788,75,1
4386,277,15,42
4387,893,39,34
4388,533,7,9
4389,678,60,5
4390,644,60,35
4391,157,13,55
4392,932,10,47
4393,33,64,17
4394,603,74,66
4395,451,38,50
4396,87,36,61
4397,221,5,45
4398,688,25,2
4399,766,32,57
4400,545,24,11
4401,912,54,31
4402,207,30,52
4403,148,28,33
4404,321,33,52
4405,87,64,3
4406,509,64,23
4407,18,51,13
4408,897,74,14
4409,894,22,40
4410,361,69,12
4411,573,61,18
4412,216,1,48
4413,734,56,49
4414,851,52,34
4415,228,67,47
4416,300,24,6
4417,48,13,34
4418,364,76,49
4419,779,63,58
4420,324,32,66
4421,994,46,7
4422,945,39,3
4423,461,20,16
4424,573,50,28
4425,237,50,37
4426,903,56,27
4427,656,27,40
4428,68,42,21
4429,179,53,22
4430,402,11,16
4431,985,15,29
4432,488,46,26
4433,820,50,24
4434,482,57,39
4435,442,23,22
4436,139,11,25
4437,432,5,21
4438,338,56,39
4439,755,9,26
4440,926,36,54
4441,213,52,50
4442,540,38,32
4443,417,74,14
4444,634,60,11
4445,689,44,22
4446,809,20,44
4447,645,8,32
4448,246,22,19
4449,973,58,4
4450,958,25,61
4451,524,36,53
4452,369,55,54
4453,84,45,16
4454,483,24,5
4455,489,44,32
4456,43,76,14
4457,47,18,13
4458,156,52,17
4459,141,68,30
4460,478,35,23
4461,623,45,12
4462,857,35,25
4463,19,49,37
4464,280,61,4
4465,123,49,48
4466,988,36,6
4467,365,33,37
4468,982,41,9
4469,232,42,46
4470,517,42,39
4471,115,1,57
4472,589,46,16
4473,128,61,31
4474,202,39,67
4475,742,41,48
4476,138,36,48
4477,200,41,7
4478,571,63,59
4479,848,47,37
4480,357,51,62
4481,406,23,10
4482,167,72,67
4483,712,23,35
4484,772,73,46
4485,830,16,23
4486,78,46,11
4487,557,9,9
4488,665,74,29
4489,558,64,19
4490,376,46,25
4491,948,55,38
4492,896,57,18
4493,428,10,40
4494,562,43,23
4495,578,58,56
4496,949,29,51
4497,662,69,48
4498,787,58,66
4499,952,32,13
4500,741,39,36
4501,22,38,54
4502,910,34,25
4503,993,69,12
4504,750,52,14
4505,383,19,13
4506,336,12,22
4507,43,65,23
4508,759,66,38
4509,702,74,58
4510,71,61,3
4511,575,2,1
4512,971,67,43
4513,776,24,28
4514,349,50,58
4515,167,62,61
4516,410,74,9
4517,803,57,30
4518,959,18,31
4519,542,29,25
4520,110,76,45
4521,37,52,67
4522,976,14,11
4523,174,13,10
4524,707,66,53
4525,839,55,13
4526,797,41,44
4527,527,51,14
4528,396,2,1
4529,838,27,56
4530,155,4,39
4531,791,47,2
4532,417,39,17
4533,645,16,39
4534,820,44,31
4535,339,21,6
4536,289,46,26
4537,5,50,30
4538,880,22,22
4539,672,28,6
4540,787,63,41
4541,591,37,61
4542,715,24,16
4543,128,15,33
4544,253,32,55
4545,496,50,57
4546,669,52,64
4547,535,34,53
4548,895,54,3
4549,412,51,60
4550,627,56,49
4551,298,64,47
4552,165,54,54
4553,852,36,13
4554,587,24,67
4555,374,4,67
4556,106,33,60
4557,579,70,5
4558,321,14,16
4559,726,19,10
4560,983,36,58
4561,599,64,14
4562,12,0,32
4563,694,36,59
4564,937,30,18
4565,264,27,6
4566,662,48,46
4567,418,61,45
4568,538,40,17
4569,603,4,15
4570,582,58,63
4571,965,36,50
4572,343,46,52
4573,429,35,35
4574,702,18,31
4575,120,23,46
4576,472,26,50
4577,484,0,25
4578,338,55,6
4579,279,14,62
4580,422,2,2
4581,43,2,24
4582,142,75,23
4583,180,43,37
4584,712,21,27
4585,324,26,59
4586,742,68,32
4587,423,17,39
4588,944,24,19
4589,979,28,53
4590,603,43,16
4591,800,29,50
4592,168,51,1
4593,423,32,17
4594,257,4,40
4595,960,74,19
4596,147,38,45
4597,775,20,29
4598,318,0,31
4599,960,19,2
4600,656,2,39
4601,339,8,54
4602,623,71,46
4603,848,5,16
4604,148,76,65
4605,871,73,5
4606,840,11,33
4607,176,1,64
4608,65,34,23
4609,844,14,31
4610,144,32,17
4611,738,9,66
4612,316,25,33
4613,723,76,58
4614,138,52,60
4615,272,48,16
4616,801,15,51
4617,817,18,11
4618,96,74,19
4619,932,54,9
4620,303,60,50
4621,165,60,6
4622,668,2,46
4623,980,18,35
4624,227,55,57
4625,313,46,17
4626,255,60,34
4627,846,60,20
4628,213,67,1
4629,673,75,60
4630,537,31,47
4631,812,11,16
4632,836,22,37
4633,232,56,39
4634,199,43,37
4635,532,57,44
4636,453,18,65
4637,506,10,48
4638,513,36,25
4639,242,51,16
4640,890,67,53
4641,247,39,35
4642,403,54,27
4643,377,53,61
4644,893,39,27
4645,735,60,35
4646,231,10,66
4647,829,55,38
4648,49,60,60
4649,635,22,1
4650,870,69,1
4651,407,30,61
4652,412,44,1
4653,198,37,17
4654,450,22,60
4655,40,55,19
4656,986,26,43
4657,190,74,32
4658,200,24,22
4659,876,20,30
4660,243,61,50
4661,189,22,59
4662,524,69,24
4663,84,66,64
4664,156,70,17
4665,236,43,53
4666,206,46,65
4667,519,15,16
4668,384,40,37
4669,961,76,19
4670,547,22,61
4671,328,21,32
4672,254,32,49
4673,726,36,56
4674,121,1,63
4675,683,48,47
4676,498,2,58
4677,796,25,11
4678,757,20,44
4679,429,45,15
4680,800,46,42
4681,385,10,25
4682,648,48,24
4683,648,46,56
4684,933,45,4
4685,306,63,27
4686,805,74,61
4687,768,31,46
4688,32,2,32
4689,852,12,21
4690,751,3,11
4691,325,34,34
4692,464,52,47
4693,989,50,8
4694,37,13,62
4695,413,12,9
4696,352,13,50
4697,58,62,67
4698,753,20,6
4699,469,75,22
4700,870,0,33
4701,149,43,16
4702,339,71,35
4703,693,38,5
4704,935,55,48
4705,185,47,44
4706,830,62,37
4707,663,23,36
4708,534,33,66
4709,847,34,38
4710,736,73,49
4711,646,40,57
4712,667,17,53
4713,446,56,62
4714,982,45,4
4715,560,32,33
4716,484,0,60
4717,262,23,59
4718,310,55,61
4719,659,18,63
4720,863,0,34
4721,321,4,3
4722,61,66,20
4723,194,1,63
4724,413,17,24
4725,106,43,47
4726,334,19,23
4727,447,29,53
4728,206,64,34
4729,365,62,40
4730,95,24,25
4731,561,23,39
4732,969,27,46
4733,304,26,13
4734,610,60,46
4735,174,28,58
4736,828,52,42
4737,458,44,35
4738,21,24,38
4739,106,22,33
4740,209,75,24
4741,415,23,59
4742,75,61,43
4743,503,48,12
4744,497,41,11
4745,389,7,43
4746,92,55,22
4747,735,30,9
4748,933,31,28
4749,347,36,6
4750,987,62,55
4751,363,30,58
4752,499,22,2
4753,455,27,38
4754,777,43,63
4755,876,10,66
4756,211,49,59
4757,115,23,65
4758,385,35,19
4759,875,76,21
4760,5,46,62
4761,813,50,14
4762,267,32,66
4763,632,15,13
4764,915,24,1
4765,724,44,59
4766,586,22,9
4767,976,13,61
4768,55,56,15
4769,843,25,41
4770,94,13,37
4771,71,18,44
4772,485,61,53
4773,114,51,55
4774,462,35,62
4775,23,50,34
4776,891,30,64
4777,805,26,56
4778,498,72,18
4779,608,41,61
4780,129,48,39
4781,752,1,57
4782,838,5,39
4783,239,6,35
4784,409,30,50
4785,828,39,12
4786,20,47,54
4787,546,23,33
4788,874,65,46
4789,738,58,27
4790,662,72,49
4791,1000,1,20
4792,566,51,22
4793,681,18,36
4794,273,71,41
4795,960,3,4
4796,169,10,1
4797,783,39,6
4798,128,23,47
4799,611,18,20
4800,74,48,15
4801,611,47,37
4802,644,30,11
4803,8,59,56
4804,817,29,26
4805,532,52,16
4806,879,22,41
4807,398,45,66
4808,243,68,45
4809,913,11,13
4810,367,64,29
4811,382,47,16
4812,764,36,64
4813,999,32,43
4814,677,45,21
4815,560,26,47
4816,474,11,16
4817,86,48,13
4818,999,4,39
4819,436,23,3
4820,432,7,67
4821,1000,30,28
4822,490,12,21
4823,469,6,19
4824,967,29,55
4825,258,74,54
4826,651,64,35
4827,316,9,49
4828,387,26,18
4829,990,61,39
4830,735,54,14
4831,401,53,40
4832,245,28,21
4833,262,8,66
4834,812,52,64
4835,7,34,7
4836,433,4,27
4837,617,64,15
4838,660,26,18
4839,804,35,65
4840,315,24,1
4841,910,58,54
4842,618,27,40
4843,907,44,39
4844,127,66,27
4845,601,58,57
4846,594,47,60
4847,577,42,17
4848,637,12,57
4849,476,36,19
4850,528,63,55
4851,874,23,31
4852,217,20,41
4853,397,65,5
4854,532,12,42
4855,291,44,56
4856,931,1,66
4857,104,20,6
4858,476,39,41
4859,81,0,39
4860,613,43,3
4861,454,66,32
4862,356,44,47
4863,563,5,18
4864,393,33,12
4865,600,26,41
4866,600,19,28
4867,767,13,16
4868,423,69,37
4869,225,63,24
4870,978,24,9
4871,348,55,58
4872,595,58,7
4873,337,56,63
4874,832,18,65
4875,207,8,37
4876,62,6,4
4877,342,59,8
4878,976,52,15
4879,247,74,32
4880,336,8,9
4881,417,69,67
4882,420,49,53
4883,857,47,57
4884,180,50,49
4885,921,69,55
4886,18,71,13
4887,456,55,6
4888,636,43,38
4889,383,72,17
4890,483,60,65
4891,844,55,49
4892,272,38,19
4893,473,59,2
4894,363,38,1
4895,982,10,27
4896,280,2,52
4897,210,31,53
4898,537,32,47
4899,35,72,19
4900,930,59,60
4901,198,17,61
4902,242,2,12
4903,305,70,3
4904,75,48,46
4905,30,26,5
4906,730,14,67
4907,588,19,35
4908,594,17,66
4909,74,61,42
4910,979,72,44
4911,292,55,63
4912,429,2,65
4913,513,37,52
4914,48,54,14
4915,269,22,16
4916,394,12,63
4917,494,16,65
4918,322,14,30
4919,569,47,44
4920,264,33,24
4921,243,30,17
4922,349,14,38
4923,205,25,39
4924,636,41,4
4925,355,24,52
4926,345,58,40
4927,236,70,36
4928,589,14,44
4929,293,75,24
4930,382,15,30
4931,785,47,52
4932,403,30,18
4933,126,49,38
4934,961,15,49
4935,984,55,28
4936,223,38,47
4937,112,59,5
4938,886,55,4
4939,139,44,25
4940,648,10,10
4941,390,21,1
4942,304,59,60
4943,523,46,51
4944,559,15,59
4945,458,23,64
4946,193,11,14
4947,805,68,56
4948,787,59,36
4949,166,70,67
4950,508,73,59
4951,726,24,35
4952,766,27,27
4953,273,18,6
4954,154,22,27
4955,46,3,45
4956,654,60,42
4957,322,18,59
4958,638,23,13
4959,190,11,48
4960,271,57,38
4961,613,20,44
4962,2,22,52
4963,840,18,29
4964,604,53,11
4965,255,68,65
4966,127,38,15
4967,442,76,10
4968,664,14,36
4969,30,57,47
4970,31,20,17
4971,961,63,6
4972,265,56,48
4973,248,56,50
4974,431,30,14
4975,76,74,65
4976,289,51,32
4977,966,54,63
4978,558,69,61
4979,556,5,28
4980,773,4,49
4981,420,63,30
4982,576,50,22
4983,653,70,52
4984,275,60,58
4985,597,45,32
4986,14,25,20
4987,181,64,62
4988,418,22,32
4989,363,1,27
4990,557,10,27
4991,919,30,19
4992,765,3,47
4993,97,25,61
4994,753,39,7
4995,42,18,62
4996,866,32,5
4997,54,35,20
4998,696,31,47
4999,807,30,39
5000,418,12,24
5001,261,76,53
5002,946,52,31
5003,88,69,55
5004,638,31,58
5005,323,44,35
5006,922,26,19
5007,76,30,58
5008,397,31,46
5009,498,20,27
5010,879,5,12
5011,720,61,65
5012,87,21,31
5013,909,10,67
5014,484,22,56
5015,144,37,21
5016,133,25,46
5017,463,10,64
5018,20,53,21
5019,219,22,31
5020,776,72,54
5021,246,56,16
5022,548,6,54
5023,502,76,28
5024,853,60,67
5025,705,71,43
5026,452,54,50
5027,958,37,9
5028,980,54,23
5029,510,57,54
5030,706,0,58
5031,337,47,58
5032,664,43,40
5033,631,39,50
5034,325,28,27
5035,737,39,28
5036,540,40,36
5037,656,54,38
5038,512,34,57
5039,856,9,39
5040,185,76,26
5041,731,11,31
5042,563,22,66
5043,417,56,29
5044,553,42,3
5045,157,3,9
5046,670,51,34
5047,928,59,40
5048,392,31,6
5049,787,20,20
5050,978,47,62
5051,796,27,67
5052,783,16,1
5053,190,18,34
5054,517,31,43
5055,970,36,62
5056,605,29,48
5057,169,59,18
5058,27,13,45
5059,455,17,53
5060,665,55,27
5061,364,49,42
5062,888,43,4
5063,604,1,4
5064,142,41,57
5065,179,34,6
5066,450,21,28
5067,846,38,25
5068,375,64,51
5069,900,51,30
5070,627,10,15
5071,741,17,50
5072,28,2,14
5073,346,66,38
5074,465,30,35
5075,287,15,41
5076,322,20,29
5077,239,24,66
5078,613,2,58
5079,892,66,44
5080,509,76,10
5081,441,6,67
5082,189,29,63
5083,886,12,33
5084,17,47,60
5085,156,9,18
5086,271,13,37
5087,319,9,29
5088,116,58,28
5089,394,12,30
5090,605,47,18
5091,767,62,37
5092,891,30,59
5093,569,69,39
5094,403,27,64
5095,240,17,40
5096,906,76,5
5097,201,71,3
5098,323,38,42
5099,646,44,55
5100,422,59,21
5101,925,15,56
5102,950,8,40
5103,820,37,5
5104,586,16,4
5105,358,48,22
5106,128,74,15
5107,217,34,45
5108,864,29,26
5109,32,63,51
5110,966,46,28
5111,820,53,33
5112,388,14,16
5113,562,33,56
5114,522,46,52
5115,341,25,62
5116,822,49,54
5117,939,58,64
5118,658,60,53
5119,446,34,15
5120,49,70,47
5121,423,59,32
5122,687,60,40
5123,730,30,46
5124,474,36,54
5125,320,28,62
5126,212,19,59
5127,55,10,48
5128,49,70,49
5129,220,5,36
5130,861,14,65
5131,747,75,55
5132,152,50,61
5133,675,20,40
5134,486,27,45
5135,874,6,47
5136,846,5,49
5137,584,21,33
5138,601,7,8
5139,464,71,51
5140,908,42,28
5141,547,42,15
5142,552,47,12
5143,311,70,34
5144,736,65,38
5145,348,2,56
5146,840,59,51
5147,33,53,24
5148,216,42,23
5149,46,7,65
5150,618,61,32
5151,683,41,20
5152,16,6,28
5153,303,16,10
5154,273,20,13
5155,400,59,56
5156,707,0,67
5157,52,20,54
5158,193,52,30
5159,531,9,10
5160,285,49,46
5161,314,33,2
5162,70,34,16
5163,351,25,30
5164,183,22,18
5165,404,58,40
5166,887,55,25
5167,829,25,6
5168,813,60,30
5169,439,15,6
5170,874,37,34
5171,26,10,41
5172,440,54,24
5173,669,62,11
5174,23,28,20
5175,940,10,53
5176,768,16,49
5177,346,24,58
5178,59,10,3
5179,474,16,24
5180,283,49,18
5181,809,15,17
5182,84,28,39
5183,773,23,63
5184,880,11,30
5185,679,13,19
5186,921,11,53
5187,312,1,64
5188,255,9,37
5189,943,3,35
5190,609,71,51
5191,539,32,30
5192,45,67,41
5193,900,61,48
5194,455,35,48
5195,892,11,41
5196,319,47,16
5197,621,42,31
5198,276,21,41
5199,800,42,59
5200,632,43,24
5201,996,60,52
5202,271,25,51
5203,247,65,61
5204,889,17,9
5205,627,59,14
5206,696,45,61
5207,567,70,48
5208,585,76,66
5209,810,0,32
5210,417,9,5
5211,690,73,19
5212,789,54,6
5213,796,57,22
5214,837,28,11
5215,86,51,19
5216,278,62,16
5217,333,74,36
5218,212,10,42
5219,224,30,21
5220,607,60,57
5221,27,19,67
5222,20,13,29
5223,280,34,52
5224,57,63,64
5225,158,58,47
5226,474,30,39
5227,324,27,24
5228,680,11,14
5229,818,4,50
5230,536,46,40
5231,819,27,58
5232,661,7,55
5233,36,6,32
5234,487,15,48
5235,958,51,46
5236,370,13,21
5237,122,27,1
5238,429,7,17
5239,579,29,33
5240,677,14,65
5241,548,49,49
5242,176,50,5
5243,407,73,5
5244,683,21,20
5245,192,75,10
5246,372,52,61
5247,500,14,3
5248,259,37,22
5249,862,50,10
5250,882,6,20
5251,279,41,42
5252,79,18,8
5253,652,28,63
5254,279,30,42
5255,718,5,58
5256,776,10,23
5257,629,0,27
5258,601,2,58
5259,371,22,12
5260,109,66,23
5261,350,24,13
5262,912,74,23
5263,511,71,6
5264,479,18,62
5265,653,9,36
5266,696,13,57
5267,623,46,63
5268,909,56,20
5269,334,48,62
5270,829,55,37
5271,717,10,44
5272,603,39,47
5273,957,34,1
5274,241,72,26
5275,138,18,43
5276,839,19,44
5277,420,50,56
5278,731,48,64
5279,679,52,7
5280,477,33,60
5281,358,74,25
5282,602,61,11
5283,285,11,25
5284,60,29,28
5285,909,70,46
5286,548,56,2
5287,402,76,37
5288,801,53,42
5289,347,62,40
5290,409,52,28
5291,448,7,27
5292,813,27,50
5293,769,34,2
5294,825,20,22
5295,459,2,55
5296,677,66,36
5297,172,72,53
5298,568,62,3
5299,773,14,20
5300,473,54,33
5301,495,6,61
5302,556,28,64
5303,610,6,55
5304,965,53,35
5305,213,7,29
5306,141,39,30
5307,938,12,30
5308,727,53,19
5309,887,56,60
5310,448,69,42
5311,237,50,41
5312,612,71,32
5313,878,35,24
5314,319,30,10
5315,996,9,16
5316,167,39,21
5317,733,21,26
5318,95,33,35
5319,52,51,22
5320,656,59,25
5321,313,31,40
5322,824,49,57
5323,1000,63,44
5324,313,30,33
5325,588,46,14
5326,283,36,41
5327,778,61,15
5328,597,43,23
5329,954,40,32
5330,679,65,29
5331,540,20,46
5332,734,62,26
5333,816,63,32
5334,748,30,1
5335,142,15,53
5336,265,23,64
5337,555,14,13
5338,651,2,32
5339,929,38,54
5340,275,23,56
5341,488,26,45
5342,156,22,47
5343,538,0,24
5344,863,73,1
5345,802,40,21
5346,997,64,31
5347,967,25,34
5348,796,23,24
5349,227,14,17
5350,15,47,1
5351,815,25,52
5352,292,52,23
5353,268,27,39
5354,742,7,43
5355,732,26,66
5356,824,49,39
5357,301,35,36
5358,644,44,5
5359,98,43,34
5360,320,68,37
5361,637,30,43
5362,291,26,30
5363,663,41,39
5364,274,58,17
5365,870,29,67
5366,592,47,21
5367,58,54,45
5368,468,66,66
5369,178,6,65
5370,764,64,46
5371,853,36,47
5372,931,19,28
5373,859,38,20
5374,822,13,62
5375,35,18,21
5376,650,12,18
5377,15,62,16
5378,97,37,48
5379,43,38,4
5380,784,0,1
5381,981,48,38
5382,154,51,34
5383,594,59,44
5384,271,24,23
5385,575,30,47
5386,941,24,30
5387,192,52,29
5388,628,75,45
5389,244,58,48
5390,491,43,6
5391,335,17,55
5392,468,12,4
5393,829,53,15
5394,432,26,59
5395,902,62,37
5396,812,38,63
5397,50,72,42
5398,376,68,35
5399,258,9,22
5400,225,56,35
5401,42,46,52
5402,911,8,53
5403,412,41,15
5404,107,29,24
5405,466,58,24
5406,522,71,52
5407,276,0,58
5408,744,62,7
5409,373,65,14
5410,558,41,14
5411,730,70,26
5412,925,46,19
5413,594,15,60
5414,32,38,42
5415,863,63,54
5416,659,42,41
5417,362,74,33
5418,865,56,58
5419,797,63,43
5420,400,76,35
5421,868,57,8
5422,184,24,48
5423,519,65,8
5424,350,0,20
5425,459,12,42
5426,101,7,9
5427,87,20,18
5428,818,48,25
5429,317,2,33
5430,897,43,27
5431,431,76,27
5432,311,67,49
5433,800,22,46
5434,661,60,15
5435,650,54,65
5436,286,62,51
5437,36,76,8
5438,230,15,10
5439,259,20,32
5440,848,2,1
5441,906,76,16
5442,161,3,52
5443,890,62,9
5444,334,33,64
5445,228,32,7
5446,83,45,43
5447,557,34,28
5448,715,74,60
5449,70,65,29
5450,417,72,11
5451,507,14,24
5452,561,24,58
5453,761,51,43
5454,626,2,21
5455,857,33,60
5456,616,0,36
5457,653,64,7
5458,757,16,7
5459,98,55,11
5460,992,30,50
5461,689,59,51
5462,265,65,23
5463,736,38,48
5464,547,73,20
5465,360,3,54
5466,528,33,14
5467,983,70,34
5468,114,37,3
5469,148,26,48
5470,345,53,33
5471,904,44,25
5472,378,0,41
5473,631,71,30
5474,200,15,52
5475,770,17,51
5476,273,33,35
5477,86,29,46
5478,823,40,61
5479,846,61,22
5480,576,6,25
5481,429,20,12
5482,912,40,25
5483,936,15,54
5484,965,67,25
5485,921,48,41
5486,364,65,45
5487,908,39,38
5488,207,38,62
5489,719,72,38
5490,191,44,60
5491,317,59,61
5492,137,22,7
5493,565,73,20
5494,686,20,63
5495,400,12,39
5496,66,50,18
5497,211,13,64
5498,170,47,42
5499,55,35,21
5500,14,0,49
5501,743,72,41
5502,147,65,37
5503,306,53,62
5504,499,30,27
5505,629,9,67
5506,467,9,16
5507,283,61,8
5508,868,41,55
5509,692,63,33
5510,305,34,49
5511,633,33,8
5512,402,8,23
5513,227,72,1
5514,394,7,13
5515,164,37,15
5516,513,51,14
5517,453,41,38
5518,243,42,7
5519,441,17,16
5520,118,34,35
5521,463,62,7
5522,144,3,8
5523,299,35,29
5524,842,0,4
5525,460,72,30
5526,200,27,62
5527,184,72,51
5528,917,64,59
5529,922,52,10
5530,955,69,60
5531,327,38,38
5532,483,30,35
5533,217,36,55
5534,187,26,40
5535,891,34,35
5536,308,65,38
5537,906,53,31
5538,318,59,5
5539,60,44,31
5540,879,69,56
5541,728,15,47
5542,591,69,60
5543,870,7,1
5544,494,52,21
5545,152,57,66
5546,712,61,16
5547,38,35,51
5548,231,17,59
5549,236,53,63
5550,143,4,12
5551,421,56,23
5552,179,38,54
5553,265,34,27
5554,977,75,54
5555,508,8,6
5556,967,60,12
5557,256,23,67
5558,206,49,37
5559,87,44,64
5560,522,60,23
5561,763,13,8
5562,192,15,39
5563,290,19,32
5564,922,59,43
5565,626,7,43
5566,293,50,16
5567,934,20,67
5568,750,46,42
5569,410,32,13
5570,325,20,9
5571,726,2,36
5572,339,71,40
5573,108,60,63
5574,606,57,5
5575,621,33,20
5576,657,45,58
5577,129,75,65
5578,372,2,26
5579,670,76,16
5580,556,40,31
5581,876,53,31
5582,698,13,56
5583,552,41,25
5584,54,10,48
5585,884,71,27
5586,846,5,52
5587,961,20,67
5588,780,63,3
5589,862,27,30
5590,643,32,28
5591,998,63,36
5592,689,50,45
5593,907,14,42
5594,645,45,59
5595,472,52,4
5596,718,39,3
5597,322,57,4
5598,571,47,25
5599,214,54,39
5600,13,35,8
5601,291,9,25
5602,775,55,58
5603,154,9,28
5604,240,12,64
5605,934,38,37
5606,560,45,50
5607,422,74,9
5608,352,47,13
5609,370,43,19
5610,497,56,27
5611,993,53,17
5612,380,9,52
5613,61,12,36
5614,587,26,28
5615,12,57,8
5616,570,22,1
5617,460,5,60
5618,640,21,50
5619,891,53,56
5620,74,57,41
5621,534,58,49
5622,918,46,50
5623,914,67,53
5624,133,58,17
5625,866,64,15
5626,642,56,52
5627,474,72,61
5628,34,13,14
5629,894,3,52
5630,971,18,28
5631,573,16,17
5632,343,6,60
5633,406,39,14
5634,267,51,7
5635,814,50,67
5636,684,73,15
5637,435,9,17
5638,840,13,32
5639,252,50,4
5640,687,11,36
5641,698,27,37
5642,573,74,24
5643,395,7,48
5644,578,70,43
5645,355,55,38
5646,89,17,40
5647,703,57,48
5648,654,27,6
5649,287,20,13
5650,844,13,23
5651,46,61,59
5652,483,72,37
5653,367,9,38
5654,317,17,49
5655,465,2,36
5656,675,23,62
5657,294,60,63
5658,443,27,48
5659,154,18,31
5660,26,30,13
5661,677,6,21
5662,32,38,4
5663,784,51,55
5664,986,11,38
5665,610,39,41
5666,116,35,65
5667,539,66,24
5668,18,67,52
5669,40,49,62
5670,208,62,57
5671,912,36,23
5672,145,2,63
5673,183,30,67
5674,421,51,48
5675,139,59,49
5676,691,31,57
5677,167,59,45
5678,267,50,27
5679,350,25,42
5680,702,6,18
5681,815,2,27
5682,789,76,12
5683,404,63,57
5684,729,55,34
5685,81,63,8
5686,572,13,64
5687,932,6,63
5688,104,21,33
5689,528,12,21
5690,711,68,41
5691,326,65,5
5692,754,9,32
5693,673,10,42
5694,866,45,24
5695,24,44,30
5696,754,46,35
5697,821,7,3
5698,114,73,8
5699,355,76,67
5700,231,64,23
5701,655,26,52
5702,185,68,24
5703,966,43,2
5704,884,54,19
5705,360,1,55
5706,884,14,24
5707,793,50,33
5708,959,11,44
5709,999,24,15
5710,911,33,21
5711,748,47,13
5712,325,66,17
5713,782,10,61
5714,874,20,51
5715,977,71,53
5716,875,74,9
5717,435,42,49
5718,645,53,1
5719,607,54,64
5720,201,53,42
5721,137,43,7
5722,94,12,66
5723,823,40,47
5724,998,62,10
5725,835,44,45
5726,709,30,63
5727,727,62,50
5728,355,72,8
5729,60,54,11
5730,546,7,58
5731,45,69,55
5732,563,36,2
5733,283,51,56
5734,522,2,18
5735,165,24,7
5736,274,36,42
5737,28,53,63
5738,277,46,3
5739,977,25,54
5740,776,16,31
5741,286,49,4
5742,904,15,19
5743,954,59,9
5744,274,34,19
5745,32,34,47
5746,614,56,63
5747,838,18,42
5748,195,38,33
5749,680,15,35
5750,547,75,63
5751,701,42,41
5752,278,36,41
5753,371,65,30
5754,507,17,36
5755,978,29,36
5756,322,67,24
5757,601,7,45
5758,539,64,50
5759,140,3,45
5760,167,30,58
5761,460,2,29
5762,121,61,13
5763,360,12,28
5764,458,59,44
5765,289,51,64
5766,17,8,10
5767,915,44,56
5768,362,58,31
5769,339,16,54
5770,118,20,44
5771,530,9,49
5772,861,29,22
5773,661,22,30
5774,941,45,32
5775,918,53,63
5776,30,1,18
5777,188,26,12
5778,933,66,51
5779,459,6,50
5780,149,17,12
5781,846,14,65
5782,953,41,48
5783,397,57,20
5784,900,47,25
5785,320,28,33
5786,282,29,27
5787,812,35,49
5788,509,57,58
5789,912,76,53
5790,512,20,29
5791,476,70,60
5792,263,76,39
5793,698,20,64
5794,435,68,28
5795,987,50,7
5796,939,11,32
5797,11,40,12
5798,764,23,18
5799,264,20,63
5800,145,46,34
5801,582,43,24
5802,751,20,49
5803,864,3,62
5804,287,15,8
5805,607,22,20
5806,93,2,9
5807,128,32,25
5808,546,58,14
5809,336,71,7
5810,252,75,22
5811,148,11,20
5812,219,45,47
5813,419,63,34
5814,144,46,17
5815,998,40,20
5816,947,71,26
5817,978,17,61
5818,550,65,6
5819,874,41,18
5820,213,22,50
5821,80,23,62
5822,949,37,65
5823,435,63,12
5824,235,42,1
5825,135,44,42
5826,121,38,58
5827,837,36,48
5828,939,1,55
5829,544,29,48
5830,265,64,54
5831,248,76,24
5832,74,30,48
5833,492,19,41
5834,70,46,14
5835,742,49,57
5836,466,46,40
5837,334,40,55
5838,474,65,8
5839,135,22,48
5840,299,55,46
5841,570,14,41
5842,447,61,2
5843,148,9,25
5844,797,0,43
5845,536,1,21
5846,362,50,29
5847,927,64,10
5848,503,60,57
5849,695,25,25
5850,25,1,15
5851,57,10,44
5852,222,71,39
5853,468,65,64
5854,229,56,13
5855,91,11,37
5856,540,48,43
5857,697,52,22
5858,101,60,37
5859,339,67,9
5860,306,31,2
5861,618,10,19
5862,172,5,16
5863,391,44,57
5864,768,67,50
5865,722,45,23
5866,996,25,1
5867,701,50,56
5868,876,7,8
5869,642,40,66
5870,485,11,8
5871,407,52,47
5872,625,26,6
5873,289,67,54
5874,195,27,13
5875,490,60,59
5876,61,12,46
5877,271,10,2
5878,44,38,3
5879,236,2,55
5880,892,0,48
5881,333,37,64
5882,23,40,11
5883,833,3,13
5884,229,69,66
5885,144,62,66
5886,316,66,48
5887,286,57,23
5888,804,6,45
5889,268,51,49
5890,70,23,26
5891,165,34,12
5892,521,15,25
5893,661,47,12
5894,625,18,30
5895,234,74,11
5896,859,28,44
5897,199,56,64
5898,953,54,8
5899,350,30,18
5900,679,20,42
5901,777,34,3
5902,753,46,31
5903,881,7,16
5904,801,58,26
5905,59,70,25
5906,792,25,53
5907,765,14,56
5908,895,43,35
5909,578,72,11
5910,49,30,20
5911,255,66,10
5912,824,63,44
5913,130,61,65
5914,358,59,20
5915,736,51,7
5916,406,22,24
5917,684,34,3
5918,207,71,32
5919,130,60,21
5920,369,50,19
5921,345,64,1
5922,222,59,63
5923,872,51,10
5924,604,5,54
5925,745,22,58
5926,177,20,32
5927,814,25,35
5928,855,18,48
5929,604,54,43
5930,59,4,56
5931,601,44,59
5932,8,52,56
5933,31,72,26
5934,903,31,51
5935,776,67,58
5936,710,17,35
5937,847,60,3
5938,951,58,32
5939,917,48,57
5940,674,27,5
5941,917,25,11
5942,604,32,34
5943,855,31,18
5944,855,6,10
5945,610,14,46
5946,854,32,15
5947,344,76,25
5948,764,31,27
5949,672,40,52
5950,548,13,5
5951,762,0,37
5952,10,62,32
5953,866,32,19
5954,848,32,40
5955,265,70,48
5956,507,11,52
5957,752,29,14
5958,868,76,54
5959,710,11,1
5960,529,44,64
5961,88,25,15
5962,987,73,62
5963,585,7,9
5964,912,57,16
5965,574,16,33
5966,995,32,50
5967,939,44,35
5968,548,37,6
5969,478,65,12
5970,996,21,59
5971,423,8,51
5972,380,55,32
5973,766,32,34
5974,140,51,26
5975,707,39,34
5976,726,10,20
5977,104,73,31
5978,482,72,43
5979,327,37,13
5980,958,9,11
5981,627,74,24
5982,94,3,20
5983,370,8,14
5984,968,48,58
5985,790,74,24
5986,750,76,8
5987,705,65,30
5988,406,72,18
5989,721,13,43
5990,63,61,55
5991,607,22,33
5992,794,75,26
5993,962,64,11
5994,696,70,12
5995,610,71,29
5996,927,7,11
5997,993,64,58
5998,97,54,52
5999,139,11,66
