397,0,0
2818,0,0
1067,0,0
6312,0,0
1637,0,0
7003,0,0
4210,0,0
3087,0,0
2550,0,0
5550,0,0
78,0,0
9357,0,0
9977,0,0
538,0,0
8627,0,0
7593,0,0
3228,0,0
4659,0,0
9669,0,0
2484,0,0
4852,0,0
7381,1,0
6593,1,0
8791,1,0
7680,1,0
767,1,0
9078,1,0
613,1,0
2237,1,0
7595,1,0
3725,1,0
7150,6,0
3243,6,0
1683,6,0
4092,6,0
9881,6,0
8674,6,0
7077,6,0
3256,6,0
5077,6,0
964,2,0
2149,2,0
705,2,0
4682,2,0
4701,2,0
968,2,0
8504,2,0
9644,2,0
1228,2,0
6181,2,0
1548,2,0
6167,2,0
3506,2,0
6775,5,0
8798,5,0
3222,5,0
6577,5,0
6747,5,0
7000,5,0
9697,5,0
7536,5,0
1433,5,0
6102,5,0
2181,5,0
1371,3,0
5173,3,0
1707,3,0
1468,3,0
9213,3,0
3803,3,0
9542,3,0
6548,3,0
9794,3,0
6682,3,0
7637,3,0
1689,3,0
1017,3,0
2263,3,0
4048,3,0
7668,4,0
5990,4,0
690,4,0
7857,4,0
2364,4,0
5306,4,0
5668,4,0
3092,4,0
5575,4,0
668,4,0
2903,4,0
6392,4,0
5925,4,0
3196,7,0
4187,7,0
5789,7,0
2666,7,0
3456,7,0
7161,7,0
5766,7,0
7193,7,0
2800,7,0
5375,7,0
1722,7,0
4897,7,0
3439,1,1
1022,1,1
9216,0,1
3984,0,1
3562,5,1
928,5,1
5392,5,1
6644,6,1
5558,6,1
1144,6,1
2113,2,1
2236,2,1
5825,2,1
4593,7,1
8576,7,1
1633,7,1
2753,4,1
163,4,1
1913,4,1
1084,3,1
1288,3,1
6630,3,1
1617,3,1
6511,3,1
6689,3,1
6551,4,2
8936,4,2
9237,3,2
609,1,2
5048,6,2
944,0,2
581,2,2
6771,5,2
1389,4,2
2058,4,2
6639,4,2
8822,0,2
1936,1,2
8266,2,2
7834,3,2
7767,4,2
1666,5,2
1157,6,2
509,7,2
8165,0,2
1400,1,2
4142,2,2
3854,3,2
7543,4,2
7089,5,2
9023,6,2
2994,7,2
3556,0,2
5998,1,2
1770,2,2
278,3,2
5316,4,2
5237,5,2
5381,6,2
1199,7,2
8564,0,2
936,1,2
1445,2,2
8837,3,2
2259,4,2
9293,5,2
306,6,2
8085,7,2
2320,0,2
1030,1,2
6234,2,2
1416,3,2
30,4,2
9093,5,2
7984,6,2
3170,7,2
3583,0,2
650,1,2
739,2,2
3904,3,2
3887,4,2
9141,5,2
4085,6,2
8423,7,2
4402,0,2
7976,1,2
387,2,2
8905,3,2
9208,4,2
1560,5,2
1072,6,2
8799,7,2
9059,6,3
9852,7,3
9134,2,3
7949,2,3
5803,0,3
2287,5,3
7154,3,3
2977,3,3
47,3,3
3407,3,3
7688,4,3
3430,4,3
8526,4,3
7037,3,3
7938,4,3
7435,3,3
6276,4,3
8580,3,3
4938,4,3
3837,0,3
5465,1,3
9443,2,3
5843,3,3
2825,4,3
8381,5,3
1138,6,3
9118,7,3
5004,0,3
4244,1,3
7073,2,3
7609,3,3
5464,4,3
1999,5,3
3218,6,3
6165,7,3
5849,0,3
8946,1,3
6300,2,3
9918,3,3
2653,4,3
8413,5,3
5460,6,3
2564,7,3
7283,0,3
7282,1,3
9305,2,3
9509,3,3
9655,4,3
5385,5,3
1798,6,3
7313,7,3
629,0,3
6824,1,3
8149,2,3
7307,3,3
6384,4,3
3536,5,3
3979,6,3
5259,7,3
8528,0,3
1558,1,3
1478,2,3
7054,3,3
3491,4,3
641,5,3
7888,6,3
272,7,3
9607,0,3
7684,1,3
835,2,3
1174,3,3
5977,4,3
6732,5,3
3214,6,3
8290,7,3
5234,0,3
9741,1,3
3056,2,3
8999,3,3
7760,4,3
9588,5,3
9375,6,3
6109,7,3
5442,0,3
3908,1,3
8150,2,3
9860,3,3
9239,4,3
9333,5,3
7951,6,3
6492,7,3
5583,0,3
7399,1,3
9169,2,3
811,3,3
2545,4,3
2519,5,3
1462,6,3
1002,7,3
9373,0,3
8929,1,3
7239,2,3
4800,3,3
579,4,3
136,5,3
6708,6,3
4432,7,3
1697,0,3
4976,1,3
6632,2,3
2865,3,3
1090,4,3
3850,5,3
2251,6,3
7149,7,3
236,0,3
9571,1,3
5542,2,3
1691,3,3
2184,4,3
3078,5,3
2299,6,3
1839,7,3
447,0,3
5727,1,3
1206,2,3
533,3,3
360,4,3
4993,5,3
1293,6,3
977,7,3
3822,5,4
5593,0,4
1315,3,4
8987,4,4
3070,4,4
7571,4,4
4,4,4
6718,4,4
2839,4,4
6603,4,4
9377,4,4
9504,0,4
8172,1,4
8221,2,4
5926,3,4
8891,4,4
7764,5,4
5605,6,4
955,7,4
3546,0,4
2430,1,4
2128,2,4
4090,3,4
4331,4,4
6493,5,4
4590,6,4
6381,7,4
8370,0,4
5802,1,4
5549,2,4
7444,3,4
1801,4,4
1908,5,4
5241,6,4
4744,7,4
5319,0,4
1904,1,4
9064,2,4
38,3,4
3563,4,4
6364,5,4
5009,6,4
470,7,4
7806,0,4
2559,1,4
4281,2,4
7962,3,4
5748,4,4
5193,5,4
9864,6,4
9487,7,4
2701,0,4
886,1,4
8061,2,4
3121,3,4
5382,4,4
135,5,4
8784,6,4
8773,7,4
670,0,4
689,1,4
2699,2,4
9140,3,4
5641,4,4
8849,5,4
2435,6,4
9499,7,4
7252,0,4
5383,1,4
5044,2,4
2960,3,4
8253,4,4
83,5,4
3109,6,4
822,7,4
9230,0,4
2500,1,4
6571,2,4
4700,3,4
7017,4,4
6307,5,4
1975,6,4
5412,7,4
6267,0,4
5806,0,4
4712,0,4
3295,0,4
9470,0,4
3085,0,4
6915,0,4
776,0,4
5240,0,4
5587,0,4
3698,0,4
9449,0,4
6562,0,4
296,0,4
2811,0,4
2225,0,4
2558,0,4
1731,0,4
4823,0,4
4073,0,4
3969,0,4
8928,0,4
4832,0,4
6481,0,4
1153,0,4
3451,0,4
1307,0,4
5912,0,4
5244,0,4
5671,0,4
9037,0,4
120,0,4
8783,0,4
2621,0,4
2201,0,4
4194,0,4
4561,0,4
9832,0,4
5227,0,4
6093,1,5
7306,3,5
9966,6,5
3826,6,5
1173,6,5
7434,6,5
3928,6,5
7348,0,5
1711,0,5
4185,0,5
1708,0,5
9054,0,5
4952,0,5
3690,0,5
7615,0,5
400,0,5
2535,0,5
5320,0,5
8020,0,5
8303,0,5
9544,0,5
6123,0,5
7228,0,5
2281,0,5
5279,0,5
3464,0,5
7881,0,5
3381,0,5
8916,0,5
583,0,5
8505,0,5
18,0,5
1484,0,5
6569,0,5
1533,0,5
6009,0,5
7204,0,5
1332,0,5
8155,0,5
2668,0,5
9791,0,5
1498,0,5
2046,0,5
4108,0,5
4354,0,5
8152,0,5
4453,0,5
2204,0,5
5678,0,5
892,0,5
1132,0,5
3452,0,5
70,0,5
4027,0,5
3284,0,5
4179,0,5
9197,0,5
8858,0,5
444,0,5
4496,0,5
9964,0,5
5208,0,5
2052,0,5
9505,0,5
719,0,5
124,0,5
2305,0,5
9967,0,5
7779,0,5
8886,0,5
4971,0,5
8584,0,5
9214,0,5
7675,0,5
8458,0,5
2607,0,5
4233,0,5
9629,0,5
4500,0,5
5778,0,5
223,0,5
8969,0,5
1207,0,5
3460,0,5
5284,0,5
8276,0,5
6282,0,5
1019,0,5
2211,0,5
9541,0,5
3694,0,5
6837,0,5
3909,0,5
2996,0,5
969,0,5
293,0,5
3157,0,5
860,0,5
6210,0,5
4274,0,5
7799,0,5
2075,0,5
4169,0,5
1695,0,5
829,0,5
6064,0,5
9471,0,5
7627,0,5
3689,0,5
9886,0,5
3544,7,6
8470,3,6
4639,1,6
5092,2,6
8937,2,6
1663,7,6
7341,5,6
3777,5,6
6141,3,6
7551,3,6
2637,7,6
9529,1,6
3058,2,6
3137,5,6
6536,7,6
344,1,6
5805,2,6
2413,5,6
8641,7,6
3547,0,6
7652,0,6
8700,0,6
2660,0,6
7858,0,6
28,0,6
5884,0,6
2638,0,6
5437,0,6
6336,0,6
2562,0,6
2813,0,6
5081,0,6
5414,0,6
551,0,6
820,0,6
3299,0,6
8064,0,6
4885,0,6
3139,0,6
9724,0,6
2747,0,6
1653,0,6
4245,0,6
6068,0,6
4658,0,6
3930,0,6
301,0,6
6097,0,6
5179,0,6
9288,0,6
5566,0,6
1328,0,6
9225,0,6
477,0,6
4084,0,6
5941,0,6
1569,0,6
8035,0,6
9142,0,6
8069,0,6
9848,0,6
920,0,6
5186,0,6
6136,0,6
2440,0,6
3010,0,6
1226,0,6
3465,0,6
8693,0,6
8446,0,6
4029,0,6
2494,0,6
4312,0,6
9121,0,6
5793,0,6
448,0,6
6028,0,6
7740,0,6
9102,0,6
3098,0,6
3700,0,6
84,0,6
716,0,6
6432,0,6
3957,0,6
6822,0,6
6679,0,6
6814,0,6
4630,0,6
2008,0,6
2918,0,6
2785,0,6
6473,0,6
3951,0,6
862,0,6
816,0,6
521,0,6
9132,0,6
3626,0,6
738,0,6
5416,0,6
6789,0,6
2391,0,6
8545,0,6
7524,0,6
4461,0,6
6222,0,6
5712,0,6
5741,0,6
1777,0,6
8984,0,6
2049,0,6
6986,0,6
6995,5,7
4575,3,7
4226,4,7
5177,3,7
7309,4,7
4373,4,7
267,3,7
1646,2,7
8814,6,7
732,7,7
7335,7,7
7499,5,7
2985,7,7
7041,0,7
5052,0,7
1815,0,7
3021,0,7
1252,0,7
4985,0,7
8712,0,7
6766,0,7
6937,0,7
108,0,7
7943,0,7
1165,0,7
610,0,7
519,0,7
7107,0,7
3478,0,7
9099,0,7
1096,0,7
4597,0,7
4999,0,7
8722,0,7
828,0,7
808,0,7
9263,0,7
1448,0,7
956,0,7
6567,0,7
7522,0,7
3308,0,7
270,0,7
8336,0,7
381,0,7
9467,0,7
7748,0,7
2901,0,7
8190,0,7
2030,0,7
7293,0,7
8289,0,7
4257,0,7
1577,0,7
3345,0,7
7272,0,7
2411,0,7
2889,0,7
8077,0,7
4358,0,7
3529,0,7
5481,0,7
6274,0,7
2554,0,7
3835,0,7
9000,0,7
6651,0,7
224,0,7
9970,0,7
3874,0,7
9878,0,7
7564,0,7
5089,0,7
4474,0,7
2565,0,7
274,0,7
5760,0,7
5184,0,7
1129,0,7
2972,0,7
7127,0,7
897,0,7
4434,0,7
2363,0,7
1945,0,7
2986,0,7
7479,0,7
927,0,7
1244,0,7
4548,0,7
6345,0,7
990,0,7
7026,0,7
8836,0,7
6553,0,7
2712,0,7
6226,0,7
3123,0,7
7393,0,7
3342,0,7
7416,0,7
721,0,7
3637,0,7
7695,0,7
5100,0,7
5511,0,7
6051,0,7
2682,0,7
6223,0,7
2313,0,7
7533,0,7
5624,0,7
3554,0,7
9460,0,7
7271,0,7
6388,0,7
8203,0,7
8919,4,8
1119,7,8
9339,7,8
1273,1,8
7034,6,8
1255,7,8
3489,7,8
9451,7,8
7535,7,8
9954,7,8
5906,4,8
5292,7,8
3609,4,8
8353,7,8
7967,0,8
9486,0,8
7628,0,8
5127,0,8
5516,0,8
9081,0,8
6245,0,8
6450,0,8
9700,0,8
6116,0,8
472,0,8
2412,0,8
7610,0,8
146,0,8
7809,0,8
5368,0,8
4343,0,8
1562,0,8
9207,0,8
9561,0,8
2664,0,8
8428,0,8
4299,0,8
4273,0,8
9861,0,8
2869,0,8
8364,0,8
4814,0,8
3742,0,8
8185,0,8
8093,0,8
4256,0,8
5669,0,8
2933,0,8
6020,0,8
8625,0,8
4082,0,8
2148,0,8
9033,0,8
8156,0,8
4157,0,8
5878,0,8
754,0,8
2527,0,8
353,0,8
924,0,8
6132,0,8
4563,0,8
5042,0,8
3748,0,8
4433,0,8
1555,0,8
1300,0,8
1655,0,8
7185,0,8
8920,0,8
6435,0,8
3793,0,8
3513,0,8
2260,0,8
9447,0,8
2576,0,8
3673,0,8
4675,0,8
1374,0,8
7664,0,8
3806,0,8
3799,0,8
1564,0,8
3615,0,8
769,0,8
4225,0,8
6457,0,8
7555,0,8
8759,0,8
937,0,8
8795,0,8
1215,0,8
6854,0,8
9898,0,8
2084,0,8
5047,0,8
401,0,8
914,0,8
5247,0,8
9957,0,8
100,0,8
916,0,8
8224,0,8
1466,0,8
5444,0,8
2284,0,8
7171,0,8
1882,0,8
5812,0,8
8509,0,8
2235,0,8
4647,0,8
9653,0,8
8237,0,8
7143,0,8
4734,0,8
8464,0,8
8334,0,8
662,0,8
5581,0,8
4146,0,8
2107,0,8
6940,0,8
9647,0,8
8871,0,8
3380,0,8
126,0,8
7224,0,8
8748,0,8
4114,0,8
3995,0,8
1392,0,8
8229,0,8
1114,0,8
5480,5,9
2460,7,9
1401,0,9
3790,0,9
902,0,9
720,0,9
6734,0,9
1518,0,9
5885,0,9
545,0,9
9851,0,9
3974,0,9
2354,0,9
919,0,9
2221,0,9
4140,0,9
6193,0,9
9200,0,9
729,0,9
6660,0,9
2636,0,9
3918,0,9
3486,0,9
7509,0,9
4470,0,9
8162,0,9
3396,0,9
492,0,9
8337,0,9
2731,0,9
5662,0,9
3338,0,9
3639,0,9
4286,0,9
7339,0,9
2209,0,9
4742,0,9
2914,0,9
9427,0,9
5296,0,9
5309,0,9
8400,0,9
7160,0,9
7942,0,9
4520,0,9
7172,0,9
7361,0,9
7506,0,9
1480,0,9
9057,0,9
7765,0,9
2762,0,9
2017,0,9
3290,0,9
9111,0,9
3306,0,9
8271,0,9
8074,0,9
6830,0,9
3100,0,9
1694,0,9
131,0,9
8801,0,9
3757,0,9
6684,0,9
2493,0,9
348,0,9
4821,0,9
5975,0,9
6159,0,9
3551,0,9
9877,0,9
2247,0,9
976,0,9
2067,0,9
2389,0,9
2891,0,9
9535,0,9
3931,0,9
745,0,9
1779,0,9
8489,0,9
5452,0,9
599,0,9
1889,0,9
9264,0,9
6724,0,9
5656,0,9
8450,0,9
9580,0,9
6931,0,9
2257,0,9
8911,0,9
3649,0,9
8844,0,9
5025,0,9
2904,0,9
6730,0,9
9156,0,9
6885,0,9
1579,0,9
8659,0,9
5111,7,10
3016,5,10
7554,1,10
8897,4,10
5723,5,10
780,3,10
5022,0,10
7934,7,10
9522,1,10
7480,7,10
1312,7,10
4172,4,10
3771,7,10
3611,0,10
1656,4,10
2318,5,10
3217,7,10
2821,0,10
7454,0,10
4288,0,10
5866,0,10
4486,0,10
6506,0,10
7490,0,10
8730,0,10
2425,0,10
515,0,10
1256,0,10
3167,0,10
3849,0,10
1790,0,10
4991,0,10
5117,0,10
1781,0,10
418,0,10
2179,0,10
5090,0,10
7519,0,10
4850,0,10
9941,0,10
8829,0,10
6697,0,10
7336,0,10
2139,0,10
4908,0,10
473,0,10
5356,0,10
5609,0,10
31,0,10
5080,0,10
5903,0,10
1549,0,10
1588,0,10
4275,0,10
4232,0,10
489,0,10
9248,0,10
9974,0,10
8592,0,10
9682,0,10
9887,0,10
9397,0,10
3883,0,10
3934,0,10
7590,0,10
6380,0,10
1593,0,10
5538,0,10
9024,0,10
1075,0,10
66,0,10
6348,0,10
8793,0,10
3080,0,10
262,0,10
9895,0,10
6983,0,10
4156,0,10
2541,0,10
634,0,10
9330,0,10
5604,0,10
7862,0,10
316,0,10
3724,0,10
9600,0,10
3202,0,10
2006,0,10
2298,0,10
4569,0,10
7644,0,10
5330,0,10
9500,0,10
8443,0,10
8622,0,10
1025,0,10
5958,0,10
1826,0,10
8309,0,10
1083,0,10
6980,0,10
3667,0,10
3704,0,10
9727,0,10
3144,0,10
9189,0,10
984,0,10
9292,0,10
154,0,10
9086,0,10
1619,0,10
6010,0,10
3267,0,10
963,0,10
5180,0,10
7621,0,10
7868,0,10
1595,0,10
4163,0,10
3741,0,10
7749,0,10
4457,0,10
4272,0,10
8548,0,10
949,0,10
9179,0,10
4309,0,10
7759,0,10
1167,0,10
7036,0,10
99,0,10
5195,0,10
7122,2,11
9866,0,11
4117,7,11
5115,3,11
7485,6,11
2218,0,11
7387,0,11
423,0,11
4151,0,11
9543,0,11
130,0,11
377,0,11
9482,0,11
5031,0,11
2346,0,11
6283,0,11
2060,0,11
6302,0,11
9206,0,11
9495,0,11
8226,0,11
5207,0,11
2880,0,11
9162,0,11
5371,0,11
9626,0,11
6402,0,11
9474,0,11
1105,0,11
3654,0,11
4542,0,11
6737,0,11
3594,0,11
6542,0,11
4445,0,11
6945,0,11
7742,0,11
4329,0,11
5639,0,11
3079,0,11
8939,0,11
7580,0,11
9879,0,11
6310,0,11
5041,0,11
1861,0,11
8147,0,11
1519,0,11
9930,0,11
5728,0,11
3015,0,11
1264,0,11
8879,0,11
257,0,11
247,0,11
2577,0,11
4890,0,11
3821,0,11
6666,0,11
7151,0,11
228,0,11
7175,0,11
6277,0,11
7570,0,11
156,0,11
5519,0,11
648,0,11
591,0,11
6338,0,11
7735,0,11
2279,0,11
4388,0,11
1393,0,11
3973,0,11
9668,0,11
2082,0,11
5154,0,11
9224,0,11
8264,0,11
851,0,11
5467,0,11
5738,0,11
1464,0,11
3022,0,11
9839,0,11
9199,0,11
9510,0,11
1867,0,11
7504,0,11
3193,0,11
5096,0,11
1508,0,11
7035,0,11
7812,0,11
1602,0,11
109,0,11
8091,0,11
9281,0,11
5151,0,11
8840,0,11
4018,0,11
8320,0,11
4494,0,11
2950,0,11
399,0,11
2641,0,11
9835,0,11
885,0,11
872,0,11
7970,0,11
5695,0,11
6230,0,11
4674,0,11
3585,0,11
547,0,11
4113,0,11
3640,0,11
5162,0,11
1086,0,12
9283,6,12
1003,5,12
8040,0,12
1261,1,12
8236,3,12
7273,6,12
2428,6,12
363,6,12
6470,5,12
9372,6,12
8643,0,12
7457,0,12
3125,0,12
8151,0,12
9319,0,12
3413,0,12
8456,0,12
6947,0,12
3235,0,12
9097,0,12
1070,0,12
3331,0,12
3574,0,12
4907,0,12
9628,0,12
1854,0,12
9105,0,12
8001,0,12
1130,0,12
240,0,12
2656,0,12
8257,0,12
3138,0,12
7437,0,12
7139,0,12
6590,0,12
2314,0,12
2606,0,12
637,0,12
5311,0,12
8982,0,12
2490,0,12
6924,0,12
426,0,12
4265,0,12
953,0,12
2205,0,12
981,0,12
8114,0,12
7981,0,12
3820,0,12
9215,0,12
6263,0,12
50,0,12
3738,0,12
1170,0,12
8872,0,12
6404,0,12
7855,0,12
4298,0,12
3313,0,12
7914,0,12
5352,0,12
8852,0,12
5218,0,12
1470,0,12
2480,0,12
7573,0,12
5400,0,12
3143,0,12
1143,0,12
5084,0,12
3712,0,12
9623,0,12
6393,0,12
419,0,12
2185,0,12
9255,0,12
4835,0,12
4573,0,12
2120,0,12
1895,0,12
1729,0,12
1812,0,12
8160,0,12
1550,0,12
2848,0,12
2849,0,12
5718,0,12
8354,0,12
9822,0,12
2040,0,12
9259,0,12
3791,0,12
6069,0,12
9925,0,12
340,0,12
3954,0,12
9572,0,12
6963,0,12
9316,0,12
5694,6,13
5667,0,13
7183,7,13
9559,1,13
6253,5,13
7245,6,13
8624,0,13
4002,0,13
3505,0,13
2716,0,13
69,0,13
3152,0,13
2242,0,13
2674,0,13
21,0,13
5729,0,13
6893,0,13
3213,0,13
8560,0,13
1042,0,13
9065,0,13
4549,0,13
35,0,13
3503,0,13
4011,0,13
661,0,13
568,0,13
2726,0,13
9671,0,13
325,0,13
3103,0,13
2163,0,13
9806,0,13
2227,0,13
7768,0,13
1054,0,13
7788,0,13
3291,0,13
9829,0,13
2940,0,13
5877,0,13
5469,0,13
5883,0,13
9903,0,13
1563,0,13
3081,0,13
6099,0,13
2521,0,13
222,0,13
8043,0,13
5858,0,13
7290,0,13
6991,0,13
7395,0,13
4687,0,13
8418,0,13
535,0,13
9136,0,13
8384,0,13
9729,0,13
3370,0,13
4000,0,13
8345,0,13
1109,0,13
3552,0,13
3772,0,13
7021,0,13
3785,0,13
6399,0,13
1377,0,13
7001,0,13
5418,0,13
4199,0,13
5283,0,13
7827,0,13
7766,0,13
1036,0,13
3949,0,13
1805,0,13
2974,0,13
9803,0,13
3722,0,13
7597,0,13
4963,0,13
58,0,13
6374,0,13
3708,0,13
3245,0,13
2455,0,13
2858,0,13
2593,0,13
1933,0,13
4779,0,13
7842,0,13
5486,0,13
60,0,13
8549,0,13
636,0,13
2629,0,13
7722,0,13
2304,0,13
458,0,13
1340,0,13
950,0,13
3124,0,13
3389,0,13
703,0,13
687,0,13
2543,0,13
3884,0,13
5281,0,13
2453,0,13
182,0,13
1495,0,13
5876,0,13
8187,0,13
6390,0,13
9052,0,13
8012,0,13
3674,0,13
1871,0,13
5654,0,13
9240,0,13
3399,0,13
1626,0,13
6187,4,14
8002,5,14
9785,7,14
2136,0,14
5249,6,14
5562,7,14
9428,4,14
1673,4,14
7701,4,14
9514,4,14
1320,3,14
5274,4,14
7256,7,14
1574,3,14
8201,4,14
4830,5,14
9814,7,14
7092,0,14
1967,0,14
9234,0,14
2909,0,14
2523,0,14
961,0,14
1128,0,14
2296,0,14
8375,0,14
9394,0,14
1769,0,14
1720,0,14
8519,0,14
1856,0,14
5339,0,14
216,0,14
3924,0,14
8642,0,14
1180,0,14
6035,0,14
7141,0,14
9167,0,14
420,0,14
1685,0,14
2431,0,14
5411,0,14
9433,0,14
4519,0,14
1828,0,14
6486,0,14
229,0,14
2850,0,14
1463,0,14
6041,0,14
9961,0,14
5155,0,14
1102,0,14
9719,0,14
6977,0,14
7939,0,14
4594,0,14
9388,0,14
7775,0,14
5055,0,14
329,0,14
3955,0,14
6640,0,14
6454,0,14
6900,0,14
5102,0,14
3541,0,14
8513,0,14
6366,0,14
8805,0,14
8531,0,14
1336,0,14
9739,0,14
1794,0,14
2059,0,14
2134,0,14
9430,0,14
129,0,14
5961,0,14
4613,0,14
8697,0,14
4481,0,14
6752,0,14
4450,0,14
7727,0,14
5176,0,14
4347,0,14
4247,0,14
6974,0,14
3859,0,14
8806,0,14
253,0,14
1085,0,14
2866,0,14
1813,0,14
9188,0,14
4236,0,14
9191,0,14
6709,0,14
5323,0,14
3499,0,14
8660,0,14
4710,0,14
9193,0,14
9756,0,14
6896,0,14
8727,0,14
1251,0,14
8062,0,14
5610,0,14
2083,0,14
1929,0,14
6112,0,14
1522,0,14
4178,0,14
3071,0,14
646,0,14
4252,0,14
5880,0,14
9658,0,14
5376,0,14
165,0,14
7164,0,14
8760,0,14
2640,0,14
9088,0,14
1418,0,14
5470,0,14
5405,0,14
7219,0,14
1189,0,14
9262,0,14
8651,2,15
3775,5,15
1430,7,15
5109,7,15
9172,7,15
8766,4,15
2121,7,15
5786,3,15
753,3,15
7878,2,15
2275,5,15
4652,0,15
6865,0,15
5219,0,15
1066,0,15
5814,0,15
9818,0,15
3065,0,15
797,0,15
6460,0,15
3072,0,15
6124,0,15
9016,0,15
9461,0,15
3158,0,15
2367,0,15
9793,0,15
819,0,15
9841,0,15
6351,0,15
4813,0,15
8388,0,15
2552,0,15
197,0,15
6479,0,15
2434,0,15
1504,0,15
1014,0,15
3833,0,15
4799,0,15
7298,0,15
5560,0,15
7266,0,15
7537,0,15
1053,0,15
2697,0,15
119,0,15
3254,0,15
2803,0,15
4906,0,15
8918,0,15
7944,0,15
2739,0,15
8628,0,15
3112,0,15
7841,0,15
8747,0,15
2357,0,15
8286,0,15
6284,0,15
5278,0,15
7977,0,15
2042,0,15
6046,0,15
2686,0,15
5510,0,15
6012,0,15
865,0,15
5588,0,15
4080,0,15
5108,0,15
4923,0,15
7959,0,15
55,0,15
3573,0,15
1104,0,15
2976,0,15
7471,0,15
4819,0,15
3658,0,15
4504,0,15
5334,0,15
807,0,15
9204,0,15
6770,0,15
7674,0,15
7532,0,15
6858,0,15
4894,0,15
1487,0,15
4665,0,15
3102,0,15
5657,0,15
784,0,15
994,0,15
3463,0,15
4392,0,15
2079,0,15
6447,0,15
3263,0,15
6318,0,15
1705,0,15
5443,0,15
9713,0,15
8055,0,15
9005,4,16
1118,4,16
4914,0,16
218,7,16
3809,7,16
2987,0,16
1443,1,16
9408,5,16
7670,2,16
1298,4,16
1597,7,16
5864,7,16
8750,1,16
7851,0,16
2154,0,16
7577,0,16
6690,0,16
9612,0,16
7109,0,16
2958,0,16
2405,0,16
8677,0,16
2754,0,16
740,0,16
9998,0,16
5950,0,16
354,0,16
5968,0,16
1850,0,16
4818,0,16
1496,0,16
9006,0,16
2159,0,16
2459,0,16
3958,0,16
4012,0,16
8816,0,16
1077,0,16
1284,0,16
244,0,16
592,0,16
6220,0,16
9435,0,16
1063,0,16
8647,0,16
9010,0,16
3161,0,16
3687,0,16
3880,0,16
6002,0,16
722,0,16
4335,0,16
1490,0,16
4375,0,16
6343,0,16
2657,0,16
2343,0,16
2920,0,16
7234,0,16
1372,0,16
5703,0,16
5951,0,16
6157,0,16
5016,0,16
3126,0,16
9475,0,16
1639,0,16
1509,0,16
3018,0,16
6040,0,16
6120,0,16
1210,0,16
9328,0,16
8902,0,16
2555,0,16
4105,0,16
6110,0,16
5086,0,16
5372,0,16
7983,0,16
1364,0,16
3797,0,16
7097,0,16
6202,0,16
1752,0,16
8977,0,16
6678,0,16
2191,0,16
3606,0,16
1671,0,16
1806,0,16
565,0,16
5964,0,16
5736,0,16
6515,0,16
714,0,16
1636,0,16
6545,0,16
8817,0,16
6237,0,16
1672,0,16
2804,0,16
570,0,16
3421,0,16
3817,0,16
2487,0,16
8848,0,16
6221,0,16
4596,0,16
2028,0,16
5327,6,17
6740,4,17
210,0,17
5095,7,17
2772,0,17
8578,0,17
6944,0,17
5431,0,17
5446,0,17
3641,0,17
6512,0,17
3050,0,17
4624,0,17
9583,0,17
5927,0,17
5783,0,17
6236,0,17
4009,0,17
9040,0,17
2704,0,17
9133,0,17
5742,0,17
9519,0,17
864,0,17
8120,0,17
5393,0,17
6053,0,17
9913,0,17
1631,0,17
9549,0,17
5015,0,17
7258,0,17
4733,0,17
4359,0,17
5770,0,17
9801,0,17
6163,0,17
9166,0,17
4377,0,17
7106,0,17
6810,0,17
7583,0,17
206,0,17
4211,0,17
8834,0,17
2276,0,17
2982,0,17
779,0,17
9683,0,17
2911,0,17
3656,0,17
10,0,17
639,0,17
6033,0,17
8211,0,17
2531,0,17
3650,0,17
845,0,17
7025,0,17
3584,0,17
9314,0,17
5978,0,17
176,0,17
7075,0,17
5447,0,17
6927,0,17
9680,0,17
500,0,17
4320,0,17
5540,0,17
6787,0,17
9845,0,17
7607,0,17
6751,0,17
7769,0,17
2157,0,17
5136,0,17
888,0,17
1094,0,17
9270,0,17
8267,0,17
3847,0,17
7189,0,17
8671,0,17
995,0,17
2898,0,17
3149,0,17
8731,0,17
7954,0,17
3701,0,17
4195,0,17
5520,0,17
4360,0,17
3798,0,17
5147,0,17
9072,0,17
4269,0,17
9483,0,17
3385,0,17
6777,0,17
2722,0,17
9084,0,17
4651,0,17
9228,0,17
4339,0,17
6,0,17
1767,0,17
7244,0,17
484,0,17
7331,0,17
4708,0,17
4697,0,17
8058,0,17
1224,0,17
657,0,17
2446,0,17
1007,0,17
2292,0,17
1688,0,17
8408,0,17
4355,0,17
1396,0,17
7776,0,17
7974,0,17
2624,0,17
5404,0,17
8416,0,17
2094,0,17
2329,0,17
8161,7,18
6052,4,18
67,0,18
8930,0,18
2814,3,18
6194,3,18
3312,2,18
3119,2,18
9416,0,18
9396,0,18
3911,0,18
9146,0,18
4723,0,18
8949,0,18
2826,0,18
9205,0,18
4947,0,18
4264,0,18
88,0,18
5706,0,18
9767,0,18
9602,0,18
203,0,18
9465,0,18
985,0,18
8536,0,18
5939,0,18
3653,0,18
16,0,18
8563,0,18
9608,0,18
8979,0,18
8163,0,18
1152,0,18
2773,0,18
9398,0,18
692,0,18
6772,0,18
9643,0,18
1367,0,18
7980,0,18
7565,0,18
8726,0,18
1467,0,18
1370,0,18
8832,0,18
6497,0,18
4964,0,18
5394,0,18
4728,0,18
5995,0,18
5328,0,18
2871,0,18
4660,0,18
8106,0,18
2817,0,18
5821,0,18
4775,0,18
7300,0,18
4558,0,18
493,0,18
4989,0,18
5890,0,18
5590,0,18
7057,0,18
9830,0,18
7249,0,18
440,0,18
7899,0,18
5338,0,18
3168,0,18
9502,0,18
8574,0,18
5711,0,18
749,0,18
501,0,18
1184,0,18
5308,0,18
4473,0,18
1175,0,18
221,0,18
6153,0,18
8216,0,18
4713,0,18
8778,0,18
9922,0,18
3359,0,18
640,0,18
1746,0,18
1117,0,18
1613,0,18
6801,0,18
9876,0,18
3688,0,18
7312,0,18
7018,0,18
255,0,18
7937,0,18
9784,0,18
4306,0,18
4714,0,18
4122,0,18
7187,0,18
2694,0,18
5315,0,18
7060,0,18
75,0,18
9125,0,18
4810,0,18
2872,0,18
220,0,18
4981,0,18
5454,0,18
1535,0,18
9960,0,18
9226,0,18
4517,0,18
9455,0,18
8694,0,18
9371,0,18
8349,5,19
6044,7,19
483,0,19
7320,1,19
1327,1,19
9032,3,19
5238,2,19
7493,2,19
9709,5,19
8306,5,19
6289,4,19
4937,5,19
3301,0,19
9651,0,19
1866,0,19
699,0,19
7784,0,19
5361,0,19
869,0,19
5409,0,19
7209,0,19
8555,0,19
5131,0,19
3993,0,19
9703,0,19
8680,0,19
7049,0,19
7357,0,19
4290,0,19
4858,0,19
5006,0,19
1922,0,19
5204,0,19
9896,0,19
5737,0,19
7394,0,19
2934,0,19
5841,0,19
3855,0,19
7135,0,19
5255,0,19
1363,0,19
9526,0,19
672,0,19
6337,0,19
6260,0,19
3223,0,19
572,0,19
5112,0,19
9190,0,19
5953,0,19
2894,0,19
6005,0,19
6090,0,19
2876,0,19
4996,0,19
2152,0,19
4394,0,19
3986,0,19
552,0,19
4431,0,19
4739,0,19
9838,0,19
9520,0,19
1946,0,19
5304,0,19
4649,0,19
3183,0,19
8696,0,19
1921,0,19
3703,0,19
7354,0,19
8857,0,19
1800,0,19
1972,0,19
1203,0,19
9405,0,19
5293,0,19
286,0,19
3669,0,19
5390,0,19
8742,0,19
7420,0,19
1127,0,19
2466,0,19
4126,0,19
3246,0,19
7756,0,19
3577,0,19
8569,0,19
1592,0,19
913,0,19
4069,0,19
1604,0,19
848,0,19
3502,0,19
3285,0,19
4062,0,19
4469,0,19
4784,0,19
1260,0,19
655,0,19
8240,0,19
5792,0,19
4238,0,19
7500,0,19
9836,0,19
4988,0,19
3858,0,19
3368,0,19
6753,0,19
5060,0,19
9015,0,19
9589,0,19
736,0,19
4608,0,19
3670,0,19
6422,0,19
4010,0,19
7852,0,19
5301,0,19
9029,0,19
1222,0,19
3896,0,19
7556,2,20
5704,2,20
9196,2,20
1873,7,20
8070,7,20
5172,7,20
6313,7,20
8072,1,20
2169,7,20
1099,7,20
1209,4,20
5764,5,20
520,2,20
6521,3,20
8740,3,20
8864,3,20
7407,3,20
2019,3,20
8178,0,20
4979,0,20
6540,0,20
1733,0,20
9648,0,20
2015,0,20
7867,0,20
7072,0,20
2611,0,20
7889,0,20
3275,0,20
3095,0,20
5028,0,20
4475,0,20
4986,0,20
8234,0,20
4841,0,20
1040,0,20
4650,0,20
791,0,20
4391,0,20
1131,0,20
7601,0,20
3088,0,20
5410,0,20
2010,0,20
8208,0,20
2358,0,20
2537,0,20
7157,0,20
371,0,20
8461,0,20
9110,0,20
7325,0,20
614,0,20
9404,0,20
5632,0,20
7731,0,20
7227,0,20
3998,0,20
9382,0,20
7364,0,20
2650,0,20
8964,0,20
6055,0,20
1607,0,20
446,0,20
7631,0,20
2948,0,20
7022,0,20
5740,0,20
8326,0,20
6475,0,20
2300,0,20
4028,0,20
6881,0,20
8709,0,20
3788,0,20
6003,0,20
6899,0,20
682,0,20
7397,0,20
3226,0,20
3734,0,20
2220,0,20
378,0,20
8086,0,20
2216,0,20
3661,0,20
1810,0,20
3364,0,20
4368,0,20
6073,0,20
6538,0,20
4956,0,20
9933,0,20
5144,0,20
7243,0,20
8130,0,20
8690,0,20
395,0,20
9584,0,20
3988,0,20
9840,0,20
3596,0,20
6074,0,20
3913,0,20
7528,0,20
7411,0,20
5043,0,20
8436,0,20
7997,0,20
9098,0,20
4421,0,20
930,0,20
8827,0,20
5702,0,20
8144,0,20
6087,0,20
982,0,20
7866,0,20
6225,0,20
5970,0,20
9889,0,20
5280,0,20
7721,0,20
7904,0,20
9598,0,21
1690,7,21
3252,5,21
9577,5,21
8174,0,21
8019,0,21
252,0,21
5322,5,21
265,5,21
5426,0,21
4696,0,21
502,0,21
3191,0,21
2590,0,21
8544,0,21
5129,0,21
5217,0,21
2386,0,21
3975,0,21
5733,0,21
5433,0,21
7451,0,21
1659,0,21
8141,0,21
7523,0,21
9087,0,21
6976,0,21
2101,0,21
6741,0,21
7351,0,21
1521,0,21
6382,0,21
7184,0,21
7814,0,21
2687,0,21
8442,0,21
4152,0,21
1452,0,21
7173,0,21
1366,0,21
8230,0,21
2631,0,21
74,0,21
3560,0,21
5557,0,21
1013,0,21
677,0,21
2461,0,21
44,0,21
7346,0,21
2378,0,21
2165,0,21
2361,0,21
8638,0,21
6731,0,21
6621,0,21
37,0,21
7723,0,21
9678,0,21
7126,0,21
8333,0,21
8802,0,21
6910,0,21
3257,0,21
6975,0,21
1773,0,21
5752,0,21
4115,0,21
7882,0,21
4302,0,21
7186,0,21
9311,0,21
9041,0,21
7462,0,21
2089,0,21
1323,0,21
3630,0,21
125,0,21
6192,0,21
2630,0,21
9496,0,21
49,0,21
230,0,21
8815,0,21
1511,0,21
166,0,21
7031,0,21
4254,0,21
193,0,21
8970,0,21
8914,0,21
9173,0,21
2945,0,21
3281,0,21
7286,0,21
2445,0,21
3940,0,21
7153,0,21
5018,0,21
1890,0,21
882,0,21
4681,0,21
6189,0,21
4316,0,21
2684,0,21
1979,0,21
7982,0,21
2956,0,21
9340,0,21
2419,0,21
8242,0,21
346,0,21
3049,0,21
3269,0,21
1051,0,21
2497,0,21
6063,0,21
437,0,21
9289,0,21
5535,0,21
9075,0,21
2041,0,21
9621,0,21
821,0,21
2495,0,21
1589,0,21
7676,0,21
9906,0,21
3597,1,22
1877,1,22
9749,1,22
6323,0,22
6739,0,22
6370,0,22
5911,0,22
9971,0,22
111,0,22
6314,0,22
7678,0,22
4026,0,22
8635,0,22
8357,0,22
5699,0,22
4056,0,22
1454,0,22
5012,0,22
9271,0,22
6467,0,22
2568,0,22
9677,0,22
3970,0,22
1309,0,22
9171,0,22
830,0,22
4928,0,22
4305,0,22
9437,0,22
6564,0,22
6329,0,22
2039,0,22
3675,0,22
7998,0,22
1952,0,22
190,0,22
3446,0,22
8573,0,22
9662,0,22
3,0,22
1841,0,22
7130,0,22
5137,0,22
6599,0,22
642,0,22
2036,0,22
4326,0,22
8281,0,22
9962,0,22
7527,0,22
3773,0,22
5514,0,22
1078,0,22
5190,0,22
183,0,22
9203,0,22
645,0,22
1756,0,22
6763,0,22
8317,0,22
205,0,22
1263,0,22
1231,0,22
8672,0,22
7540,0,22
2307,0,22
4231,0,22
7027,0,22
4175,0,22
8841,0,22
6482,0,22
2344,0,22
8774,0,22
8986,0,22
584,0,22
7673,0,22
3188,0,22
8378,0,22
5133,0,22
1386,0,22
4720,0,22
450,0,22
2164,0,22
6788,0,22
3378,0,22
8429,0,22
1785,0,22
5518,0,22
3356,0,22
2828,0,22
2878,0,22
1557,0,22
522,0,22
2187,0,22
6815,0,22
850,0,22
1321,0,22
1948,0,22
7890,0,22
7048,0,22
796,0,22
3025,0,22
2730,0,23
1469,2,23
9837,7,23
5379,5,23
2615,0,23
1545,2,23
6240,6,23
7199,6,23
7811,5,23
4722,5,23
1817,4,23
3997,4,23
3956,4,23
8066,7,23
6756,0,23
5088,0,23
1218,0,23
5221,0,23
6863,0,23
7634,0,23
3964,0,23
3828,0,23
7821,0,23
878,0,23
2574,0,23
9485,0,23
4678,0,23
5822,0,23
8539,0,23
5935,0,23
1297,0,23
9624,0,23
1855,0,23
310,0,23
2186,0,23
1359,0,23
9176,0,23
474,0,23
1679,0,23
2678,0,23
9009,0,23
8284,0,23
2979,0,23
2786,0,23
7279,0,23
5817,0,23
9936,0,23
658,0,23
2706,0,23
4483,0,23
7327,0,23
9923,0,23
145,0,23
5126,0,23
9846,0,23
9865,0,23
8050,0,23
8892,0,23
5687,0,23
8029,0,23
1872,0,23
7746,0,23
9804,0,23
6468,0,23
2715,0,23
5629,0,23
8595,0,23
5239,0,23
3726,0,23
8482,0,23
355,0,23
7191,0,23
9943,0,23
9151,0,23
1532,0,23
1383,0,23
4997,0,23
7726,0,23
4903,0,23
7045,0,23
2414,0,23
9641,0,23
7373,0,23
6925,0,23
4786,0,23
3882,0,23
5524,0,23
5029,0,23
6583,0,23
871,0,23
8030,0,23
1751,0,23
2138,0,23
9824,0,23
5685,0,23
4846,0,23
8863,0,23
6463,0,23
6872,7,24
8054,7,24
8395,5,24
5922,6,24
730,2,24
4670,0,24
3494,3,24
8612,4,24
5196,3,24
6256,0,24
246,0,24
4945,0,24
6941,0,24
1610,0,24
3405,0,24
1015,0,24
3074,0,24
2463,0,24
8534,0,24
3406,0,24
4586,0,24
6394,0,24
6544,0,24
8092,0,24
4539,0,24
3145,0,24
9849,0,24
3692,0,24
540,0,24
3426,0,24
2983,0,24
8678,0,24
7188,0,24
2188,0,24
5645,0,24
2050,0,24
3341,0,24
155,0,24
4749,0,24
3568,0,24
2717,0,24
2398,0,24
3443,0,24
8516,0,24
5839,0,24
2601,0,24
8346,0,24
6369,0,24
1858,0,24
3818,0,24
4803,0,24
4051,0,24
277,0,24
938,0,24
6140,0,24
1704,0,24
1365,0,24
9370,0,24
1527,0,24
6917,0,24
9603,0,24
3307,0,24
4737,0,24
3379,0,24
5973,0,24
209,0,24
8313,0,24
7818,0,24
466,0,24
9807,0,24
8551,0,24
1285,0,24
6444,0,24
5149,0,24
6405,0,24
455,0,24
4371,0,24
4637,0,24
4699,0,24
5107,0,24
5513,0,24
4367,0,24
4067,0,24
2245,0,24
4121,0,24
6204,0,24
926,0,24
8137,0,24
1221,0,24
1907,0,24
7623,0,24
9073,0,24
2969,0,24
1650,0,24
9135,0,24
195,0,24
2155,0,24
5578,0,24
4419,0,24
5342,0,24
6513,0,24
6819,0,24
9581,0,24
4426,0,24
1514,0,24
2518,0,24
5466,0,24
2369,0,24
4385,7,25
5956,7,25
20,3,25
6829,3,25
9802,0,25
8426,0,25
8488,4,25
7326,7,25
6469,7,25
5358,0,25
6799,0,25
5069,0,25
1205,0,25
5181,0,25
6535,0,25
4966,0,25
5799,0,25
6790,0,25
8972,0,25
9596,0,25
6039,0,25
700,0,25
6582,0,25
3164,0,25
8598,0,25
7447,0,25
7557,0,25
1037,0,25
9067,0,25
7791,0,25
7548,0,25
3355,0,25
3113,0,25
2479,0,25
4706,0,25
6754,0,25
7429,0,25
4162,0,25
8116,0,25
1780,0,25
1388,0,25
3447,0,25
2232,0,25
2946,0,25
2579,0,25
5425,0,25
7278,0,25
6251,0,25
8779,0,25
5370,0,25
4671,0,25
8179,0,25
1843,0,25
4513,0,25
8016,0,25
2802,0,25
271,0,25
3830,0,25
3057,0,25
3683,0,25
7828,0,25
2158,0,25
4087,0,25
2588,0,25
7215,0,25
837,0,25
7367,0,25
698,0,25
2943,0,25
3498,0,25
5436,0,25
5473,0,25
3504,0,25
8912,0,25
7712,0,25
231,0,25
9657,0,25
2467,0,25
1755,0,25
9149,0,25
8810,0,25
514,0,25
5546,0,25
5075,0,25
4333,0,25
2478,0,25
683,0,25
6043,0,25
9361,0,25
7442,0,25
175,0,25
7926,0,25
6027,0,25
2410,0,25
9892,0,25
140,0,25
51,0,25
8906,0,25
3521,0,25
512,0,25
7793,0,25
3468,0,25
1031,0,25
9129,0,25
8459,0,25
3991,0,25
2720,0,25
9560,0,25
239,0,25
3852,0,25
3184,0,25
9026,0,25
8960,0,25
3062,0,25
3361,0,25
4677,0,25
4857,0,25
7830,0,25
2635,0,25
4669,0,25
7023,0,25
6687,0,25
3097,0,25
7168,0,25
7380,0,25
6662,0,25
3906,0,25
7401,0,25
3727,0,25
1784,0,25
8623,4,26
4788,5,26
7626,6,26
8729,6,26
6400,1,26
6037,4,26
1796,3,26
1451,6,26
3043,0,26
1378,5,26
2024,2,26
3194,2,26
8154,1,26
9754,1,26
4148,2,26
2801,4,26
2105,5,26
5873,0,26
5515,0,26
3320,0,26
3886,0,26
4364,0,26
1664,0,26
5907,0,26
1717,0,26
3416,0,26
5046,0,26
8463,0,26
602,0,26
9152,0,26
6442,0,26
4935,0,26
9290,0,26
7431,0,26
8556,0,26
5633,0,26
6186,0,26
2038,0,26
3181,0,26
6026,0,26
7236,0,26
8719,0,26
6972,0,26
6378,0,26
3753,0,26
3619,0,26
6827,0,26
8071,0,26
1736,0,26
4676,0,26
2390,0,26
1884,0,26
3224,0,26
1208,0,26
4831,0,26
9956,0,26
6960,0,26
537,0,26
9046,0,26
4544,0,26
4350,0,26
4337,0,26
6901,0,26
6301,0,26
5571,0,26
1772,0,26
752,0,26
7372,0,26
7864,0,26
9625,0,26
4939,0,26
9950,0,26
6391,0,26
743,0,26
6419,0,26
4892,0,26
1355,0,26
2297,0,26
8839,0,26
5119,0,26
9,0,26
5105,0,26
8538,0,26
9611,0,26
1833,0,26
9068,0,26
4929,0,26
8786,0,26
5347,0,26
2383,0,26
6683,0,26
9412,0,26
1474,0,26
3251,0,26
7233,0,26
6628,0,26
794,0,26
6361,0,26
5250,0,26
6502,0,26
8782,0,26
408,0,26
1311,0,26
2470,0,26
295,0,26
6782,0,26
1391,0,26
5916,0,26
9233,0,26
7030,0,26
5675,0,26
5422,0,26
5205,0,26
6334,0,26
1093,0,26
5644,0,26
365,0,26
5192,0,26
2348,5,27
7860,4,27
1571,1,27
5779,6,27
935,0,27
6054,3,27
1342,5,27
6786,4,27
8422,1,27
524,6,27
5264,6,27
3083,2,27
7071,4,27
4730,5,27
6890,0,27
189,0,27
3946,0,27
6350,0,27
1060,0,27
4536,0,27
4717,0,27
8031,0,27
635,0,27
1107,0,27
4037,0,27
1243,0,27
9616,0,27
3579,0,27
5169,0,27
116,0,27
5438,0,27
5,0,27
7608,0,27
1286,0,27
7588,0,27
2502,0,27
1458,0,27
2302,0,27
5161,0,27
2951,0,27
235,0,27
3033,0,27
2861,0,27
6458,0,27
4882,0,27
2273,0,27
4436,0,27
3801,0,27
7657,0,27
8372,0,27
3390,0,27
2146,0,27
8851,0,27
3635,0,27
9593,0,27
7940,0,27
5138,0,27
6127,0,27
1819,0,27
7415,0,27
1998,0,27
9347,0,27
9128,0,27
2970,0,27
1296,0,27
7916,0,27
4356,0,27
1590,0,27
4276,0,27
7432,0,27
4822,0,27
3195,0,27
6529,0,27
3856,0,27
2580,0,27
1847,0,27
7492,0,27
803,0,27
7503,0,27
5267,0,27
7683,0,27
8397,0,27
5059,0,27
6430,0,27
299,0,27
3755,0,27
2843,0,27
3004,0,27
48,0,27
5287,0,27
3051,0,27
4220,0,27
3444,0,27
6794,0,27
9567,0,27
5396,0,27
7707,0,27
9792,0,27
6168,0,27
147,0,27
3376,0,27
8124,0,27
2981,0,27
8225,0,27
1601,0,27
19,0,27
9466,0,27
3369,0,27
8490,0,27
8177,0,27
9907,0,27
8105,0,27
8654,0,27
8587,0,27
362,0,27
4975,0,27
234,0,27
3759,0,27
9755,0,27
2915,1,28
2690,1,28
8249,0,28
1064,6,28
6319,6,28
7128,2,28
3981,1,28
3605,5,28
9274,4,28
4522,4,28
3383,0,28
1528,0,28
9327,0,28
6474,0,28
7202,0,28
7720,0,28
8102,0,28
6000,0,28
9429,0,28
2870,0,28
4919,0,28
7295,0,28
694,0,28
8134,0,28
702,0,28
616,0,28
2567,0,28
2335,0,28
5076,0,28
8924,0,28
6150,0,28
9021,0,28
1802,0,28
335,0,28
817,0,28
8111,0,28
2097,0,28
8282,0,28
3382,0,28
5398,0,28
3696,0,28
2400,0,28
1258,0,28
3132,0,28
7267,0,28
8577,0,28
4136,0,28
7392,0,28
6357,0,28
2728,0,28
9932,0,28
2929,0,28
6427,0,28
4423,0,28
5731,0,28
8703,0,28
6217,0,28
2069,0,28
957,0,28
8888,0,28
8359,0,28
4386,0,28
6477,0,28
7844,0,28
7029,0,28
1559,0,28
6086,0,28
2063,0,28
5049,0,28
3136,0,28
5746,0,28
9106,0,28
1149,0,28
3475,0,28
2198,0,28
5576,0,28
2768,0,28
8496,0,28
3876,0,28
3336,0,28
589,0,28
9640,0,28
4262,0,28
1185,0,28
153,0,28
9753,0,28
3398,0,28
3260,0,28
1665,0,28
2306,0,28
9758,0,28
8033,0,28
2727,0,28
1701,0,28
6517,0,28
9573,0,28
1029,0,28
304,0,28
4086,0,28
2508,0,28
8997,0,28
9423,0,28
3538,0,28
6663,0,28
4893,0,28
6379,0,28
1961,0,28
4141,0,28
2451,0,28
1179,0,28
1684,0,28
9763,0,28
8244,0,28
9119,0,28
7091,0,28
6657,0,28
5552,0,28
9981,0,28
4390,0,28
6999,0,28
9363,0,28
9780,0,28
4843,0,28
1702,0,28
435,0,28
4033,5,29
6883,4,29
1885,7,29
4869,7,29
8514,2,29
3526,5,29
5923,5,29
391,4,29
2147,7,29
6118,7,29
5010,7,29
9870,5,29
1992,6,29
2993,0,29
9989,0,29
8292,0,29
1447,0,29
7903,0,29
1453,0,29
8213,0,29
369,0,29
6340,0,29
185,0,29
8457,0,29
1730,0,29
2661,0,29
7460,0,29
7425,0,29
6619,0,29
8396,0,29
5932,0,29
9778,0,29
7908,0,29
1399,0,29
3173,0,29
3663,0,29
6715,0,29
6805,0,29
1809,0,29
3394,0,29
2560,0,29
5626,0,29
9828,0,29
4005,0,29
8484,0,29
46,0,29
945,0,29
8661,0,29
8873,0,29
2325,0,29
8758,0,29
8687,0,29
9597,0,29
6554,0,29
5504,0,29
832,0,29
7470,0,29
4435,0,29
8444,0,29
6038,0,29
1237,0,29
6578,0,29
6783,0,29
5887,0,29
9712,0,29
6680,0,29
1211,0,29
1721,0,29
9817,0,29
3427,0,29
782,0,29
7117,0,29
9701,0,29
3041,0,29
9747,0,29
9348,0,29
6144,0,29
1172,0,29
8304,0,29
8931,0,29
9557,0,29
7449,0,29
7534,0,29
6674,0,29
8630,0,29
2457,0,29
2673,0,29
4399,0,29
2570,0,29
3636,0,29
2037,0,29
8542,0,29
4065,0,29
151,0,29
3921,0,29
5928,0,29
9445,0,29
7246,0,29
289,0,29
5599,0,29
3448,0,29
691,0,29
8323,0,29
2893,0,29
7932,0,29
6576,0,29
345,0,29
5988,0,29
280,0,29
6904,0,29
8715,0,29
7414,0,29
1648,0,30
5717,1,30
2988,3,30
8565,7,30
9210,2,30
6967,2,30
441,5,30
8520,5,30
4969,4,30
7013,2,30
3642,4,30
375,0,30
1345,0,30
3354,0,30
4790,0,30
6146,0,30
5232,0,30
1734,0,30
8645,0,30
663,0,30
2696,0,30
4514,0,30
8391,0,30
3420,0,30
6851,0,30
5534,0,30
6923,0,30
8246,0,30
4715,0,30
7975,0,30
4467,0,30
5772,0,30
7992,0,30
5023,0,30
4492,0,30
2827,0,30
4036,0,30
4725,0,30
4797,0,30
557,0,30
8034,0,30
987,0,30
90,0,30
7076,0,30
7510,0,30
7081,0,30
836,0,30
2066,0,30
3660,0,30
2569,0,30
806,0,30
1643,0,30
1616,0,30
6280,0,30
7433,0,30
3309,0,30
531,0,30
895,0,30
9022,0,30
6634,0,30
4096,0,30
7473,0,30
7400,0,30
9722,0,30
5800,0,30
2486,0,30
8051,0,30
7563,0,30
3108,0,30
6916,0,30
259,0,30
3280,0,30
5160,0,30
5730,0,30
123,0,30
4381,0,30
467,0,30
2936,0,30
8356,0,30
6604,0,30
9576,0,30
5490,0,30
4778,0,30
7321,0,30
7133,0,30
8615,0,30
5165,0,30
7656,0,30
4209,0,30
6184,0,30
8268,0,30
6138,0,30
3865,0,30
1500,0,30
8366,0,30
5971,0,30
6306,0,30
5457,0,30
8452,0,30
1591,0,30
4451,0,30
1983,0,30
8377,0,30
486,0,30
2770,0,30
7917,0,30
349,0,30
3638,0,30
8853,0,30
5387,0,30
1699,0,30
2034,0,30
5622,0,30
2153,0,30
8546,0,30
680,0,30
8217,0,30
3938,0,30
6014,0,30
3216,0,30
9236,0,30
1140,0,30
2074,0,30
9246,0,30
4495,0,30
3175,0,30
8907,0,30
3910,5,31
734,4,31
1623,6,31
9547,6,31
7131,7,31
8707,4,31
3271,4,31
5254,5,31
3150,5,31
3782,7,31
7248,4,31
3107,7,31
264,0,31
4774,0,31
6091,0,31
5691,0,31
4304,0,31
5616,0,31
7990,0,31
1062,0,31
4202,0,31
9308,0,31
7994,0,31
548,0,31
2250,0,31
9705,0,31
2944,0,31
4666,0,31
7789,0,31
6261,0,31
5598,0,31
4170,0,31
5539,0,31
9999,0,31
603,0,31
6438,0,31
3453,0,31
7443,0,31
7604,0,31
2705,0,31
5603,0,31
8218,0,31
2724,0,31
8139,0,31
4448,0,31
8765,0,31
5222,0,31
9457,0,31
7255,0,31
3735,0,31
4161,0,31
5103,0,31
4802,0,31
9788,0,31
2884,0,31
445,0,31
77,0,31
9242,0,31
1974,0,31
7257,0,31
3129,0,31
553,0,31
6092,0,31
4103,0,31
9334,0,31
3840,0,31
1874,0,31
1807,0,31
9411,0,31
2114,0,31
9507,0,31
8108,0,31
883,0,31
5245,0,31
2359,0,31
1160,0,31
8004,0,31
4387,0,31
2377,0,31
2783,0,31
708,0,31
942,0,31
9441,0,31
2217,0,31
1531,0,31
6353,0,31
7436,0,31
6935,0,31
2688,0,31
7714,0,31
7237,0,31
9743,0,31
908,0,31
4875,0,31
5979,0,31
4466,0,31
5673,0,31
652,0,31
386,0,31
8650,0,31
856,0,31
3586,0,31
2953,0,31
6711,0,31
3857,0,31
9163,0,31
2760,0,31
5329,0,31
1344,0,31
4565,0,31
1068,0,31
5298,0,31
2177,0,31
9634,0,31
1082,0,31
2118,0,31
6580,0,31
4745,0,31
127,0,31
8756,0,31
8862,0,31
2125,0,31
7869,0,31
8733,0,31
4137,0,31
5134,0,31
54,0,31
488,0,31
9389,0,31
9833,0,31
9823,0,31
6368,6,32
8171,4,32
3037,1,32
4506,2,32
9894,5,32
3203,5,32
40,6,32
313,6,32
2618,7,32
7368,7,32
7529,2,32
9497,2,32
1715,2,32
3716,2,32
7598,2,32
6248,2,32
8390,2,32
5500,7,32
1965,2,32
1501,5,32
7682,7,32
8618,0,32
4425,0,32
4691,0,32
337,0,32
8594,0,32
6970,0,32
4589,0,32
6932,0,32
3868,0,32
8057,0,32
8649,0,32
1287,0,32
6769,0,32
2584,0,32
3537,0,32
6429,0,32
2272,0,32
4743,0,32
7847,0,32
7856,0,32
1047,0,32
8157,0,32
6288,0,32
7474,0,32
2856,0,32
1431,0,32
725,0,32
1190,0,32
6504,0,32
5679,0,32
6294,0,32
1753,0,32
8406,0,32
5781,0,32
94,0,32
6596,0,32
6698,0,32
6966,0,32
6838,0,32
4159,0,32
5056,0,32
7794,0,32
2860,0,32
2830,0,32
6826,0,32
4098,0,32
2695,0,32
3843,0,32
7350,0,32
9409,0,32
4215,0,32
245,0,32
8261,0,32
4695,0,32
4405,0,32
8438,0,32
2196,0,32
7715,0,32
4398,0,32
3985,0,32
3976,0,32
1176,0,32
4008,0,32
7936,0,32
6624,0,32
7347,0,32
6620,0,32
4404,0,32
5896,0,32
1410,0,32
1188,0,32
1382,0,32
8036,0,32
5194,0,32
8744,0,32
3685,0,32
8718,0,32
9696,0,32
4289,0,32
922,0,32
2643,0,32
4972,0,32
3534,0,32
6563,0,32
9939,0,32
3221,0,32
385,0,32
8695,0,32
1087,0,32
101,0,32
3445,0,32
9652,0,32
8958,0,32
5871,0,32
6610,0,32
5285,0,32
1898,0,32
1197,0,32
7455,0,32
4648,4,33
3589,5,33
3166,2,33
2815,3,33
8754,4,33
7180,5,33
7832,0,33
188,6,33
528,6,33
9538,7,33
8269,2,33
8329,1,33
1615,7,33
8755,3,33
9080,7,33
6768,3,33
9419,4,33
6961,5,33
2938,7,33
3721,0,33
7897,0,33
4427,0,33
8846,0,33
106,0,33
4408,0,33
198,0,33
3296,0,33
8288,0,33
4870,0,33
6171,0,33
9127,0,33
6166,0,33
5318,0,33
6743,0,33
8666,0,33
7226,0,33
5646,0,33
407,0,33
6174,0,33
3435,0,33
4673,0,33
3496,0,33
8045,0,33
7355,0,33
6832,0,33
9440,0,33
4998,0,33
7924,0,33
1294,0,33
2301,0,33
5189,0,33
4088,0,33
6455,0,33
9717,0,33
2007,0,33
9988,0,33
7815,0,33
8319,0,33
2291,0,33
7979,0,33
2991,0,33
7231,0,33
4160,0,33
8241,0,33
4239,0,33
4516,0,33
9383,0,33
1930,0,33
7438,0,33
774,0,33
291,0,33
6001,0,33
3731,0,33
3831,0,33
4917,0,33
5698,0,33
1088,0,33
8451,0,33
5553,0,33
1840,0,33
7699,0,33
3511,0,33
7002,0,33
8245,0,33
8235,0,33
8453,0,33
1147,0,33
3662,0,33
3966,0,33
6246,0,33
1178,0,33
8735,0,33
1212,0,33
9431,0,33
6798,0,33
5141,0,33
7677,0,33
5635,0,33
4910,0,33
4180,0,33
9212,0,33
3893,0,33
2853,0,33
2110,0,33
4454,0,33
2784,0,33
697,0,33
6686,0,33
4422,0,33
2990,0,33
9854,0,33
3774,0,33
3912,0,33
1440,0,33
5211,0,33
6451,0,33
1994,0,33
508,0,33
3631,0,33
1277,0,33
4030,0,33
9899,0,33
7960,0,33
8247,4,34
1804,3,34
1187,0,34
3647,0,34
4303,7,34
1381,3,34
932,0,34
3781,0,34
2002,0,34
6233,0,34
227,0,34
2426,0,34
5401,0,34
4066,0,34
4537,0,34
5408,0,34
7872,0,34
2368,0,34
1920,0,34
2310,0,34
5099,0,34
8515,0,34
8629,0,34
6903,0,34
3862,0,34
6224,0,34
9045,0,34
9617,0,34
5499,0,34
352,0,34
3838,0,34
7487,0,34
4595,0,34
1900,0,34
5448,0,34
6362,0,34
7217,0,34
3720,0,34
5791,0,34
9831,0,34
2604,0,34
9258,0,34
1629,0,34
6750,0,34
6672,0,34
681,0,34
6560,0,34
6748,0,34
1110,0,34
1863,0,34
3559,0,34
8533,0,34
4314,0,34
463,0,34
2651,0,34
9304,0,34
9638,0,34
5507,0,34
3013,0,34
7439,0,34
2534,0,34
7846,0,34
8552,0,34
2693,0,34
7203,0,34
1012,0,34
7441,0,34
3120,0,34
6959,0,34
4046,0,34
3633,0,34
8670,0,34
4534,0,34
582,0,34
6358,0,34
9489,0,34
9564,0,34
2771,0,34
8164,0,34
9273,0,34
2965,0,34
9217,0,34
4455,0,34
9126,0,34
5265,0,34
449,0,34
2921,0,34
1797,0,34
8194,0,34
7525,0,34
2734,0,34
305,0,34
2507,0,34
7963,0,34
5505,0,34
1870,0,34
3593,0,34
1125,0,34
7463,0,34
2376,0,34
8083,0,34
3323,0,34
9733,0,34
3659,0,34
2379,0,34
3003,0,34
6346,0,34
1111,0,34
2522,0,34
2018,0,34
2906,0,34
4100,0,34
2947,0,34
7377,0,34
5854,0,34
425,0,34
4591,0,34
5078,0,34
8932,0,34
772,0,34
3027,0,34
598,0,34
5920,0,34
503,0,34
8889,0,34
8983,0,34
4602,0,34
4605,0,34
4253,0,34
726,0,34
9672,0,34
4205,0,34
3907,0,34
2835,0,34
5929,2,35
5067,2,35
5289,7,35
5940,4,35
7142,0,35
164,0,35
2852,0,35
2206,1,35
4983,1,35
5726,1,35
2792,2,35
513,2,35
5735,3,35
3219,5,35
5559,5,35
73,0,35
3514,0,35
7085,0,35
6218,0,35
8653,0,35
3469,0,35
4219,0,35
6659,0,35
2317,0,35
2973,0,35
4153,0,35
1949,0,35
1192,0,35
2195,0,35
2546,0,35
8787,0,35
6812,0,35
5881,0,35
4836,0,35
9366,0,35
8825,0,35
8363,0,35
8881,0,35
1761,0,35
8186,0,35
8588,0,35
6472,0,35
6570,0,35
1984,0,35
3330,0,35
143,0,35
8940,0,35
9391,0,35
7241,0,35
6485,0,35
9532,0,35
7751,0,35
6491,0,35
5720,0,35
9512,0,35
1735,0,35
8547,0,35
628,0,35
2352,0,35
8664,0,35
6293,0,35
7661,0,35
9478,0,35
8330,0,35
6840,0,35
417,0,35
7196,0,35
9619,0,35
7925,0,35
7303,0,35
684,0,35
6503,0,35
7594,0,35
4230,0,35
158,0,35
5019,0,35
1741,0,35
3952,0,35
5722,0,35
3872,0,35
1214,0,35
6792,0,35
4407,0,35
3031,0,35
6067,0,35
3337,0,35
3816,0,35
4119,0,35
8683,0,35
9303,0,35
3293,0,35
2122,0,35
1329,0,35
6135,0,35
285,0,35
6031,0,35
201,0,35
3783,0,35
6024,0,35
8153,0,35
5915,0,35
4154,0,35
7078,0,35
6586,0,35
4001,0,35
7450,0,35
142,0,35
2544,0,35
783,0,35
3915,0,35
9698,0,35
23,0,35
5879,0,35
2529,0,35
7620,0,35
1888,0,35
6843,0,35
9805,0,35
3352,0,35
1981,0,35
2021,0,35
1089,0,35
4111,0,35
889,0,35
8476,0,35
826,0,35
1791,0,35
2873,0,35
356,0,35
7163,0,35
709,0,35
1985,3,36
7334,4,36
947,5,36
4866,2,36
8404,1,36
2632,7,36
9250,7,36
9503,5,36
1475,5,36
7299,5,36
2536,5,36
41,4,36
1408,4,36
566,4,36
7496,0,36
9306,0,36
3972,0,36
443,0,36
98,0,36
5847,0,36
9633,0,36
4031,0,36
1322,0,36
4285,0,36
1988,0,36
6964,0,36
9439,0,36
1944,0,36
5690,0,36
1154,0,36
6857,0,36
3429,0,36
6897,0,36
9809,0,36
5933,0,36
4896,0,36
2347,0,36
7875,0,36
3474,0,36
1325,0,36
5827,0,36
6215,0,36
9192,0,36
7100,0,36
3787,0,36
4311,0,36
3178,0,36
4459,0,36
8633,0,36
2327,0,36
8497,0,36
8197,0,36
4168,0,36
6084,0,36
290,0,36
3768,0,36
5140,0,36
6733,0,36
2241,0,36
3617,0,36
1919,0,36
8125,0,36
6436,0,36
4815,0,36
2733,0,36
2935,0,36
2208,0,36
8934,0,36
8498,0,36
881,0,36
6668,0,36
7599,0,36
9646,0,36
2387,0,36
6465,0,36
1719,0,36
7798,0,36
7753,0,36
24,0,36
4951,0,36
5417,0,36
1726,0,36
3393,0,36
4022,0,36
132,0,36
9554,0,36
1204,0,36
2968,0,36
9338,0,36
8243,0,36
1357,0,36
1803,0,36
9847,0,36
2126,0,36
5686,0,36
5672,0,36
6556,0,36
6416,0,36
2215,0,36
4967,0,36
3732,0,36
8327,6,37
7028,0,37
5696,5,37
7501,0,37
7733,0,37
2583,0,37
7467,0,37
8460,0,37
4106,0,37
7785,0,37
9130,0,37
4134,0,37
8000,0,37
4061,0,37
1056,0,37
6755,0,37
134,0,37
1272,0,37
168,0,37
989,0,37
6654,0,37
416,0,37
9300,0,37
2323,0,37
7515,0,37
173,0,37
5377,0,37
7070,0,37
4606,0,37
4442,0,37
8938,0,37
3273,0,37
7318,0,37
1432,0,37
465,0,37
1426,0,37
704,0,37
4668,0,37
4891,0,37
4600,0,37
7218,0,37
8789,0,37
9436,0,37
8685,0,37
5944,0,37
9131,0,37
9665,0,37
8341,0,37
4279,0,37
4847,0,37
2863,0,37
6949,0,37
4222,0,37
1923,0,37
5989,0,37
2710,0,37
2458,0,37
4015,0,37
2741,0,37
3462,0,37
2319,0,37
6645,0,37
6195,0,37
844,0,37
8214,0,37
2080,0,37
2766,0,37
9415,0,37
7033,0,37
8272,0,37
7617,0,37
1441,0,37
5435,0,37
622,0,37
9337,0,37
7663,0,37
6797,0,37
4698,0,37
8039,0,37
5919,0,37
7928,0,37
9924,0,37
2031,0,37
9934,0,37
3000,0,37
962,0,37
1739,0,37
2890,0,37
9819,0,37
7750,0,37
8100,0,37
1314,0,37
2178,0,37
6330,0,37
8042,0,37
4198,0,37
476,0,37
8410,0,37
8491,0,37
659,0,37
3363,0,37
6484,0,37
7124,0,37
8417,0,37
2334,0,37
115,0,37
8017,0,37
3231,0,37
1638,0,37
6096,0,37
5808,0,37
1627,0,37
2362,0,37
9476,0,37
2013,0,37
3978,0,37
5775,0,37
1605,0,37
5027,5,38
32,4,38
3624,7,38
727,7,38
6034,2,38
4213,7,38
9331,0,38
9821,0,38
9987,0,38
3436,0,38
6877,0,38
3467,0,38
2167,0,38
2070,0,38
2005,0,38
9978,0,38
1183,0,38
1630,0,38
3472,0,38
4837,0,38
917,0,38
6489,0,38
8626,0,38
3749,0,38
8675,0,38
3709,0,38
2020,0,38
3274,0,38
1268,0,38
2812,0,38
3971,0,38
4798,0,38
1057,0,38
9297,0,38
1115,0,38
2130,0,38
3200,0,38
3889,0,38
5640,0,38
8195,0,38
8173,0,38
8495,0,38
2516,0,38
8324,0,38
2563,0,38
4873,0,38
7972,0,38
9183,0,38
4968,0,38
9060,0,38
7633,0,38
1935,0,38
7941,0,38
1829,0,38
554,0,38
4057,0,38
665,0,38
6631,0,38
5178,0,38
5942,0,38
2283,0,38
9565,0,38
3832,0,38
4104,0,38
9392,0,38
906,0,38
6712,0,38
2885,0,38
1032,0,38
1497,0,38
5200,0,38
5608,0,38
3064,0,38
6579,0,38
2788,0,38
9575,0,38
5589,0,38
5725,0,38
1934,0,38
2145,0,38
2791,0,38
7427,0,38
2093,0,38
320,0,38
2819,0,38
6462,0,38
5744,0,38
7240,0,38
2902,0,38
9637,0,38
2180,0,38
4758,0,38
300,0,38
9425,0,38
7044,0,38
3599,0,38
2542,0,38
7817,0,38
9321,0,38
138,0,38
7891,0,38
4592,0,38
8957,0,38
8227,0,38
8294,0,38
9592,0,38
3110,0,38
9244,0,38
9198,0,38
6191,0,38
758,0,38
4438,0,38
3192,0,38
8586,0,38
9945,0,38
6537,0,38
8425,0,38
2,0,38
3408,0,38
3002,0,38
9891,0,38
3810,0,38
6461,0,38
162,0,38
2043,0,38
884,0,38
1899,0,38
3766,0,38
5299,0,38
1917,0,38
1059,0,38
6869,0,38
4978,0,38
1354,0,38
3566,0,38
9562,7,39
2012,3,39
6667,5,39
6130,5,39
2399,7,39
5623,2,39
3996,3,39
1725,3,39
3823,4,39
1942,4,39
9910,0,39
4845,0,39
2859,0,39
9604,0,39
7179,0,39
3069,0,39
3232,0,39
1693,0,39
1520,0,39
5774,0,39
5163,0,39
7056,0,39
4763,0,39
3549,0,39
9063,0,39
5097,0,39
5158,0,39
6414,0,39
6480,0,39
7921,0,39
7771,0,39
5798,0,39
2626,0,39
3176,0,39
2447,0,39
8915,0,39
4024,0,39
3388,0,39
2341,0,39
6793,0,39
1415,0,39
9781,0,39
3333,0,39
713,0,39
6259,0,39
8998,0,39
7773,0,39
3400,0,39
2256,0,39
1584,0,39
751,0,39
1795,0,39
606,0,39
5152,0,39
7618,0,39
6211,0,39
1669,0,39
5848,0,39
1028,0,39
4313,0,39
351,0,39
4627,0,39
7311,0,39
5715,0,39
2833,0,39
2892,0,39
1859,0,39
432,0,39
7761,0,39
7324,0,39
5276,0,39
8899,0,39
6182,0,39
4551,0,39
7993,0,39
1164,0,39
1581,0,39
4507,0,39
6892,0,39
6781,0,39
7014,0,39
4601,0,39
7989,0,39
3762,0,39
7482,0,39
3454,0,39
6179,0,39
6373,0,39
4411,0,39
3437,0,39
3616,0,39
9018,0,39
3424,0,39
4341,0,39
7288,0,39
2832,0,39
1990,0,39
9379,0,39
1334,0,39
8325,0,39
5829,0,39
8910,0,39
778,0,39
2955,0,39
9770,0,39
4854,0,39
1651,0,39
4077,0,39
1582,0,39
750,0,39
8503,0,39
5282,0,39
2665,0,39
5997,0,39
6177,0,39
2268,0,39
4680,0,39
1135,0,39
9676,0,39
8278,0,39
45,0,39
4221,0,39
6803,0,39
4439,0,39
9469,0,39
6398,0,39
3632,0,39
788,7,40
3391,0,40
5620,3,40
4291,3,40
9268,7,40
9003,7,40
61,4,40
671,4,40
8640,3,40
8084,7,40
7689,0,40
9380,0,40
6835,0,40
6874,0,40
741,0,40
1915,0,40
9265,0,40
8260,0,40
7388,0,40
8262,0,40
72,0,40
790,0,40
2432,0,40
2625,0,40
4567,0,40
8159,0,40
6800,0,40
9921,0,40
1682,0,40
3923,0,40
3418,0,40
9855,0,40
5354,0,40
4855,0,40
5366,0,40
1113,0,40
9011,0,40
499,0,40
3186,0,40
372,0,40
1830,0,40
8955,0,40
4564,0,40
9222,0,40
7426,0,40
2714,0,40
3270,0,40
1351,0,40
1124,0,40
4621,0,40
9148,0,40
6691,0,40
701,0,40
6403,0,40
5277,0,40
208,0,40
9269,0,40
5689,0,40
3800,0,40
9477,0,40
5784,0,40
5026,0,40
4518,0,40
3414,0,40
3298,0,40
5477,0,40
1964,0,40
3423,0,40
3601,0,40
7276,0,40
4443,0,40
5597,0,40
1775,0,40
7708,0,40
4013,0,40
1254,0,40
7653,0,40
2112,0,40
6898,0,40
5432,0,40
6716,0,40
3335,0,40
4618,0,40
858,0,40
9390,0,40
4068,0,40
7383,0,40
1038,0,40
2937,0,40
2505,0,40
8468,0,40
8407,0,40
361,0,40
3839,0,40
4783,0,40
8898,0,40
4547,0,40
6119,0,40
3146,0,40
3367,0,40
318,0,40
2744,0,40
6499,0,40
1348,0,40
6779,0,40
7624,0,40
2162,0,40
2303,0,40
7737,0,40
9766,0,40
6488,0,40
9351,0,40
376,3,41
7854,7,41
6341,1,41
3457,4,41
4468,2,41
9295,7,41
2421,7,41
3171,2,41
6710,0,41
4053,0,41
3621,0,41
1932,0,41
3629,0,41
2649,0,41
7011,0,41
2200,0,41
8255,0,41
9735,0,41
3754,0,41
8112,0,41
2294,0,41
3401,0,41
3180,0,41
7083,0,41
7739,0,41
1600,0,41
5050,0,41
3623,0,41
9937,0,41
5838,0,41
4568,0,41
3438,0,41
5260,0,41
7277,0,41
5073,0,41
3794,0,41
4629,0,41
7159,0,41
1201,0,41
8865,0,41
1565,0,41
6809,0,41
5512,0,41
3261,0,41
1361,0,41
8679,0,41
7885,0,41
7871,0,41
5118,0,41
3610,0,41
8704,0,41
9955,0,41
8692,0,41
6270,0,41
3578,0,41
1846,0,41
6139,0,41
7190,0,41
9452,0,41
4243,0,41
4004,0,41
5892,0,41
6349,0,41
9771,0,41
3968,0,41
5248,0,41
9757,0,41
2231,0,41
7969,0,41
2328,0,41
3885,0,41
1660,0,41
7464,0,41
5093,0,41
8797,0,41
7810,0,41
2415,0,41
4886,0,41
2540,0,41
5606,0,41
6833,0,41
7069,0,41
1081,0,41
2073,0,41
5563,0,41
8543,0,41
9578,0,41
5820,0,41
7121,0,41
4792,0,41
5439,0,41
8135,0,41
2429,0,41
2171,0,41
4452,0,41
3836,0,41
8506,0,41
5780,0,41
5972,0,41
7280,0,41
4538,0,41
3104,0,41
839,0,41
9862,0,41
5574,0,41
6558,0,41
8717,0,41
402,0,41
868,0,41
6137,0,41
1248,0,41
1103,0,41
6555,0,41
1661,0,41
6886,0,41
3099,0,41
9605,0,41
6720,0,41
1146,0,41
3570,0,41
9402,0,41
8838,0,41
2117,0,41
561,0,41
763,0,41
5815,0,41
2442,0,41
8842,0,41
6158,0,41
5714,0,41
7931,0,41
2269,7,42
5600,2,42
5824,5,42
5051,5,42
8024,5,42
7391,5,42
5564,4,42
4216,4,42
3350,3,42
6114,1,42
2528,7,42
2836,2,42
8933,2,42
9488,3,42
4555,3,42
3063,1,42
4958,3,42
563,7,42
2404,0,42
3668,0,42
9030,0,42
5145,0,42
3613,0,42
6072,0,42
6426,0,42
2877,0,42
1587,0,42
4130,0,42
2719,0,42
5900,0,42
1257,0,42
6929,0,42
1319,0,42
9726,0,42
5357,0,42
5399,0,42
5531,0,42
7971,0,42
1194,0,42
991,0,42
3960,0,42
6023,0,42
9811,0,42
9286,0,42
2477,0,42
7667,0,42
3432,0,42
8027,0,42
6693,0,42
5053,0,42
8176,0,42
8923,0,42
9438,0,42
9524,0,42
2613,0,42
82,0,42
6550,0,42
5168,0,42
756,0,42
7658,0,42
9462,0,42
3746,0,42
9256,0,42
9762,0,42
9990,0,42
3411,0,42
2150,0,42
2620,0,42
9965,0,42
1536,0,42
5153,0,42
2867,0,42
5908,0,42
4395,0,42
8180,0,42
9464,0,42
4042,0,42
1191,0,42
5594,0,42
324,0,42
1667,0,42
8373,0,42
6589,0,42
2759,0,42
5526,0,42
2312,0,42
1852,0,42
2265,0,42
3916,0,42
7362,0,42
4099,0,42
260,0,42
4379,0,42
4588,0,42
1537,0,42
6950,0,42
2175,0,42
5348,0,42
4059,0,42
1586,0,42
972,0,42
624,0,42
1971,0,42
7396,3,43
4330,5,43
6547,4,43
1073,7,43
4249,7,43
3994,7,43
9344,7,43
7616,2,43
7923,2,43
9816,2,43
4484,0,43
3714,0,43
7032,0,43
6984,0,43
5231,0,43
8222,0,43
8501,0,43
4690,0,43
114,0,43
4515,0,43
6860,0,43
8830,0,43
925,0,43
1058,0,43
7780,0,43
6198,0,43
4118,0,43
6048,0,43
3796,0,43
2683,0,43
315,0,43
494,0,43
4543,0,43
144,0,43
5434,0,43
998,0,43
9654,0,43
5700,0,43
8258,0,43
4017,0,43
7654,0,43
9775,0,43
7550,0,43
7477,0,43
5993,0,43
8746,0,43
9880,0,43
866,0,43
4599,0,43
3339,0,43
275,0,43
2845,0,43
9534,0,43
194,0,43
8312,0,43
4400,0,43
5556,0,43
6036,0,43
9704,0,43
5865,0,43
3811,0,43
1762,0,43
1200,0,43
7424,0,43
4607,0,43
4112,0,43
3510,0,43
9513,0,43
8343,0,43
7999,0,43
5963,0,43
8535,0,43
181,0,43
3891,0,43
2488,0,43
8741,0,43
1250,0,43
3230,0,43
8401,0,43
4776,0,43
5085,0,43
1599,0,43
5794,0,43
2769,0,43
1789,0,43
5229,0,43
7059,0,43
8168,0,43
7572,0,43
4623,0,43
8510,0,43
7120,0,43
3565,0,43
1316,0,43
4932,0,43
5965,0,43
9750,0,43
411,0,43
3761,0,43
4342,0,43
3920,0,43
5121,0,43
6514,0,43
6850,0,43
3410,0,43
4702,0,43
8082,0,43
3077,0,43
5384,0,43
9324,0,43
1303,0,43
9490,0,43
5297,5,44
9424,5,44
4292,3,44
3767,3,44
1764,7,44
4332,3,44
5537,3,44
9548,2,44
5889,2,44
9773,1,44
8332,1,44
2912,6,44
8845,7,44
6613,7,44
7195,7,44
7155,1,44
4611,3,44
2119,0,44
4295,0,44
4487,0,44
8048,0,44
1980,0,44
7614,0,44
6938,0,44
428,0,44
9661,0,44
157,0,44
4756,0,44
5980,0,44
9813,0,44
4463,0,44
979,0,44
4533,0,44
3089,0,44
649,0,44
6077,0,44
1337,0,44
9926,0,44
631,0,44
1091,0,44
8728,0,44
7655,0,44
9399,0,44
7123,0,44
1578,0,44
2672,0,44
1957,0,44
8419,0,44
4839,0,44
8117,0,44
8335,0,44
3024,0,44
4955,0,44
6725,0,44
87,0,44
8770,0,44
5187,0,44
1098,0,44
4827,0,44
5038,0,44
68,0,44
6032,0,44
5143,0,44
6635,0,44
9320,0,44
6861,0,44
8831,0,44
7863,0,44
2841,0,44
7162,0,44
1446,0,44
712,0,44
1941,0,44
7088,0,44
8107,0,44
3239,0,44
9972,0,44
7305,0,44
3326,0,44
7511,0,44
1991,0,44
6761,0,44
3014,0,44
6360,0,44
6299,0,44
9355,0,44
8597,0,44
1647,0,44
4380,0,44
1292,0,44
9181,0,44
6160,0,44
4182,0,44
7902,0,44
1299,0,44
8142,0,44
1055,0,44
7428,0,44
1625,0,44
2709,0,44
1429,0,44
3292,0,44
7957,0,44
6758,0,44
7945,0,44
7068,0,44
5655,0,44
3422,0,44
4716,0,44
1106,0,44
771,0,44
8169,0,44
4196,0,44
8859,0,44
5413,0,44
7230,3,45
2881,0,45
1302,2,45
2775,0,45
6056,1,45
8800,5,45
8512,4,45
5763,6,45
2308,7,45
4762,2,45
6670,2,45
1343,6,45
7222,6,45
840,0,45
4501,0,45
4877,0,45
6704,0,45
3282,0,45
7374,0,45
4785,0,45
5223,0,45
560,0,45
3925,0,45
8065,0,45
4144,0,45
2524,0,45
1954,0,45
7008,0,45
3225,0,45
4767,0,45
3824,0,45
9842,0,45
8662,0,45
686,0,45
9715,0,45
8981,0,45
6509,0,45
6505,0,45
8350,0,45
9858,0,45
934,0,45
9673,0,45
308,0,45
4559,0,45
6926,0,45
3873,0,45
2044,0,45
1849,0,45
5230,0,45
8826,0,45
2659,0,45
6606,0,45
9161,0,45
6592,0,45
1603,0,45
3283,0,45
5290,0,45
2820,0,45
7005,0,45
7745,0,45
9050,0,45
6161,0,45
3304,0,45
6377,0,45
3567,0,45
1158,0,45
6173,0,45
1023,0,45
2742,0,45
2253,0,45
1875,0,45
8305,0,45
5983,0,45
5835,0,45
3360,0,45
7292,0,45
6913,0,45
7584,0,45
4315,0,45
3815,0,45
7586,0,45
696,0,45
1686,0,45
5804,0,45
996,0,45
1346,0,45
809,0,45
8250,0,45
1265,0,45
7201,0,45
410,0,45
9919,0,45
2197,0,45
9376,0,45
5930,0,45
7738,0,45
4456,0,45
4191,0,45
8684,0,45
5753,0,45
7074,0,45
1404,0,45
452,0,45
6015,0,45
7136,0,45
2140,0,45
4482,0,45
5750,0,45
7578,0,45
6395,0,45
9613,0,45
7808,0,45
2809,0,45
7064,0,45
6889,0,45
4277,0,45
26,0,45
3118,0,45
8109,0,45
4933,0,45
4801,0,45
6371,0,45
9873,0,45
2761,0,45
5787,7,46
184,2,46
4672,3,46
9020,3,46
6243,6,46
8047,6,46
6011,3,46
9884,1,46
9993,7,46
3279,7,46
3750,7,46
9630,2,46
2427,2,46
2285,0,46
5761,0,46
4102,0,46
7254,0,46
4862,0,46
1379,0,46
7757,0,46
3555,0,46
5344,0,46
5683,0,46
1253,0,46
5707,0,46
5156,0,46
9174,0,46
5530,0,46
4307,0,46
2062,0,46
7359,0,46
433,0,46
9307,0,46
6420,0,46
5206,0,46
7697,0,46
8462,0,46
4748,0,46
2496,0,46
931,0,46
9667,0,46
3208,0,46
2483,0,46
1831,0,46
5362,0,46
9164,0,46
7849,0,46
1318,0,46
1000,0,46
7911,0,46
8739,0,46
7358,0,46
7263,0,46
5492,0,46
2840,0,46
8874,0,46
4643,0,46
7958,0,46
5034,0,46
3375,0,46
921,0,46
5003,0,46
966,0,46
8665,0,46
6180,0,46
8725,0,46
4992,0,46
1425,0,46
6471,0,46
9797,0,46
6238,0,46
9223,0,46
2332,0,46
4888,0,46
1732,0,46
5992,0,46
601,0,46
2471,0,46
7498,0,46
1301,0,46
556,0,46
4970,0,46
2740,0,46
8885,0,46
6641,0,46
6406,0,46
9313,0,46
653,0,46
2707,0,46
1026,0,46
4403,0,46
8399,0,46
4868,0,46
1931,0,46
4688,0,46
2266,0,46
7051,0,46
9229,0,46
9076,0,46
5642,0,46
7719,0,46
8056,0,46
6908,0,47
9751,6,47
5456,4,47
9332,1,47
2854,1,47
3705,7,47
6148,5,47
3156,0,47
2199,2,47
7792,3,47
1835,6,47
5739,6,47
7333,6,47
2223,4,47
6773,0,47
5314,0,47
1428,0,47
6401,0,47
4511,0,47
6774,0,47
3061,0,47
518,0,47
2526,0,47
6834,0,47
6335,0,47
9975,0,47
5087,0,47
6971,0,47
5602,0,47
1471,0,47
2401,0,47
1018,0,47
2900,0,47
6201,0,47
8771,0,47
8277,0,47
9563,0,47
2924,0,47
4497,0,47
4006,0,47
7660,0,47
5175,0,47
4736,0,47
302,0,47
5291,0,47
8376,0,47
5407,0,47
7176,0,47
8121,0,47
9760,0,47
5658,0,47
374,0,47
2485,0,47
948,0,47
5150,0,47
3114,0,47
9115,0,47
1940,0,47
2103,0,47
9521,0,47
9039,0,47
3628,0,47
1423,0,47
7702,0,47
9168,0,47
1122,0,47
4016,0,47
9043,0,47
9381,0,47
29,0,47
3897,0,47
321,0,47
8099,0,47
4280,0,47
3666,0,47
333,0,47
5054,0,47
4145,0,47
9688,0,47
585,0,47
6675,0,47
22,0,47
1507,0,47
8146,0,47
3247,0,47
8206,0,47
9144,0,47
6820,0,47
1886,0,47
1240,0,47
4025,0,47
1262,0,47
6605,0,47
7968,0,47
5212,0,47
6320,0,47
3492,0,47
6588,0,47
9795,0,47
9949,0,47
5874,0,47
2203,0,47
2928,0,47
2366,0,47
3664,0,47
6437,0,47
4318,0,47
2831,0,47
8743,0,47
6656,0,47
7404,0,47
3530,0,47
1851,0,47
3473,0,47
773,0,47
8454,0,47
9453,0,47
6452,0,47
8710,0,47
733,0,47
5294,0,47
7410,0,47
9550,0,47
7235,0,47
7587,0,47
7268,0,47
4793,0,47
4348,0,47
2654,0,47
4490,0,47
3603,0,47
7212,7,48
4664,5,48
9184,4,48
7148,4,48
8611,6,48
903,0,48
4197,3,48
9350,3,48
358,7,48
7066,7,48
1289,7,48
8895,5,48
8648,5,48
9931,5,48
5868,3,48
2032,0,48
7019,0,48
3598,0,48
1628,0,48
8567,0,48
6029,0,48
5785,0,48
3841,0,48
7603,0,48
7398,0,48
6232,0,48
8963,0,48
8856,0,48
7419,0,48
8367,0,48
6286,0,48
6939,0,48
1750,0,48
7403,0,48
392,0,48
5863,0,48
1727,0,48
8616,0,48
799,0,48
6611,0,48
5716,0,48
6653,0,48
8212,0,48
9153,0,48
5493,0,48
1524,0,48
1973,0,48
7516,0,48
5532,0,48
6057,0,48
384,0,48
4941,0,48
6912,0,48
7330,0,48
3066,0,48
6626,0,48
8369,0,48
5236,0,48
7165,0,48
8809,0,48
4808,0,48
5286,0,48
7167,0,48
9364,0,48
855,0,48
7576,0,48
3096,0,48
2512,0,48
9812,0,48
580,0,48
2676,0,48
6617,0,48
8605,0,48
4633,0,48
8420,0,48
475,0,48
9160,0,48
364,0,48
4679,0,48
9706,0,48
5062,0,48
8115,0,48
2595,0,48
8500,0,48
6339,0,48
2616,0,48
6122,0,48
5146,0,48
8387,0,48
2913,0,48
4752,0,48
2514,0,48
1517,0,48
2525,0,48
9450,0,48
5982,0,48
7589,0,48
7291,0,48
6255,0,48
3515,0,48
2910,0,48
9187,0,48
6650,0,48
3844,0,48
1331,2,49
1982,6,49
967,4,49
2397,3,49
1271,7,49
2515,5,49
5353,5,49
8745,4,49
1572,4,49
8447,0,49
2732,0,49
5852,0,49
3067,0,49
2648,0,49
1310,0,49
7389,0,49
9170,0,49
1670,0,49
2289,0,49
9042,0,49
4043,0,49
678,0,49
4609,0,49
1649,0,49
1491,0,49
5917,0,49
3765,0,49
5471,0,49
625,0,49
5875,0,49
8275,0,49
8990,0,49
607,0,49
5957,0,49
5058,0,49
2330,0,49
9690,0,49
1687,0,49
4861,0,49
199,0,49
2416,0,49
9976,0,49
3936,0,49
7192,0,49
3343,0,49
8200,0,49
8094,0,49
6013,0,49
9473,0,49
6203,0,49
3676,0,49
6533,0,49
4505,0,49
6417,0,49
3804,0,49
8603,0,49
2774,0,49
4731,0,49
787,0,49
3128,0,49
2767,0,49
3428,0,49
3045,0,49
1914,0,49
1202,0,49
8239,0,49
9243,0,49
4771,0,49
843,0,49
5210,0,49
4974,0,49
7542,0,49
9940,0,49
4075,0,49
6508,0,49
8869,0,49
8299,0,49
8527,0,49
5674,0,49
187,0,49
8961,0,49
974,0,49
4321,0,49
1748,0,49
8472,0,49
368,0,49
7417,0,49
6884,0,49
6637,0,49
3419,0,49
2520,0,49
6085,0,49
4961,0,49
6315,0,49
1163,0,49
7274,0,49
8433,0,49
2721,0,49
9090,0,49
269,0,49
9025,0,49
8405,0,49
2078,0,49
5272,0,49
5336,0,49
7681,0,49
2605,0,49
4383,0,49
5765,1,50
5901,2,50
8283,5,50
7090,7,50
2222,0,50
5458,6,50
4229,1,50
6936,1,50
3834,3,50
3646,3,50
7920,4,50
1864,4,50
6142,0,50
398,0,50
2561,0,50
6700,0,50
604,0,50
6875,0,50
1439,0,50
8143,0,50
3311,0,50
3466,0,50
3871,0,50
1822,0,50
2999,0,50
3582,0,50
180,0,50
1614,0,50
5494,0,50
480,0,50
9066,0,50
8487,0,50
2183,0,50
8207,0,50
5533,0,50
2963,0,50
1609,0,50
7080,0,50
3718,0,50
5441,0,50
1939,0,50
1654,0,50
9454,0,50
7538,0,50
7174,0,50
6254,0,50
5773,0,50
7251,0,50
9369,0,50
7329,0,50
8307,0,50
12,0,50
7734,0,50
7338,0,50
8101,0,50
9916,0,50
1421,0,50
5269,0,50
6847,0,50
1126,0,50
5074,0,50
1906,0,50
4867,0,50
4954,0,50
1245,0,50
7687,0,50
6134,0,50
8402,0,50
4638,0,50
2829,0,50
6425,0,50
546,0,50
5891,0,50
1238,0,50
2887,0,50
6735,0,50
4284,0,50
9019,0,50
517,0,50
8437,0,50
7783,0,50
3177,0,50
4842,0,50
2374,0,50
887,0,50
4566,0,50
1570,0,50
2864,0,50
3600,0,50
6476,0,50
9284,0,50
5747,0,50
2907,0,50
7062,0,50
3362,0,50
588,0,50
3553,0,50
6879,0,50
9585,0,50
9247,0,50
4032,0,50
3905,0,50
5120,0,50
3470,0,50
5497,0,50
3487,0,50
177,0,50
1502,0,50
6973,0,50
7592,0,50
1698,0,50
7337,0,50
3240,0,50
674,0,50
4296,0,50
8210,0,50
2270,0,50
7247,0,50
393,0,50
9692,5,51
6559,6,51
8948,6,51
4773,3,51
9980,0,51
6305,5,51
5261,1,51
3937,7,51
5468,4,51
3159,2,51
456,6,51
9707,6,51
4769,3,51
1137,3,51
5359,0,51
870,0,51
910,0,51
4622,0,51
7724,0,51
4880,0,51
8119,0,51
5035,0,51
9796,0,51
1159,0,51
7838,0,51
6080,0,51
7058,0,51
7365,0,51
6389,0,51
5346,0,51
33,0,51
7774,0,51
6780,0,51
7956,0,51
9947,0,51
3105,0,51
8523,0,51
6328,0,51
1417,0,51
1481,0,51
1505,0,51
2816,0,51
7302,0,51
7948,0,51
8252,0,51
7605,0,51
2111,0,51
9031,0,51
3576,0,51
6762,0,51
1534,0,51
9908,0,51
3760,0,51
80,0,51
4268,0,51
3458,0,51
251,0,51
1259,0,51
9091,0,51
1306,0,51
3319,0,51
2603,0,51
3926,0,51
3588,0,51
3060,0,51
3030,0,51
2481,0,51
7883,0,51
7876,0,51
6058,0,51
7458,0,51
5955,0,51
9069,0,51
8392,0,51
2464,0,51
6375,0,51
6271,0,51
4973,0,51
6647,0,51
9406,0,51
3740,0,51
6147,0,51
4620,0,51
3329,0,51
8922,0,51
7402,0,51
9325,0,51
6030,0,51
5098,0,51
1356,0,51
1291,0,51
5567,0,51
5148,0,51
2596,0,51
9808,0,51
373,0,51
9515,0,51
357,0,51
5634,0,51
9138,0,51
9282,0,51
1816,0,51
4912,0,51
7465,0,51
9403,0,51
2011,0,51
7777,0,51
8602,0,51
9393,0,51
6609,0,51
3441,0,51
9254,0,51
9874,0,51
3321,0,51
896,0,51
6969,0,51
7801,0,51
9905,0,51
2351,0,51
4556,7,52
5482,1,52
332,1,52
8880,7,52
3792,6,52
9614,2,52
9302,5,52
4645,4,52
4327,4,52
706,4,52
760,3,52
7568,3,52
3652,3,52
6295,4,52
8996,4,52
5991,0,52
6765,0,52
390,0,52
9681,0,52
5528,0,52
766,0,52
1526,0,52
3648,0,52
3507,0,52
3234,0,52
8052,0,52
5079,0,52
1824,0,52
2917,0,52
1583,0,52
3032,0,52
4349,0,52
7211,0,52
2321,0,52
4063,0,52
3842,0,52
8821,0,52
5349,0,52
1611,0,52
4416,0,52
4201,0,52
1145,0,52
9711,0,52
2592,0,52
9301,0,52
6873,0,52
4240,0,52
8804,0,52
1380,0,52
6367,0,52
4287,0,52
1247,0,52
5811,0,52
5986,0,52
3715,0,52
6561,0,52
5938,0,52
5459,0,52
478,0,52
3890,0,52
4171,0,52
7370,0,52
4271,0,52
8568,0,52
3558,0,52
3053,0,52
5670,0,52
1071,0,52
2725,0,52
5943,0,52
7486,0,52
9983,0,52
1765,0,52
1281,0,52
6902,0,52
8251,0,52
2436,0,52
7108,0,52
6214,0,52
7825,0,52
311,0,52
1101,0,52
536,0,52
3695,0,52
394,0,52
9317,0,52
2029,0,52
8166,0,52
6825,0,52
4462,0,52
4931,0,52
4440,0,52
5020,0,52
7261,0,52
9287,0,52
6219,0,52
4704,0,52
5565,0,52
7781,0,52
1148,0,52
8828,0,52
9260,0,52
2342,0,52
2048,0,52
2971,0,52
7988,0,52
1181,0,52
6934,0,52
1112,0,52
3154,0,52
9298,0,52
9034,0,52
9150,0,52
1182,0,52
6965,0,52
9649,0,52
8967,0,52
2371,7,53
7332,4,53
3769,3,53
8657,6,53
1955,6,53
4242,0,53
2370,2,53
328,2,53
1456,2,53
2025,5,53
5030,5,53
2597,7,53
9158,7,53
9326,3,53
6565,3,53
4129,7,53
2393,0,53
2055,0,53
7770,0,53
5809,0,53
4824,0,53
2035,0,53
7378,0,53
9446,0,53
2182,0,53
6946,0,53
6396,0,53
1675,0,53
2388,0,53
6776,0,53
7754,0,53
2449,0,53
3484,0,53
854,0,53
1542,0,53
3643,0,53
4552,0,53
6633,0,53
8589,0,53
237,0,53
1740,0,53
5032,0,53
4266,0,53
8656,0,53
9691,0,53
9539,0,53
8296,0,53
2823,0,53
6309,0,53
575,0,53
4812,0,53
1016,0,53
5397,0,53
6681,0,53
3523,0,53
2888,0,53
261,0,53
5584,0,53
6887,0,53
7488,0,53
6464,0,53
4957,0,53
5585,0,53
2061,0,53
8291,0,53
9555,0,53
2517,0,53
2316,0,53
212,0,53
9883,0,53
777,0,53
9516,0,53
248,0,53
8867,0,53
7824,0,53
382,0,53
8530,0,53
9738,0,53
8768,0,53
4619,0,53
3068,0,53
5317,0,53
6717,0,53
5680,0,53
1352,0,53
1551,0,53
3042,0,53
6817,0,53
9418,0,53
288,0,53
8953,0,53
786,0,53
2173,0,53
1349,0,53
1295,0,53
7356,0,53
7115,0,53
4493,0,53
4508,0,53
6607,0,53
7562,0,53
9175,0,53
2230,0,53
5579,0,53
6004,0,53
8785,0,53
5664,0,53
7275,0,53
9871,0,53
3488,0,53
6823,0,53
3007,0,53
8193,0,53
3512,0,53
842,0,53
92,0,53
121,0,53
6095,0,53
3189,0,53
8689,0,53
1169,4,54
2254,2,54
3927,3,54
3029,3,54
8854,0,54
6968,0,54
6387,0,54
9056,5,54
9720,5,54
1438,3,54
2262,3,54
7323,6,54
7508,4,54
9448,4,54
6083,2,54
9900,4,54
6047,0,54
4218,0,54
5455,0,54
6188,0,54
9888,0,54
3717,0,54
5709,0,54
8553,0,54
7015,0,54
5893,0,54
9882,0,54
8676,0,54
8702,0,54
1304,0,54
6581,0,54
7930,0,54
8502,0,54
4826,0,54
2530,0,54
8298,0,54
1696,0,54
6852,0,54
2962,0,54
9759,0,54
1,0,54
3047,0,54
7468,0,54
7820,0,54
2506,0,54
5999,0,54
8098,0,54
3569,0,54
3012,0,54
8554,0,54
1624,0,54
4071,0,54
6736,0,54
312,0,54
7987,0,54
4614,0,54
923,0,54
4849,0,54
8903,0,54
6440,0,54
1658,0,54
7865,0,54
9182,0,54
8614,0,54
7716,0,54
322,0,54
1879,0,54
2194,0,54
2978,0,54
4724,0,54
8613,0,54
5611,0,54
1414,0,54
1925,0,54
6433,0,54
1608,0,54
9834,0,54
8620,0,54
4865,0,54
4083,0,54
4420,0,54
3147,0,54
2274,0,54
1896,0,54
846,0,54
3625,0,54
5378,0,54
9958,0,54
4183,0,54
3901,0,54
4369,0,54
8455,0,54
4879,0,54
3268,0,54
8749,0,54
673,0,54
350,0,54
550,0,54
567,0,54
7101,0,54
1220,0,54
3953,0,54
853,0,54
8644,0,54
9480,0,54
1909,0,54
4074,0,54
594,7,55
3691,0,55
7208,0,55
6446,0,55
1547,5,55
7892,5,55
4863,4,55
1488,4,55
9844,6,55
5164,2,55
1267,3,55
4747,3,55
8959,0,55
2781,0,55
4794,0,55
6496,0,55
3778,0,55
6128,0,55
3870,0,55
1459,0,55
1513,0,55
6311,0,55
2229,0,55
4150,0,55
5312,0,55
5478,0,55
6176,0,55
1887,0,55
9620,0,55
9358,0,55
4754,0,55
5910,0,55
8646,0,55
6526,0,55
3135,0,55
4805,0,55
9857,0,55
1276,0,55
2336,0,55
3959,0,55
1270,0,55
2905,0,55
5905,0,55
8788,0,55
1225,0,55
590,0,55
7725,0,55
8682,0,55
2931,0,55
9498,0,55
1681,0,55
7880,0,55
8483,0,55
813,0,55
1335,0,55
453,0,55
6365,0,55
4401,0,55
8757,0,55
8188,0,55
367,0,55
2591,0,55
6759,0,55
6279,0,55
9782,0,55
3681,0,55
6746,0,55
4322,0,55
1880,0,55
6208,0,55
5962,0,55
3919,0,55
4820,0,55
8971,0,55
8870,0,55
901,0,55
1621,0,55
4913,0,55
1394,0,55
3082,0,55
676,0,55
7125,0,55
3179,0,55
559,0,55
9074,0,55
1050,0,55
4570,0,55
9511,0,55
5796,0,55
6615,0,55
3205,0,55
5946,0,55
4485,0,55
6206,0,55
9094,0,55
5203,0,55
8254,0,55
3752,0,55
8521,0,55
5130,0,55
4465,0,55
8721,0,55
9716,0,55
3028,0,55
7315,0,55
6862,0,55
618,0,55
8478,0,55
1728,0,55
323,0,55
1543,0,55
761,0,55
6100,0,55
9636,0,55
6291,0,55
527,0,55
7093,0,55
7285,0,55
5936,0,55
3550,0,55
8301,0,55
160,0,55
2382,0,55
8355,0,55
7384,0,55
4007,0,55
2923,5,56
5367,0,56
6703,7,56
7103,3,56
1878,4,56
5142,6,56
6839,2,56
7935,2,56
8541,7,56
5960,7,56
9765,4,56
1150,7,56
9679,0,56
5607,3,56
4921,4,56
2350,7,56
3682,0,56
7461,0,56
7553,0,56
3932,0,56
8772,0,56
5310,0,56
785,0,56
1713,0,56
2925,0,56
5666,0,56
4034,0,56
8861,0,56
5708,0,56
3590,0,56
5197,0,56
9085,0,56
8182,0,56
4480,0,56
3404,0,56
2027,0,56
6778,0,56
748,0,56
8734,0,56
8989,0,56
2975,0,56
5364,0,56
6269,0,56
3604,0,56
6149,0,56
8344,0,56
4711,0,56
43,0,56
4766,0,56
2491,0,56
3729,0,56
2798,0,56
5485,0,56
8818,0,56
7964,0,56
9101,0,56
1883,0,56
2498,0,56
7363,0,56
172,0,56
414,0,56
4409,0,56
5830,0,56
8701,0,56
5355,0,56
3151,0,56
6297,0,56
2278,0,56
6431,0,56
8944,0,56
2834,0,56
7385,0,56
9868,0,56
2045,0,56
4895,0,56
746,0,56
4192,0,56
8480,0,56
1049,0,56
4038,0,56
781,0,56
1951,0,56
798,0,56
5894,0,56
8348,0,56
1171,0,56
6584,0,56
2356,0,56
5543,0,56
2373,0,56
7703,0,56
2658,0,56
8441,0,56
4293,0,56
9615,0,56
6598,0,56
8322,0,56
4782,0,56
4953,0,56
4019,0,56
6757,0,56
3148,0,56
532,0,56
8191,0,56
4052,0,56
4531,0,56
4583,0,56
9506,0,56
6049,0,56
5182,0,56
7895,0,56
9285,0,56
9012,0,56
298,0,56
4859,0,56
8347,0,56
5719,0,56
6532,0,56
1897,0,56
5365,0,56
8021,0,56
617,0,56
1876,0,56
7086,0,56
6719,0,56
5395,0,56
4809,0,56
6071,0,56
2822,0,56
879,0,56
105,0,56
5132,0,56
8599,0,56
9241,0,56
859,0,56
611,0,56
7700,0,56
3580,0,56
406,0,56
7643,0,56
9527,7,57
3288,0,57
6842,6,57
3561,6,57
8978,4,57
8604,4,57
4598,4,57
6818,2,57
4430,2,57
149,7,57
1339,7,57
491,7,57
9702,7,57
7082,7,57
4109,7,57
8411,7,57
6998,7,57
9740,7,57
2551,4,57
654,7,57
2161,4,57
8479,7,57
7755,0,57
2288,0,57
8943,0,57
8038,0,57
5967,0,57
1530,0,57
4612,0,57
8316,0,57
471,0,57
4949,0,57
3814,0,57
6530,0,57
4994,0,57
597,0,57
2758,0,57
7345,0,57
5045,0,57
1402,0,57
8882,0,57
6333,0,57
2777,0,57
8868,0,57
5461,0,57
5139,0,57
5845,0,57
3479,0,57
8340,0,57
8293,0,57
8368,0,57
1716,0,57
5621,0,57
9536,0,57
6695,0,57
3572,0,57
2745,0,57
4977,0,57
8006,0,57
9420,0,57
6811,0,57
6997,0,57
8380,0,57
9353,0,57
241,0,57
1869,0,57
7,0,57
6019,0,57
9952,0,57
6060,0,57
3316,0,57
5495,0,57
3520,0,57
2226,0,57
4184,0,57
5924,0,57
1853,0,57
3209,0,57
3325,0,57
1376,0,57
9001,0,57
7050,0,57
6131,0,57
9850,0,57
5628,0,57
5755,0,57
5637,0,57
9685,0,57
9659,0,57
8095,0,57
1001,0,57
4060,0,57
8044,0,57
7886,0,57
3677,0,57
2095,0,57
6372,0,57
8049,0,57
1912,0,57
422,0,57
8823,0,57
4582,0,57
7269,0,57
5011,0,57
9422,0,57
8,0,57
3009,0,57
2264,0,57
1743,0,57
3265,0,57
7476,0,57
1848,0,57
4656,0,57
1234,0,57
2277,0,57
907,0,57
8570,0,57
9028,0,57
9579,0,57
3671,0,57
1993,1,58
6648,7,58
9639,5,58
8518,2,58
2439,6,58
9853,6,58
1575,0,58
7709,0,58
7647,0,58
9100,3,58
4780,3,58
13,3,58
5855,7,58
6928,7,58
2207,7,58
765,7,58
755,7,58
4021,7,58
5066,7,58
6993,7,58
1926,0,58
4039,0,58
1554,0,58
8522,0,58
4054,0,58
8708,0,58
4732,0,58
380,0,58
7098,0,58
9508,0,58
2608,0,58
141,0,58
9346,0,58
1747,0,58
6411,0,58
2077,0,58
8883,0,58
8601,0,58
8562,0,58
9123,0,58
8067,0,58
6281,0,58
8572,0,58
7495,0,58
6107,0,58
6664,0,58
7270,0,58
1290,0,58
2131,0,58
1162,0,58
3900,0,58
7145,0,58
7478,0,58
8593,0,58
2566,0,58
4526,0,58
4282,0,58
8090,0,58
2392,0,58
4579,0,58
1937,0,58
5300,0,58
2703,0,58
8063,0,58
4707,0,58
9632,0,58
7114,0,58
5734,0,58
2619,0,58
2322,0,58
7197,0,58
8988,0,58
9875,0,58
6199,0,58
3851,0,58
9777,0,58
3922,0,58
6247,0,58
167,0,58
7491,0,58
1788,0,58
4376,0,58
9400,0,58
9186,0,58
204,0,58
1977,0,58
4667,0,58
7004,0,58
7845,0,58
5166,0,58
8068,0,58
6594,0,58
1437,0,58
409,0,58
4167,0,58
1674,0,58
965,0,58
2086,0,58
3680,0,58
6836,0,58
7289,0,58
1576,0,58
1011,0,58
1442,0,58
4444,0,58
1065,0,58
5713,0,58
1989,0,58
578,0,58
8655,0,58
1420,0,58
952,0,58
8579,0,58
7686,0,58
3622,0,58
4499,0,58
2617,0,58
2214,0,58
7260,0,58
9219,4,59
7156,3,59
5363,7,59
8013,0,59
3899,2,59
623,2,59
1814,4,59
970,4,59
5288,3,59
1832,3,59
5870,0,59
6227,0,59
9718,0,59
542,0,59
1461,0,59
6397,0,59
7713,0,59
2423,0,59
268,0,59
7704,0,59
7636,0,59
4344,0,59
7853,0,59
6848,0,59
7038,0,59
256,0,59
7671,0,59
5615,0,59
6520,0,59
8073,0,59
6129,0,59
1232,0,59
5536,0,59
5488,0,59
4796,0,59
574,0,59
5002,0,59
7669,0,59
8900,0,59
4807,0,59
4389,0,59
8471,0,59
2286,0,59
3130,0,59
2189,0,59
7952,0,59
7694,0,59
7772,0,59
6714,0,59
2875,0,59
4829,0,59
5767,0,59
1506,0,59
3875,0,59
2365,0,59
6516,0,59
7214,0,59
9414,0,59
3315,0,59
3255,0,59
1927,0,59
3989,0,59
8688,0,59
5625,0,59
4936,0,59
6235,0,59
2645,0,59
9356,0,59
7662,0,59
3807,0,59
986,0,59
9209,0,59
9112,0,59
7039,0,59
2677,0,59
7651,0,59
1196,0,59
2883,0,59
3086,0,59
3001,0,59
8138,0,59
3038,0,59
632,0,59
2124,0,59
4429,0,59
5000,0,59
6638,0,59
7909,0,59
334,0,59
2239,0,59
8896,0,59
5057,0,59
1862,0,59
4572,0,59
8942,0,59
918,0,59
5529,0,59
8215,0,59
8596,4,60
929,4,60
4362,5,60
4905,2,60
309,0,60
1953,1,60
4143,4,60
3758,4,60
6197,4,60
516,3,60
4654,4,60
5345,0,60
3425,0,60
1956,0,60
3471,0,60
7113,0,60
6494,0,60
5429,0,60
5273,0,60
233,0,60
4370,0,60
3272,0,60
4874,0,60
6205,0,60
6265,0,60
8434,0,60
596,0,60
279,0,60
366,0,60
7284,0,60
6304,0,60
9007,0,60
3699,0,60
242,0,60
7452,0,60
1573,0,60
7229,0,60
6266,0,60
3133,0,60
6705,0,60
7287,0,60
8145,0,60
6627,0,60
8954,0,60
8508,0,60
3289,0,60
4646,0,60
86,0,60
7991,0,60
5777,0,60
8884,0,60
5693,0,60
2085,0,60
9973,0,60
3943,0,60
7581,0,60
5216,0,60
3719,0,60
1027,0,60
5860,0,60
4525,0,60
7835,0,60
8080,0,60
7349,0,60
6568,0,60
5751,0,60
2539,0,60
3131,0,60
620,0,60
4058,0,60
4871,0,60
8427,0,60
2501,0,60
7693,0,60
9774,0,60
4916,0,60
7877,0,60
2627,0,60
824,0,60
2499,0,60
2192,0,60
6952,0,60
8032,0,60
5918,0,60
8358,0,60
1120,0,60
2056,0,60
2380,0,60
3813,0,60
1473,0,60
4334,0,60
2837,0,60
5174,0,60
5548,0,60
9590,0,60
4901,0,60
6415,0,60
4663,0,60
4449,0,60
3980,0,60
4924,0,60
4982,0,60
5258,0,60
8445,0,60
8321,0,60
5489,0,60
7729,0,60
8087,0,60
6007,0,60
217,0,60
3535,0,60
2750,0,60
3864,0,60
4361,0,60
71,0,60
5225,0,60
2384,0,60
6490,0,60
1622,0,60
3094,0,60
7575,0,60
226,0,60
8362,0,60
9354,0,60
6078,4,61
7696,6,61
1460,6,61
6252,0,61
1444,1,61
3233,7,61
2748,7,61
1435,2,61
3249,5,61
6443,5,61
5762,3,61
4746,3,61
59,3,61
7672,3,61
2763,3,61
6162,4,61
6250,0,61
4540,3,61
5183,4,61
3190,0,61
3881,0,61
9349,0,61
3950,0,61
4165,0,61
9459,0,61
8220,0,61
9798,0,61
2655,0,61
6264,0,61
8414,0,61
9070,0,61
3482,0,61
4580,0,61
3591,0,61
4918,0,61
2238,0,61
9296,0,61
5450,0,61
17,0,61
4889,0,61
2065,0,61
7379,0,61
3160,0,61
4317,0,61
2899,0,61
7012,0,61
3728,0,61
5487,0,61
9185,0,61
1976,0,61
9708,0,61
5415,0,61
2633,0,61
2234,0,61
5591,0,61
4447,0,61
5380,0,61
5335,0,61
6906,0,61
6241,0,61
8751,0,61
6587,0,61
1768,0,61
8361,0,61
9920,0,61
5869,0,61
8511,0,61
4040,0,61
5424,0,61
3476,0,61
8481,0,61
7569,0,61
6636,0,61
9165,0,61
3933,0,61
4076,0,61
5313,0,61
9395,0,61
3564,0,61
7913,0,61
284,0,61
1515,0,61
3048,0,61
1556,0,61
8403,0,61
1195,0,61
3527,0,61
8803,0,61
5171,0,61
6616,0,61
7238,0,61
7259,0,61
6523,0,61
6359,0,61
6958,0,61
605,0,61
5788,0,61
8421,0,61
9002,0,61
6169,0,61
383,0,61
6498,0,61
1700,0,61
6989,0,61
1539,0,61
4795,0,61
9591,0,61
3141,0,61
8274,0,61
7978,0,61
1827,0,61
3779,0,61
5819,0,61
2473,0,61
4705,0,61
1457,0,61
4632,0,61
7310,0,61
8136,0,61
5660,0,61
831,0,61
8658,0,61
8465,0,61
1409,0,61
2698,0,61
2669,0,61
3140,0,61
8440,2,62
5851,4,62
7836,4,62
5861,7,62
1186,5,62
7110,5,62
993,1,62
7472,3,62
7804,3,62
3374,0,62
6981,0,62
4860,0,62
9177,4,62
3111,4,62
2004,4,62
9501,4,62
5506,1,62
8008,4,62
4250,0,62
8550,0,62
1133,0,62
7874,0,62
8976,0,62
893,0,62
7505,0,62
3962,0,62
6911,0,62
9927,0,62
2076,0,62
3310,0,62
4338,0,62
5110,0,62
792,0,62
5541,0,62
8435,0,62
9650,0,62
7850,0,62
8265,0,62
5895,0,62
7445,0,62
4925,0,62
6721,0,62
2844,0,62
4227,0,62
2895,0,62
7558,0,62
9693,0,62
6943,0,62
1714,0,62
4471,0,62
3789,0,62
1910,0,62
679,0,62
2244,0,62
6831,0,62
9479,0,62
4757,0,62
4884,0,62
4396,0,62
6363,0,62
5101,0,62
4751,0,62
4417,0,62
2587,0,62
651,0,62
7933,0,62
3756,0,62
7216,0,62
113,0,62
5226,0,62
8764,0,62
3450,0,62
294,0,62
6696,0,62
8691,0,62
7158,0,62
511,0,62
9686,0,62
7790,0,62
207,0,62
3697,0,62
7132,0,62
3571,0,62
988,0,62
2922,0,62
2749,0,62
9481,0,62
9484,0,62
6385,0,62
3967,0,62
3693,0,62
5295,0,62
327,0,62
7138,0,62
3829,0,62
3044,0,62
7430,0,62
6646,0,62
5947,0,62
4617,0,62
7352,0,62
9494,0,62
5859,0,62
9062,0,62
7129,0,62
4428,0,62
1766,0,62
3802,0,62
2735,0,62
7084,0,62
6272,0,62
6557,0,62
8449,0,62
7778,0,62
8780,0,62
6075,0,62
6996,0,62
2941,0,62
8492,5,63
3017,5,63
9552,0,63
8792,5,63
1052,5,63
5705,7,63
4694,7,63
6143,3,63
6813,4,63
8904,1,63
6170,2,63
4049,4,63
789,4,63
9159,4,63
999,7,63
7371,4,63
3948,7,63
9211,0,63
8876,0,63
9914,0,63
5491,0,63
5754,0,63
2372,0,63
6955,0,63
718,0,63
626,0,63
7453,0,63
4283,0,63
1046,0,63
4124,0,63
9959,0,63
731,0,63
941,0,63
9528,0,63
827,0,63
3174,0,63
8894,0,63
1450,0,63
1308,0,63
460,0,63
5974,0,63
2489,0,63
6242,0,63
1680,0,63
5569,0,63
1598,0,63
7294,0,63
2662,0,63
6856,0,63
587,0,63
1241,0,63
4384,0,63
747,0,63
1005,0,63
6115,0,63
2778,0,63
5862,0,63
1892,0,63
4692,0,63
3710,0,63
7344,0,63
7265,0,63
8820,0,63
6322,0,63
5756,0,63
8575,0,63
2295,0,63
4755,0,63
1482,0,63
2115,0,63
2961,0,63
1763,0,63
3522,0,63
8015,0,63
1108,0,63
8060,0,63
1958,0,63
4123,0,63
5661,0,63
8122,0,63
577,0,63
8893,0,63
5388,0,63
7182,0,63
8993,0,63
2908,0,63
3020,0,63
5617,0,63
1950,0,63
5337,0,63
1041,0,63
7423,0,63
5724,0,63
8529,0,63
3557,0,63
431,0,63
9055,0,63
9221,0,63
9384,0,63
3248,0,63
5462,0,63
4576,0,63
6878,0,63
2190,0,63
1540,0,63
1808,0,63
3455,0,63
7896,0,63
6121,0,63
4055,0,63
7805,0,63
1642,0,63
6784,0,63
4110,0,63
4164,0,63
4214,0,63
1317,0,63
3353,0,63
4044,0,63
5167,0,63
3944,0,63
9734,0,63
9530,0,63
415,0,63
2353,0,63
6891,0,63
5224,0,63
1483,0,63
3052,0,63
6229,0,63
91,0,63
1368,0,63
3227,0,63
9546,0,63
1987,0,63
7612,0,63
4258,0,63
4070,0,63
2492,0,63
6859,0,63
7826,0,63
6133,0,63
1737,0,63
2249,0,63
7650,0,63
1233,0,63
1489,0,63
9911,0,63
5692,0,63
7552,2,64
2663,6,64
2964,2,64
2280,0,64
412,4,64
6574,6,64
4806,1,64
3795,3,64
8761,7,64
5350,5,64
2123,0,64
576,0,64
8956,0,64
4149,0,64
4094,0,64
9155,0,64
2022,0,64
6507,0,64
9742,0,64
2087,0,64
3786,0,64
5341,0,64
4833,0,64
8913,0,64
6178,0,64
27,0,64
2691,0,64
8951,0,64
2646,0,64
8619,0,64
9674,0,64
3711,0,64
526,0,64
4987,0,64
5373,0,64
5064,0,64
7170,0,64
5251,0,64
1552,0,64
7546,0,64
8775,0,64
3397,0,64
5068,0,64
644,0,64
9912,0,64
9979,0,64
6992,0,64
1891,0,64
4064,0,64
664,0,64
7264,0,64
2634,0,64
5573,0,64
4726,0,64
3373,0,64
4093,0,64
4255,0,64
2980,0,64
2995,0,64
7912,0,64
1749,0,64
7181,0,64
2954,0,64
196,0,64
6855,0,64
1792,0,64
6919,0,64
8582,0,64
6652,0,64
1525,0,64
9574,0,64
9982,0,64
2395,0,64
118,0,64
6164,0,64
9995,0,64
7611,0,64
9122,0,64
1406,0,64
8663,0,64
9294,0,64
3185,0,64
8314,0,64
1744,0,64
894,0,64
3317,0,64
6101,0,64
1219,0,64
3415,0,64
3723,0,64
5114,0,64
8310,0,64
4927,0,64
482,0,64
6665,0,64
497,0,64
1485,0,64
2450,0,64
2806,0,64
1043,0,64
6076,0,64
2702,0,64
2670,0,64
4345,0,64
1612,0,64
2106,0,64
1834,2,65
946,0,65
4097,4,65
4188,3,65
186,1,65
9675,5,65
438,6,65
1759,7,65
4193,1,65
9014,1,65
7512,3,65
4089,0,65
5242,0,65
3115,0,65
8617,0,65
6383,0,65
3357,0,65
9946,0,65
3483,0,65
3300,0,65
9104,0,65
3328,0,65
6844,0,65
5856,0,65
693,0,65
909,0,65
9310,0,65
2847,0,65
2315,0,65
7831,0,65
9699,0,65
3614,0,65
4535,0,65
5340,0,65
7118,0,65
150,0,65
5688,0,65
3657,0,65
9180,0,65
1943,0,65
1080,0,65
9299,0,65
9815,0,65
8189,0,65
7807,0,65
8811,0,65
507,0,65
8352,0,65
8394,0,65
6669,0,65
9869,0,65
4259,0,65
7446,0,65
53,0,65
5430,0,65
317,0,65
5987,0,65
8339,0,65
6175,0,65
4562,0,65
2261,0,65
4200,0,65
6483,0,65
4228,0,65
4653,0,65
4635,0,65
7220,0,65
7705,0,65
3495,0,65
6409,0,65
6543,0,65
7010,0,65
5952,0,65
666,0,65
4352,0,65
4237,0,65
8475,0,65
4310,0,65
4738,0,65
8448,0,65
5577,0,65
7710,0,65
9730,0,65
5008,0,65
997,0,65
1635,0,65
7996,0,65
6354,0,65
8233,0,65
9341,0,65
263,0,65
6643,0,65
314,0,65
7469,0,65
5523,0,65
9893,0,65
4584,0,65
1553,0,65
4441,0,65
6728,0,65
1039,0,65
96,0,65
6059,0,65
9769,0,65
6216,0,65
219,0,65
3965,0,65
2456,0,65
6745,0,65
8878,0,65
4915,0,65
7297,0,65
4357,0,65
2053,0,65
9145,0,65
4382,0,65
6126,0,65
8383,0,65
2290,0,65
9108,0,65
2168,0,65
5743,0,65
8228,0,65
3480,0,65
2886,0,65
1397,0,65
2133,0,65
7859,0,65
3266,0,65
7549,0,65
2409,0,65
2437,0,65
6907,0,65
5235,0,65
1978,2,66
1385,0,66
6642,6,66
3751,1,66
6213,2,66
3093,3,66
9710,3,66
4578,3,66
4174,3,66
2424,3,66
3253,7,66
2224,0,66
9768,0,66
3091,0,66
1116,0,66
6882,0,66
2047,0,66
600,0,66
7566,0,66
4789,0,66
1045,0,66
3941,0,66
4772,0,66
1905,0,66
2967,0,66
633,0,66
266,0,66
8382,0,66
6042,0,66
8507,0,66
1738,0,66
5651,0,66
1360,0,66
5749,0,66
8524,0,66
1783,0,66
8995,0,66
1568,0,66
8311,0,66
2462,0,66
815,0,66
7466,0,66
7104,0,66
1963,0,66
1326,0,66
9235,0,66
3040,0,66
6445,0,66
9789,0,66
8736,0,66
2797,0,66
6196,0,66
6113,0,66
1529,0,66
877,0,66
8610,0,66
330,0,66
5451,0,66
5463,0,66
3869,0,66
1544,0,66
215,0,66
1918,0,66
4899,0,66
1048,0,66
8807,0,66
5934,0,66
5614,0,66
5966,0,66
5185,0,66
2857,0,66
5188,0,66
5502,0,66
4662,0,66
4079,0,66
6428,0,66
695,0,66
6449,0,66
6104,0,66
3517,0,66
2396,0,66
2612,0,66
4864,0,66
9764,0,66
5697,0,66
3073,0,66
3442,0,66
5816,0,66
2337,0,66
9929,0,66
4251,0,66
6495,0,66
7736,0,66
7679,0,66
9374,0,66
6066,0,66
627,0,66
396,0,66
3825,0,66
76,0,66
6655,0,66
11,0,66
8499,0,66
9336,0,66
3142,0,66
4489,0,66
1868,0,66
6677,0,66
7645,0,66
2787,0,66
5246,0,66
7221,2,67
8843,3,67
9114,3,67
6828,3,67
8952,6,67
5551,6,67
7483,4,67
8279,4,67
5037,7,67
2026,7,67
6262,5,67
2202,5,67
8669,7,67
5440,7,67
6806,7,67
7253,7,67
8430,7,67
3241,7,67
9147,7,67
9779,7,67
9664,7,67
960,7,67
2143,7,67
8231,7,67
2081,7,67
5682,1,67
5253,3,67
891,7,67
8081,0,67
9360,0,67
1476,0,67
6151,0,67
549,0,67
9345,0,67
2927,0,67
7747,0,67
3634,0,67
7067,0,67
8723,0,67
5021,0,67
6342,0,67
1492,0,67
7711,0,67
6601,0,67
8351,0,67
1947,0,67
5554,0,67
9309,0,67
8737,0,67
983,0,67
724,0,67
2997,0,67
5402,0,67
7065,0,67
8877,0,67
3686,0,67
1236,0,67
6867,0,67
7915,0,67
429,0,67
2023,0,67
1712,0,67
810,0,67
174,0,67
8238,0,67
211,0,67
1745,0,67
6275,0,67
5191,0,67
2051,0,67
4553,0,67
4930,0,67
7625,0,67
4753,0,67
5522,0,67
8209,0,67
2765,0,67
2408,0,67
656,0,67
9586,0,67
6172,0,67
4523,0,67
1269,0,67
1811,0,67
9120,0,67
4186,0,67
5648,0,67
5083,0,67
6321,0,67
1742,0,67
630,0,67
6285,0,67
3987,0,67
7119,0,67
2443,0,67
6702,0,67
9890,0,67
6296,0,67
2959,0,67
4554,0,67
63,0,67
1324,0,67
7635,0,67
5897,0,67
454,0,67
3812,0,67
9631,0,67
660,0,67
4477,0,67
442,0,67
3206,0,67
4301,0,67
2585,0,67
8566,0,67
1962,0,67
3485,0,67
8738,0,67
9252,0,67
8966,0,67
3054,0,67
6154,0,67
1413,0,67
5985,0,67
2868,0,67
3827,0,67
6094,0,67
7152,0,67
5220,0,67
4003,0,67
8819,0,67
3645,0,67
3153,0,67
2422,0,67
7559,0,67
5014,0,67
873,0,67
4464,0,67
9942,2,68
4413,2,68
2172,5,68
7042,1,68
5745,4,68
6982,0,68
4116,2,68
9595,3,68
4628,7,68
7369,7,68
7646,5,68
4224,5,68
6268,4,68
3618,4,68
9442,4,68
2796,4,68
9737,4,68
6957,7,68
3780,4,68
7797,7,68
34,4,68
1390,7,68
8639,4,68
3945,7,68
232,4,68
2210,7,68
505,4,68
4834,7,68
9194,2,68
3784,4,68
905,7,68
4081,0,68
1787,0,68
2160,0,68
3197,0,68
9872,0,68
9092,0,68
3162,0,68
3903,0,68
1006,0,68
6713,0,68
7016,0,68
14,0,68
7043,0,68
3201,0,68
5831,0,68
6524,0,68
2989,0,68
1092,0,68
9994,0,68
2324,0,68
8494,0,68
1403,0,68
1718,0,68
8652,0,68
8263,0,68
4541,0,68
5758,0,68
1657,0,68
7561,0,68
6022,0,68
6744,0,68
5503,0,68
8975,0,68
2142,0,68
2952,0,68
2855,0,68
1776,0,68
904,0,68
2557,0,68
2790,0,68
3384,0,68
5243,0,68
2594,0,68
3977,0,68
6347,0,68
2746,0,68
2713,0,68
6602,0,68
1692,0,68
3305,0,68
8199,0,68
5013,0,68
6742,0,68
2639,0,68
5902,0,68
4585,0,68
4995,0,68
8431,0,68
9985,0,68
8439,0,68
459,0,68
9434,0,68
2782,0,68
3894,0,68
1493,0,68
1561,0,68
5071,0,68
1422,0,68
3318,0,68
1034,0,68
5837,0,68
615,0,68
6500,0,68
1266,0,68
5199,0,68
4351,0,68
3334,0,68
6317,0,68
2091,0,68
9249,0,68
102,0,68
3679,0,68
6531,0,68
1134,0,68
7816,0,68
8424,0,68
1479,0,68
5123,0,68
8927,0,68
5005,0,68
9587,0,68
8875,0,68
973,0,68
1652,0,68
2807,0,68
9251,0,68
276,0,68
9783,0,68
1959,0,68
6706,0,68
3684,0,68
8991,0,68
775,0,68
8673,0,68
6324,0,68
8790,0,68
2474,0,68
6287,0,68
5252,0,68
6108,0,68
214,0,68
9986,0,68
3655,0,68
7763,0,68
3210,6,69
2469,3,69
6519,5,69
8022,1,69
4962,7,69
4965,7,69
8686,6,69
5649,6,69
504,3,69
5423,3,69
5517,5,69
911,5,69
1069,5,69
6439,4,69
4346,0,69
2808,0,69
3055,0,69
6909,0,69
675,0,69
3023,0,69
2764,0,69
959,0,69
4946,0,69
5959,0,69
9493,0,69
5795,0,69
9368,0,69
4248,0,69
2135,0,69
7840,0,69
2589,0,69
8714,0,69
3516,0,69
5268,0,69
7514,0,69
9540,0,69
1279,0,69
951,0,69
4904,0,69
2708,0,69
3500,0,69
6325,0,69
9047,0,69
8777,0,69
7225,0,69
7907,0,69
4502,0,69
768,0,69
5256,0,69
5065,0,69
4521,0,69
1477,0,69
9569,0,69
4260,0,69
2132,0,69
3084,0,69
2949,0,69
3519,0,69
1230,0,69
7147,0,69
6954,0,69
3182,0,69
4661,0,69
9790,0,69
5853,0,69
2001,0,69
3961,0,69
5116,0,69
2233,0,69
4512,0,69
6487,0,69
9666,0,69
5826,0,69
2736,0,69
1996,0,69
8079,0,69
159,0,69
825,0,69
6658,0,69
7919,0,69
8192,0,69
8078,0,69
3358,0,69
643,0,69
2433,0,69
3848,0,69
5213,0,69
7823,0,69
5836,0,69
3155,0,69
8415,0,69
3942,0,69
9963,0,69
1662,0,69
4625,0,69
2402,0,69
3808,0,69
1465,0,69
6050,0,69
5701,0,69
6692,0,69
612,0,69
9061,0,69
4577,0,69
7839,0,69
8371,0,69
8926,0,69
5627,0,69
2667,0,69
4363,0,69
795,0,69
3999,0,69
7743,0,69
297,0,69
4476,0,69
6518,0,69
8005,0,69
4412,0,69
2339,0,69
6207,0,69
1494,0,69
2998,0,69
4078,0,69
370,0,69
1333,0,69
2503,0,69
7995,0,69
7409,0,69
7343,0,69
8585,0,69
3366,0,69
5521,0,69
3286,0,69
1375,0,69
5828,0,69
3531,3,70
4709,5,70
3090,0,70
7833,7,70
6183,7,70
8517,7,70
3297,3,70
6510,3,70
2692,3,70
6228,5,70
4853,5,70
5681,5,70
7927,5,70
1844,4,70
5484,0,70
5555,0,70
3743,0,70
7961,0,70
7861,0,70
9642,0,70
8980,0,70
6249,0,70
6065,0,70
4634,0,70
9077,0,70
2738,0,70
6525,0,70
36,0,70
8028,0,70
8558,0,70
4574,0,70
3947,0,70
7111,0,70
9157,0,70
3215,0,70
1455,0,70
5209,0,70
8850,0,70
4095,0,70
6895,0,70
8018,0,70
2930,0,70
802,0,70
3346,0,70
6575,0,70
2547,0,70
7884,0,70
3528,0,70
97,0,70
4297,0,70
621,0,70
6920,0,70
8833,0,70
1274,0,70
3403,0,70
424,0,70
3242,0,70
7918,0,70
8140,0,70
4689,0,70
6185,0,70
3229,0,70
2219,0,70
9523,0,70
9948,0,70
1754,0,70
9684,0,70
5389,0,70
5981,0,70
5374,0,70
4934,0,70
5445,0,70
8041,0,70
7560,0,70
9322,0,70
6308,0,70
2072,0,70
6257,0,70
4848,0,70
3409,0,70
4546,0,70
2360,0,70
1275,0,70
3539,0,70
5091,0,70
5324,0,70
6105,0,70
3212,0,70
6117,0,70
7061,0,70
1678,0,70
9035,0,70
2003,0,70
5325,0,70
2647,0,70
3992,0,70
7666,0,70
5475,0,70
3371,0,70
137,0,70
161,0,70
9456,0,70
4091,0,70
7421,0,70
1516,0,70
2156,0,70
7094,0,70
7007,0,70
4212,0,70
7822,0,70
4406,0,70
2271,0,70
9645,0,70
5509,0,70
2326,0,70
2794,0,70
1668,0,70
9051,0,70
5665,0,70
4328,0,70
7582,0,70
8808,0,70
9556,6,71
7009,6,71
8763,4,71
2309,4,71
2614,5,71
2452,7,71
9776,3,71
638,2,71
2609,0,71
5867,0,71
427,4,71
4560,3,71
3169,4,71
4208,3,71
3665,4,71
2127,0,71
1606,3,71
9728,4,71
6466,7,71
1760,0,71
2375,0,71
9951,0,71
7205,0,71
5331,0,71
1968,0,71
9323,0,71
2102,0,71
7544,0,71
9721,0,71
3914,0,71
7198,0,71
6608,0,71
5266,0,71
9315,0,71
900,0,71
9663,0,71
3035,0,71
595,0,71
6729,0,71
3277,0,71
9329,0,71
4851,0,71
4878,0,71
1004,0,71
6816,0,71
2700,0,71
4323,0,71
7079,0,71
4856,0,71
8184,0,71
1249,0,71
7375,0,71
543,0,71
9827,0,71
6082,0,71
4770,0,71
2090,0,71
5909,0,71
8962,0,71
933,0,71
1821,0,71
4685,0,71
6408,0,71
122,0,71
1369,0,71
4626,0,71
3651,0,71
7640,0,71
4524,0,71
6079,0,71
863,0,71
1384,0,71
4759,0,71
1313,0,71
56,0,71
5128,0,71
5888,0,71
2014,0,71
4158,0,71
2212,0,71
404,0,71
3543,0,71
6821,0,71
6978,0,71
7232,0,71
3490,0,71
9568,0,71
9843,0,71
2679,0,71
5790,0,71
1774,0,71
7744,0,71
8183,0,71
1901,0,71
2862,0,71
8781,0,71
8398,0,71
6841,0,71
9096,0,71
5601,0,71
1836,0,71
2092,0,71
6356,0,71
4410,0,71
9280,0,71
7448,0,71
5124,0,71
1427,0,71
4135,0,71
9178,0,71
4014,4,72
571,1,72
6453,7,72
7898,2,72
7353,5,72
2176,6,72
4139,3,72
4640,0,72
5420,0,72
3365,4,72
3935,0,72
5842,4,72
5263,7,72
4101,0,72
5570,0,72
1825,0,72
5063,0,72
7440,0,72
9517,0,72
4840,0,72
3861,0,72
8608,0,72
4636,0,72
4881,0,72
1677,0,72
8089,0,72
6021,0,72
6688,0,72
8724,0,72
6418,0,72
2406,0,72
9545,0,72
8485,0,72
4246,0,72
1283,0,72
6585,0,72
5024,0,72
6612,0,72
1419,0,72
1282,0,72
1472,0,72
9048,0,72
9723,0,72
9969,0,72
8280,0,72
430,0,72
6344,0,72
980,0,72
7910,0,72
8968,0,72
5332,0,72
1193,0,72
4267,0,72
7250,0,72
3678,0,72
7020,0,72
85,0,72
3902,0,72
5527,0,72
8365,0,72
6962,0,72
6566,0,72
1837,0,72
7901,0,72
5302,0,72
6685,0,72
9008,0,72
812,0,72
593,0,72
52,0,72
2919,0,72
8331,0,72
338,0,72
9566,0,72
1938,0,72
2267,0,72
8088,0,72
3046,0,72
1634,0,72
7518,0,72
6292,0,72
3026,0,72
128,0,72
7456,0,72
4181,0,72
5677,0,72
9558,0,72
544,0,72
7418,0,72
847,0,72
6956,0,72
2757,0,72
7622,0,72
9732,0,72
4340,0,72
5596,0,72
2510,0,72
7873,0,72
107,0,72
8796,0,72
5580,0,72
8985,0,72
6456,0,72
7887,0,72
1100,0,72
2193,0,72
8409,0,72
7591,0,72
487,0,72
7758,0,72
4876,0,72
292,0,72
2213,0,72
3264,0,72
8537,0,72
710,0,72
389,0,72
5498,0,72
451,0,72
103,0,72
9432,0,72
7502,0,72
9053,0,72
403,0,72
4393,0,72
723,0,72
2755,0,72
6018,0,72
801,0,72
9928,0,72
8477,0,72
8532,1,73
9601,6,73
139,2,73
3237,7,73
5653,4,73
3533,3,73
9079,0,73
62,5,73
555,5,73
9531,3,73
3939,3,73
2896,3,73
4072,3,73
3258,3,73
6614,3,73
3440,3,73
8486,7,73
2532,0,73
3607,0,73
2851,0,73
8158,0,73
7422,0,73
5479,0,73
6726,0,73
6987,0,73
1061,0,73
3532,0,73
875,0,73
6106,0,73
3764,0,73
8342,0,73
6953,0,73
3672,0,73
5007,0,73
9867,0,73
495,0,73
4177,0,73
2752,0,73
4107,0,73
4308,0,73
225,0,73
7177,0,73
1198,0,73
7360,0,73
9885,0,73
9746,0,73
1242,0,73
2465,0,73
8474,0,73
413,0,73
3737,0,73
6764,0,73
8302,0,73
7200,0,73
336,0,73
6016,0,73
608,0,73
461,0,73
3477,0,73
2957,0,73
6061,0,73
8104,0,73
5113,0,73
9689,0,73
5508,0,73
7782,0,73
8385,0,73
834,0,73
7052,0,73
9787,0,73
9220,0,73
496,0,73
9492,0,73
1960,0,73
5810,0,73
7567,0,73
1139,0,73
6200,0,73
7213,0,73
8046,0,73
4235,0,73
1782,0,73
4557,0,73
7304,0,73
3127,0,73
2151,0,73
4990,0,73
667,0,73
7732,0,73
7105,0,73
4045,0,73
9518,0,73
1021,0,73
2572,0,73
1024,0,73
5721,0,73
2793,0,73
7412,0,73
2751,0,73
9231,0,73
6412,0,73
6894,0,73
3417,0,73
619,0,73
6231,0,73
2685,0,73
178,0,73
6006,0,73
5882,0,73
3076,0,73
5840,0,73
5122,0,73
439,0,73
4530,0,73
7922,0,73
9599,0,73
8711,0,73
6413,0,73
8003,0,73
5913,0,73
339,0,73
8219,0,73
8667,0,73
586,0,73
9463,1,74
4644,0,74
8753,7,74
8812,2,74
4811,5,74
4527,4,74
7507,3,74
2468,3,74
2805,3,74
3347,3,74
5618,3,74
867,3,74
9606,3,74
3548,4,74
1641,7,74
7691,0,74
5201,0,74
4020,0,74
7530,0,74
343,0,74
1424,0,74
5104,0,74
9533,0,74
735,0,74
4050,0,74
6088,0,74
9082,0,74
6552,0,74
8925,0,74
8469,0,74
7843,0,74
326,0,74
6424,0,74
4764,0,74
93,0,74
6723,0,74
4437,0,74
2939,0,74
1353,0,74
7489,0,74
2538,0,74
89,0,74
4138,0,74
8059,0,74
5832,0,74
1168,0,74
57,0,74
4587,0,74
7281,0,74
2098,0,74
9752,0,74
4943,0,74
8127,0,74
9622,0,74
9761,0,74
9992,0,74
6888,0,74
8014,0,74
9278,0,74
3238,0,74
8609,0,74
5844,0,74
1845,0,74
2602,0,74
5474,0,74
7547,0,74
8887,0,74
534,0,74
2000,0,74
2331,0,74
5976,0,74
9049,0,74
992,0,74
7096,0,74
3433,0,74
5202,0,74
8270,0,74
9027,0,74
6125,0,74
4372,0,74
1997,0,74
9656,0,74
8205,0,74
5321,0,74
1510,0,74
2054,0,74
5904,0,74
3322,0,74
7690,0,74
7382,0,74
573,0,74
2255,0,74
9714,0,74
1758,0,74
1820,0,74
1095,0,74
8847,0,74
347,0,74
9670,0,74
3122,0,74
3878,0,74
1136,0,74
9036,0,74
2141,0,74
6905,0,74
7706,0,74
5898,0,74
9276,0,74
954,0,74
2548,0,74
4657,0,74
8835,0,74
2071,0,74
6459,0,74
2252,0,74
4887,0,74
5496,0,74
7870,0,74
9407,0,74
5001,0,74
4817,0,74
5360,0,74
2824,0,74
9342,0,74
9044,0,74
4729,0,74
3117,0,74
5391,0,74
1405,0,74
5732,0,74
7579,0,74
9253,0,74
7040,0,74
213,0,74
2553,0,74
5544,0,74
9904,0,74
7800,0,74
1916,2,75
9365,5,75
2472,6,75
715,0,75
8636,7,75
9116,7,75
562,1,75
9731,4,75
1966,4,75
3983,4,75
3819,4,75
530,4,75
4980,4,75
133,4,75
7795,7,75
238,0,75
9551,0,75
841,0,75
6846,0,75
8170,0,75
9944,0,75
4418,0,75
1341,0,75
1860,0,75
2116,0,75
8025,0,75
874,0,75
9386,0,75
3165,0,75
6423,0,75
3602,0,75
4528,0,75
6111,0,75
9238,0,75
5125,0,75
8540,0,75
7813,0,75
3198,0,75
8133,0,75
9996,0,75
3867,0,75
3525,0,75
1449,0,75
2333,0,75
7629,0,75
1350,0,75
6290,0,75
6421,0,75
169,0,75
5899,0,75
2144,0,75
6376,0,75
9352,0,75
9378,0,75
3431,0,75
8950,0,75
7316,0,75
1387,0,75
8374,0,75
7517,0,75
9748,0,75
6239,0,75
1156,0,75
1398,0,75
852,0,75
9772,0,75
3461,0,75
3990,0,75
4353,0,75
1223,0,75
7497,0,75
6880,0,75
1894,0,75
6278,0,75
191,0,75
9095,0,75
8181,0,75
5833,0,75
1709,0,75
5449,0,75
117,0,75
4721,0,75
3101,0,75
9687,0,75
7459,0,75
421,0,75
7730,0,75
9004,0,75
9915,0,75
8432,0,75
6152,0,75
7194,0,75
9694,0,75
5643,0,75
2129,0,75
1724,0,75
3542,0,75
7639,0,75
469,0,75
2642,0,75
5427,0,75
6649,0,75
8860,0,75
2311,0,75
5483,0,75
1969,0,75
6573,0,75
5638,0,75
4498,0,75
2475,0,75
436,0,75
64,0,75
1330,0,75
15,0,75
3211,0,75
1044,0,75
9426,0,75
1395,0,75
9017,0,75
3595,1,76
899,5,76
2166,5,76
462,7,76
5307,7,76
9401,3,76
7659,3,76
1640,4,76
8921,0,76
6448,0,76
4703,0,76
4550,0,76
1512,0,76
5782,0,76
4898,0,76
6098,0,76
7308,0,76
9859,0,76
8866,0,76
9570,0,76
479,0,76
2932,0,76
4374,0,76
7475,0,76
7718,0,76
1217,0,76
2417,0,76
8583,0,76
4325,0,76
2513,0,76
1902,0,76
3627,0,76
1239,0,76
5326,0,76
1141,0,76
1407,0,76
4132,0,76
4204,0,76
8706,0,76
2104,0,76
9227,0,76
6062,0,76
7953,0,76
5949,0,76
5834,0,76
331,0,76
2248,0,76
1970,0,76
1799,0,76
8525,0,76
1644,0,76
728,0,76
647,0,76
2882,0,76
1903,0,76
2992,0,76
9143,0,76
434,0,76
2578,0,76
2349,0,76
3250,0,76
6845,0,76
3276,0,76
1338,0,76
5547,0,76
3344,0,76
4446,0,76
281,0,76
8681,0,76
6326,0,76
8901,0,76
6791,0,76
4631,0,76
6701,0,76
1434,0,76
3508,0,76
9218,0,76
5586,0,76
7317,0,76
4960,0,76
8600,0,76
1580,0,76
2009,0,76
3730,0,76
6727,0,76
3287,0,76
9367,0,76
7314,0,76
838,0,76
5595,0,76
6407,0,76
4488,0,76
6303,0,76
5369,0,76
8129,0,76
1155,0,76
3736,0,76
6807,0,76
558,0,76
9935,0,76
7648,0,76
3776,0,76
6316,0,76
2600,0,76
793,0,76
7947,0,76
9820,0,76
1857,0,76
6694,0,76
2293,0,76
6951,0,76
762,0,76
8935,0,76
8103,0,76
9195,0,76
4424,0,76
9071,3,77
4804,3,77
4571,4,77
273,6,77
4760,6,77
764,2,77
7053,2,77
9635,0,77
8473,7,77
283,1,77
2556,4,77
4509,4,77
4735,4,77
9826,4,77
2174,4,77
9291,4,77
7728,3,77
5039,4,77
287,0,77
3763,0,77
9897,0,77
6804,0,77
6501,0,77
523,0,77
4920,0,77
1074,0,77
3039,0,77
6985,0,77
3278,0,77
7786,0,77
2504,0,77
148,0,77
5271,0,77
8631,0,77
4545,0,77
8637,0,77
1618,0,77
6785,0,77
3982,0,77
958,0,77
3207,0,77
6522,0,77
1771,0,77
2681,0,77
9856,0,77
5061,0,77
5807,0,77
940,0,77
3898,0,77
7585,0,77
9201,0,77
4176,0,77
2403,0,77
243,0,77
8713,0,77
6528,0,77
8300,0,77
5135,0,77
8360,0,77
3518,0,77
5017,0,77
2874,0,77
9800,0,77
8590,0,77
8668,0,77
9279,0,77
2064,0,77
890,0,77
5094,0,77
3187,0,77
7692,0,77
2916,0,77
3739,0,77
6527,0,77
7602,0,77
6622,0,77
3853,0,77
7063,0,77
4581,0,77
9525,0,77
5630,0,77
5801,0,77
1229,0,77
9318,0,77
5525,0,77
9387,0,77
7134,0,77
9458,0,77
6597,0,77
975,0,77
5472,0,77
6155,0,77
4787,0,77
5710,0,77
8053,0,77
4615,0,77
7207,0,77
5676,0,77
3501,0,77
4944,0,77
4217,0,77
1008,0,77
7900,0,77
319,0,77
8338,0,77
971,0,77
4023,0,77
5684,0,77
2610,0,77
4791,0,77
2258,0,77
2385,0,77
3327,0,77
7366,0,77
804,0,77
8007,0,77
5846,0,77
4740,0,77
7539,0,77
3707,0,77
2571,6,78
8196,4,78
6595,0,78
1213,7,78
250,3,78
5663,1,78
7144,1,78
7741,4,78
3106,4,78
4173,4,78
7340,7,78
3019,3,78
3581,4,78
1620,7,78
2057,3,78
8561,4,78
4047,7,78
7630,0,78
2743,0,78
5170,0,78
1823,0,78
6760,0,78
8393,0,78
2582,0,78
4532,0,78
7206,0,78
4825,0,78
8855,0,78
5159,0,78
9444,0,78
7574,0,78
1986,0,78
2942,0,78
4926,0,78
9410,0,78
3863,0,78
6849,0,78
1594,0,78
2966,0,78
9137,0,78
5954,0,78
6572,0,78
9825,0,78
9107,0,78
7619,0,78
8632,0,78
9413,0,78
7390,0,78
833,0,78
2842,0,78
7762,0,78
8259,0,78
2418,0,78
4693,0,78
4750,0,78
5886,0,78
7965,0,78
5948,0,78
8075,0,78
6327,0,78
4828,0,78
7665,0,78
3866,0,78
8917,0,78
3493,0,78
770,0,78
2033,0,78
9335,0,78
3377,0,78
3805,0,78
8752,0,78
2718,0,78
9202,0,78
3412,0,78
1881,0,78
5572,0,78
6625,0,78
8248,0,78
541,0,78
3395,0,78
814,0,78
3587,0,78
7613,0,78
3879,0,78
9109,0,78
7112,0,78
6795,0,78
9609,0,78
3744,0,78
7099,0,78
8947,0,78
3892,0,78
6868,0,78
2137,0,78
7046,0,78
5228,0,78
6699,0,78
4948,0,78
8973,0,78
4206,0,78
6864,0,78
757,0,78
4655,0,78
5305,0,78
9627,0,78
4319,0,78
3895,0,78
5561,0,78
4263,0,78
104,0,78
9660,0,78
2511,0,78
6930,0,78
8037,0,78
6441,0,78
8466,0,78
1373,0,78
481,0,78
6081,0,78
4900,1,79
1358,1,79
170,7,79
939,4,79
2444,4,79
5613,5,79
861,5,79
4294,6,79
3540,2,79
5797,2,79
1035,3,79
2779,3,79
4718,3,79
4147,3,79
4133,3,79
8110,7,79
2549,3,79
9917,7,79
6600,3,79
4472,7,79
9277,3,79
7531,7,79
7342,0,79
2108,0,79
6722,0,79
7262,0,79
2407,0,79
7545,0,79
6990,0,79
6244,0,79
5476,0,79
3163,0,79
9267,0,79
3220,0,79
4683,0,79
5033,0,79
6070,0,79
9013,0,79
1097,0,79
1503,0,79
9113,0,79
8126,0,79
2789,0,79
9117,0,79
6796,0,79
3236,0,79
5262,0,79
4365,0,79
2088,0,79
7638,0,79
7986,0,79
5592,0,79
4378,0,79
1177,0,79
7906,0,79
4127,0,79
8581,0,79
1596,0,79
5215,0,79
7376,0,79
737,0,79
4741,0,79
9257,0,79
1538,0,79
5872,0,79
2573,0,79
7386,0,79
1757,0,79
1033,0,79
8198,0,79
6948,0,79
8026,0,79
9610,0,79
6209,0,79
4120,0,79
6871,0,79
8096,0,79
7641,0,79
4131,0,79
6434,0,79
9272,0,79
9491,0,79
2575,0,79
4336,0,79
4223,0,79
8607,0,79
258,0,79
65,0,79
8318,0,79
8148,0,79
5214,0,79
805,0,79
3034,0,79
8285,0,79
2096,0,79
4642,0,79
9582,0,79
5823,0,79
9038,0,79
2448,0,79
457,0,79
2282,0,79
3314,0,79
4816,0,79
7803,0,79
2100,0,79
3745,0,79
1486,0,79
7905,0,79
7894,0,79
3204,0,79
2586,0,79
4781,0,79
8467,0,79
3294,0,79
8113,0,79
9984,0,79
529,0,79
9472,0,79
7116,0,79
9902,0,79
25,0,79
4278,0,79
3845,0,79
3262,0,79
8287,0,79
9909,0,79
2381,0,79
912,0,79
6258,0,79
5233,0,79
7950,0,79
4166,7,80
5759,7,80
1546,1,80
1161,0,80
8769,6,80
3303,6,80
8794,2,80
468,4,80
5428,4,80
1076,3,80
4128,7,80
2623,7,80
5275,0,80
9266,0,80
4641,0,80
1818,0,80
7541,0,80
3008,0,80
79,0,80
6591,0,80
7642,0,80
8256,0,80
5072,0,80
744,0,80
5850,0,80
3116,0,80
7649,0,80
1079,0,80
1541,0,80
6876,0,80
202,0,80
1235,0,80
8204,0,80
6767,0,80
2246,0,80
4902,0,80
4761,0,80
3545,0,80
7408,0,80
9421,0,80
8559,0,80
2599,0,80
7526,0,80
8716,0,80
4719,0,80
8202,0,80
3860,0,80
9124,0,80
2476,0,80
2838,0,80
1924,0,80
2756,0,80
8023,0,80
2170,0,80
1246,0,80
4942,0,80
8698,0,80
4838,0,80
3620,0,80
4911,0,80
341,0,80
6539,0,80
6352,0,80
857,0,80
6994,0,80
4909,0,80
1706,0,80
2729,0,80
498,0,80
8128,0,80
1411,0,80
3612,0,80
7848,0,80
7879,0,80
8634,0,80
5582,0,80
3387,0,80
8167,0,80
5343,0,80
3059,0,80
6332,0,80
9417,0,80
4844,0,80
6089,0,80
5453,0,80
9537,0,80
7929,0,80
4768,0,80
3349,0,80
1567,0,80
5406,0,80
464,0,80
9362,0,80
8328,0,80
8606,0,80
8571,0,80
7087,0,80
5270,0,80
490,0,80
5652,0,80
7985,0,80
1362,0,80
7685,0,80
379,0,80
7973,0,80
6870,0,80
2846,0,80
9594,0,80
342,0,80
9089,0,80
8557,0,80
6942,0,80
4366,0,80
6623,1,81
4125,3,81
3259,3,81
3036,4,81
7893,2,81
2810,4,81
9343,4,81
282,2,81
6749,4,81
9468,7,81
1142,0,81
5647,0,81
5636,0,81
876,0,81
5659,0,81
539,0,81
1499,0,81
3929,0,81
1676,0,81
4883,0,81
1121,0,81
6673,0,81
5619,0,81
110,0,81
8011,0,81
978,0,81
5036,0,81
3434,0,81
5984,0,81
4241,0,81
8994,0,81
880,0,81
9745,0,81
1010,0,81
5631,0,81
1523,0,81
7328,0,81
249,0,81
3770,0,81
6629,0,81
3706,0,81
2680,0,81
4984,0,81
2776,0,81
9736,0,81
6979,0,81
7319,0,81
1166,0,81
3134,0,81
4234,0,81
2243,0,81
1911,0,81
7095,0,81
9232,0,81
3006,0,81
4300,0,81
5769,0,81
5403,0,81
8123,0,81
7521,0,81
5257,0,81
3963,0,81
9695,0,81
254,0,81
6541,0,81
5545,0,81
2420,0,81
7632,0,81
849,0,81
6478,0,81
4324,0,81
485,0,81
569,0,81
7787,0,81
405,0,81
9744,0,81
1723,0,81
7596,0,81
6738,0,81
4529,0,81
510,0,81
3011,0,81
7140,0,81
7955,0,81
1865,0,81
8308,0,81
5945,0,81
8010,0,81
4397,0,81
1305,0,81
1151,0,81
9968,0,81
7966,0,81
359,0,81
5351,0,81
1778,0,81
8813,0,81
5501,0,81
8389,0,81
3592,0,81
3005,0,81
7006,0,81
9786,0,81
3733,0,81
8232,0,81
5937,0,81
39,0,81
8908,0,81
8732,0,81
171,0,81
4765,0,81
1893,0,81
8076,0,81
3702,0,81
2581,0,81
179,0,81
8009,0,81
6145,0,81
8621,0,81
800,0,81
3351,0,81
1703,0,81
1227,0,81
307,0,81
5040,0,81
4041,0,81
5303,0,81
8720,0,81
2675,0,81
7406,0,81
4478,0,81
3524,5,82
5082,6,82
6045,7,82
8223,7,82
6921,1,82
5333,4,82
9245,0,82
2984,2,82
3459,3,82
1009,3,82
7169,5,82
1412,5,82
7829,7,82
4603,7,82
2533,7,82
4510,7,82
5198,4,82
7946,7,82
6355,4,82
4922,7,82
7146,0,82
5421,0,82
3846,0,82
1838,0,82
7166,0,82
4155,0,82
2598,0,82
2454,0,82
112,0,82
9058,0,82
7796,0,82
915,0,82
4940,0,82
2644,0,82
1347,0,82
8118,0,82
669,0,82
5106,0,82
3172,0,82
9953,0,82
7102,0,82
81,0,82
2099,0,82
8767,0,82
742,0,82
3449,0,82
6386,0,82
7322,0,82
9359,0,82
4610,0,82
95,0,82
2394,0,82
2345,0,82
3392,0,82
5771,0,82
9103,0,82
7210,0,82
6534,0,82
2622,0,82
3340,0,82
6190,0,82
4491,0,82
42,0,82
3747,0,82
5070,0,82
8909,0,82
7600,0,82
506,0,82
5994,0,82
2338,0,82
1710,0,82
2016,0,82
9083,0,82
9991,0,82
7484,0,82
1645,0,82
2240,0,82
3324,0,82
1020,0,82
4503,0,82
9938,0,82
1280,0,82
3348,0,82
1995,0,82
9261,0,82
8941,0,82
4035,0,82
6922,0,82
200,0,82
5419,0,82
2109,0,82
4727,0,82
2723,0,82
3877,0,82
707,0,82
9725,0,82
1632,0,82
6410,0,82
3888,0,82
5650,0,82
303,0,82
388,0,82
1786,0,82
4777,0,82
5818,0,82
7178,0,82
6707,0,82
7137,0,82
2780,0,82
2441,0,82
5969,0,82
5768,0,82
4414,0,82
8762,0,82
759,0,82
4270,0,82
2652,0,82
2897,0,84
4616,6,84
9385,2,84
6212,2,85
9799,5,85
6331,5,88
5568,2,89
6008,2,91
8776,5,93
6676,3,94
688,1,94
3481,2,94
2509,5,95
8315,1,96
3402,6,96
1793,7,96
1566,4,96
3199,3,96
6988,3,97
8824,4,97
6661,4,98
7802,2,98
7024,5,99
9863,7,99
8386,4,99
818,4,100
8297,4,101
1928,1,101
7698,7,101
525,3,102
2068,7,104
6546,4,104
717,5,105
8412,4,106
5776,3,106
2671,3,107
4959,4,107
8097,3,108
6156,7,108
2711,0,109
9810,4,109
8890,7,110
6025,4,110
4872,3,110
6933,4,111
2879,3,113
7819,7,113
7520,4,113
2482,7,114
1842,7,115
2689,5,116
9154,4,116
2355,3,116
1585,7,117
4604,3,117
7494,3,118
192,4,119
564,7,119
3497,6,120
2737,7,122
7717,3,122
8131,3,124
7606,3,126
7055,7,126
6918,3,128
9553,4,128
4479,7,129
7301,4,130
4203,7,131
2799,3,132
4415,4,133
6914,0,134
3372,5,135
8132,6,140
685,5,140
3332,2,140
3302,7,140
1216,4,141
6671,3,141
3917,7,143
3509,3,144
5921,7,148
7242,2,148
8705,2,148
1123,4,153
7513,2,153
4686,7,155
8965,2,158
3608,2,164
6808,3,166
5857,2,167
4950,3,168
6103,4,169
7752,4,171
6017,7,172
2340,7,173
3644,4,173
8273,4,174
7405,3,174
5386,2,177
0,4,179
9901,3,179
5813,4,180
4207,3,181
9997,7,181
5996,4,182
6866,3,183
7481,7,183
8175,4,184
4189,7,187
7223,7,187
5612,5,188
8379,3,189
9139,5,189
4684,4,189
7296,3,190
823,4,191
5931,7,191
6273,7,194
8591,3,194
8493,5,196
4460,3,197
6618,7,198
6853,2,199
898,4,200
6549,3,200
2628,7,203
7047,3,205
943,4,205
4261,5,206
8992,5,208
3075,3,213
1436,7,213
6298,5,213
2926,5,214
9312,4,214
5914,7,216
7837,2,220
152,2,221
3386,4,225
8974,2,226
4190,0,226
2795,7,228
1278,6,231
711,1,235
3713,6,235
2438,2,236
8699,3,239
7413,2,240
8945,6,241
2228,3,241
6802,7,244
3244,4,244
9275,7,245
5757,4,245
5157,1,246
3575,3,246
4458,4,246
8295,0,249
9618,2,249
