237,3,0
141,3,0
143,3,0
164,3,1
36,3,1
57,3,1
165,3,1
154,3,1
127,3,7
129,3,20
9,3,20
102,3,26
268,3,36
251,3,38
32,3,38
206,3,39
314,3,41
66,3,44
29,3,44
161,3,50
302,3,50
65,3,50
175,3,50
236,3,55
16,3,55
242,3,70
186,3,70
45,3,73
121,3,81
131,3,90
211,3,93
23,3,93
134,3,93
48,3,101
313,3,113
311,3,121
326,3,124
138,3,128
123,3,128
230,3,134
83,3,134
28,3,134
179,3,141
184,3,144
140,3,154
296,3,156
114,3,159
150,3,162
59,3,163
169,3,163
316,3,163
174,3,183
51,3,186
33,3,188
17,3,195
117,3,200
221,3,200
192,3,209
107,3,219
136,3,222
267,3,222
263,3,227
55,3,227
223,3,239
190,3,240
254,3,240
158,3,250
139,3,250
238,3,250
294,3,250
219,3,252
167,3,252
97,3,263
125,3,269
152,3,272
305,3,272
105,3,273
309,3,276
145,3,282
321,3,288
270,3,288
44,3,288
212,3,300
266,3,309
172,3,309
274,3,310
104,3,310
258,3,311
43,3,317
330,3,320
253,3,320
160,3,321
26,3,331
86,3,333
49,3,333
324,3,343
82,3,359
243,3,361
317,3,361
279,3,365
297,3,372
244,3,374
329,3,374
88,3,374
118,3,387
241,3,387
99,3,388
278,3,388
249,3,392
286,3,394
189,3,397
250,3,402
109,3,404
187,3,406
229,3,406
199,3,406
180,3,407
156,3,409
95,3,414
35,3,414
222,3,414
224,3,417
200,3,424
198,3,429
320,3,432
226,3,446
151,3,450
7,3,453
205,3,455
19,3,455
50,3,466
112,3,473
295,3,483
128,3,487
103,3,493
115,3,494
233,3,494
132,3,498
68,3,498
312,3,510
12,3,513
207,3,514
30,3,523
46,3,536
280,3,536
144,3,536
142,3,538
58,3,541
228,3,542
39,3,542
40,3,558
319,3,560
52,3,562
3,3,563
225,3,565
126,3,565
213,3,565
240,3,570
215,3,570
310,3,577
1,3,578
246,3,582
135,3,582
191,3,582
216,3,582
53,3,583
315,3,586
227,3,591
4,3,601
283,3,601
257,3,601
116,3,605
60,3,605
5,3,606
90,3,606
332,3,608
22,3,618
6,3,625
93,3,625
178,3,634
235,3,634
78,3,634
71,3,634
168,3,636
214,3,636
84,3,642
25,3,642
61,3,653
0,3,657
70,3,662
37,3,665
98,3,680
239,3,680
252,3,684
80,3,691
96,3,691
308,3,691
92,3,695
159,3,697
21,3,697
119,3,700
153,3,703
41,3,704
148,3,708
272,3,717
108,3,721
328,3,729
85,3,738
204,3,738
27,3,738
248,3,741
273,3,742
8,3,749
67,3,755
166,3,762
264,3,762
69,3,762
100,3,774
301,3,777
130,3,777
147,3,781
149,3,781
73,3,783
10,3,786
245,3,795
183,3,795
331,3,795
122,3,797
196,3,797
209,3,801
261,3,801
282,3,801
290,3,801
208,3,807
94,3,807
217,3,812
188,3,820
133,3,821
255,3,825
176,3,835
277,3,840
300,3,840
194,3,843
79,3,843
197,3,843
157,3,847
110,3,858
285,3,863
203,3,863
210,3,863
87,3,863
106,3,863
31,3,863
20,3,863
177,3,863
334,3,870
74,3,870
182,3,872
101,3,873
323,3,883
202,3,884
322,3,890
91,3,890
64,3,892
163,3,896
303,3,896
256,3,904
288,3,912
307,3,912
81,3,912
54,3,912
275,3,917
72,3,917
287,3,918
155,3,922
11,3,936
265,3,936
289,3,936
113,3,938
269,3,943
34,3,947
195,3,947
291,3,947
327,3,947
259,3,947
318,3,952
260,3,964
247,3,977
231,3,977
62,3,977
232,3,981
18,3,989
293,3,989
75,3,995
111,3,1000
13,3,1005
76,3,1009
63,3,1015
201,3,1023
24,3,1043
218,3,1050
146,3,1050
281,3,1050
171,3,1050
298,3,1052
38,3,1052
271,3,1055
124,3,1055
220,3,1055
2,3,1059
15,3,1059
185,3,1062
42,3,1069
162,3,1072
181,3,1077
14,3,1077
170,3,1077
262,3,1083
304,3,1087
137,3,1087
276,3,1092
89,3,1092
335,3,1096
77,3,1099
299,3,1099
292,3,1099
56,3,1106
234,3,1113
333,3,1123
193,3,1128
173,3,1134
120,3,1134
47,3,1141
325,3,1142
306,3,1142
284,3,1151
419,5,0
497,5,0
391,5,0
630,5,0
518,5,0
345,5,0
526,5,0
379,5,0
343,5,1
612,5,1
352,5,1
415,5,1
390,5,8
632,5,17
656,5,29
483,5,29
665,5,32
412,5,35
511,5,35
554,5,40
433,5,44
598,5,46
559,5,46
421,5,54
411,5,58
409,5,58
604,5,61
507,5,61
651,5,61
642,5,66
634,5,71
464,5,73
618,5,80
521,5,87
553,5,87
492,5,95
631,5,106
369,5,109
561,5,109
351,5,119
653,5,119
525,5,119
455,5,126
499,5,126
448,5,126
443,5,127
572,5,128
606,5,128
462,5,133
513,5,137
461,5,147
668,5,147
357,5,147
549,5,149
353,5,156
579,5,156
581,5,156
340,5,164
646,5,183
482,5,184
613,5,187
565,5,190
610,5,196
588,5,199
355,5,212
465,5,213
645,5,213
568,5,213
664,5,220
470,5,224
377,5,233
544,5,243
593,5,243
358,5,244
503,5,244
574,5,244
385,5,244
344,5,246
426,5,246
523,5,248
575,5,252
582,5,252
595,5,259
620,5,263
615,5,265
626,5,273
361,5,276
425,5,291
563,5,293
623,5,299
454,5,300
517,5,300
600,5,301
446,5,312
628,5,319
571,5,326
348,5,326
431,5,326
660,5,334
638,5,337
635,5,337
560,5,337
416,5,337
376,5,344
395,5,344
447,5,347
540,5,350
659,5,351
545,5,360
480,5,360
543,5,365
640,5,366
621,5,366
538,5,375
516,5,389
367,5,389
479,5,389
504,5,389
402,5,389
339,5,390
408,5,392
616,5,404
542,5,404
614,5,415
546,5,415
378,5,426
654,5,428
463,5,436
667,5,439
589,5,439
368,5,440
437,5,441
432,5,443
506,5,446
460,5,450
508,5,464
439,5,473
491,5,475
387,5,480
398,5,498
531,5,498
562,5,498
380,5,498
629,5,510
537,5,510
362,5,512
459,5,516
639,5,516
573,5,534
596,5,540
458,5,544
529,5,557
644,5,557
657,5,557
338,5,572
643,5,572
672,5,585
471,5,585
576,5,587
490,5,593
346,5,593
502,5,593
349,5,600
533,5,600
658,5,610
587,5,611
556,5,611
466,5,617
485,5,617
456,5,619
539,5,627
607,5,635
389,5,636
347,5,648
406,5,659
603,5,661
414,5,661
481,5,661
473,5,662
592,5,663
453,5,665
440,5,670
405,5,684
399,5,696
365,5,698
569,5,705
382,5,707
564,5,707
372,5,712
551,5,712
404,5,713
500,5,714
594,5,720
341,5,736
401,5,740
519,5,740
512,5,740
530,5,740
535,5,745
444,5,757
427,5,763
641,5,763
647,5,763
625,5,771
550,5,775
619,5,775
484,5,776
364,5,776
429,5,776
451,5,785
435,5,789
430,5,794
673,5,794
403,5,795
661,5,795
422,5,796
475,5,802
570,5,810
359,5,810
666,5,810
413,5,810
342,5,814
514,5,820
354,5,823
393,5,837
577,5,837
457,5,837
663,5,841
495,5,846
468,5,846
509,5,846
478,5,855
336,5,862
450,5,864
493,5,869
648,5,870
337,5,880
652,5,880
670,5,880
662,5,889
407,5,894
441,5,898
522,5,898
515,5,903
410,5,906
374,5,914
445,5,919
486,5,925
424,5,925
669,5,933
655,5,933
601,5,936
356,5,948
438,5,948
585,5,951
649,5,959
472,5,963
552,5,968
505,5,985
636,5,985
371,5,985
501,5,993
547,5,997
350,5,998
633,5,998
591,5,999
489,5,1005
370,5,1005
417,5,1008
375,5,1008
650,5,1010
496,5,1017
428,5,1017
510,5,1017
608,5,1017
527,5,1028
397,5,1030
605,5,1030
386,5,1030
423,5,1030
627,5,1030
578,5,1031
548,5,1033
567,5,1033
452,5,1036
494,5,1042
449,5,1042
602,5,1045
637,5,1045
597,5,1053
536,5,1060
477,5,1061
434,5,1064
394,5,1083
392,5,1087
396,5,1089
420,5,1089
617,5,1089
528,5,1089
388,5,1089
586,5,1110
609,5,1119
488,5,1125
524,5,1125
474,5,1125
418,5,1128
442,5,1128
476,5,1129
541,5,1134
366,5,1139
557,5,1139
467,5,1139
383,5,1162
599,5,1162
469,5,1164
498,5,1167
532,5,1179
363,5,1179
622,5,1185
555,5,1187
381,5,1191
624,5,1191
558,5,1191
534,5,1191
584,5,1195
384,5,1201
400,5,1202
611,5,1204
566,5,1204
360,5,1204
373,5,1210
590,5,1217
436,5,1217
583,5,1226
671,5,1233
520,5,1239
487,5,1247
580,5,1249
934,7,0
1041,7,0
946,7,0
800,7,0
1140,7,0
915,7,0
1058,7,0
1143,7,0
986,7,1
1126,7,1
858,7,1
1202,7,1
1183,7,1
740,7,9
760,7,9
922,7,15
754,7,19
817,7,26
1023,7,27
1072,7,32
834,7,32
954,7,32
1135,7,32
768,7,32
989,7,43
903,7,43
882,7,49
884,7,49
901,7,59
806,7,60
717,7,61
728,7,73
797,7,73
732,7,73
902,7,73
1049,7,73
918,7,75
1043,7,78
869,7,78
963,7,79
1198,7,80
1085,7,84
819,7,86
715,7,90
926,7,90
1101,7,90
1089,7,90
796,7,92
829,7,92
981,7,95
676,7,95
1122,7,96
1060,7,97
931,7,105
1096,7,108
1033,7,115
1204,7,115
810,7,115
749,7,115
997,7,125
731,7,127
1164,7,130
1090,7,135
952,7,135
947,7,135
945,7,137
794,7,137
1109,7,137
1009,7,140
887,7,140
727,7,147
885,7,153
1068,7,153
1151,7,156
1107,7,161
825,7,162
872,7,165
1081,7,165
807,7,167
1182,7,168
909,7,168
1172,7,168
994,7,168
815,7,182
889,7,182
995,7,184
1018,7,184
854,7,184
826,7,187
1022,7,190
992,7,192
788,7,202
1061,7,204
1138,7,204
990,7,204
883,7,204
1037,7,204
873,7,211
816,7,214
891,7,214
1147,7,216
693,7,216
723,7,217
860,7,217
1046,7,219
1035,7,230
695,7,233
852,7,245
680,7,245
944,7,245
1011,7,247
1156,7,247
733,7,249
920,7,250
745,7,253
1104,7,255
694,7,260
1199,7,260
718,7,262
991,7,262
758,7,262
984,7,263
814,7,263
1148,7,263
1145,7,263
976,7,270
783,7,270
937,7,288
862,7,291
764,7,293
737,7,293
703,7,293
678,7,293
1032,7,293
720,7,293
802,7,298
759,7,301
1154,7,305
970,7,305
1019,7,305
1124,7,305
697,7,308
964,7,313
765,7,316
1102,7,319
674,7,321
1095,7,324
1015,7,329
1093,7,334
998,7,337
1112,7,337
847,7,337
1114,7,339
779,7,339
1042,7,339
1149,7,339
868,7,339
1125,7,339
1055,7,340
675,7,341
851,7,347
1194,7,352
833,7,352
1174,7,354
932,7,354
865,7,354
1192,7,357
809,7,357
781,7,357
842,7,363
813,7,363
1010,7,369
698,7,369
763,7,369
957,7,371
830,7,371
1091,7,371
801,7,373
1051,7,381
892,7,382
861,7,383
706,7,385
767,7,386
1196,7,395
823,7,395
738,7,396
1180,7,396
707,7,396
982,7,396
1181,7,396
724,7,396
1111,7,396
1116,7,399
687,7,399
725,7,399
969,7,399
894,7,406
1153,7,415
818,7,421
1134,7,421
942,7,421
1118,7,421
953,7,423
1004,7,424
836,7,442
1080,7,442
910,7,442
1195,7,442
1155,7,442
735,7,443
691,7,445
928,7,447
1074,7,448
710,7,448
1078,7,457
905,7,459
1070,7,466
890,7,468
1146,7,471
700,7,474
726,7,474
722,7,474
943,7,474
708,7,475
1097,7,475
832,7,484
898,7,487
1026,7,488
840,7,490
681,7,501
1059,7,506
716,7,508
936,7,508
798,7,508
1017,7,509
895,7,510
786,7,510
1025,7,510
1117,7,512
742,7,512
1177,7,515
933,7,521
1076,7,528
914,7,529
1064,7,531
699,7,531
828,7,531
897,7,532
771,7,532
916,7,539
812,7,541
751,7,541
1048,7,542
959,7,547
1190,7,547
1203,7,550
1106,7,550
1171,7,552
870,7,552
878,7,554
1127,7,554
808,7,560
880,7,572
1000,7,575
1132,7,580
1187,7,580
925,7,580
1179,7,581
1170,7,586
753,7,586
871,7,588
1040,7,590
1027,7,590
743,7,590
752,7,590
712,7,591
875,7,591
750,7,591
993,7,595
795,7,595
966,7,598
1077,7,598
1188,7,598
975,7,600
886,7,601
1137,7,601
1063,7,601
921,7,604
1123,7,606
1013,7,606
999,7,611
696,7,613
955,7,616
1176,7,617
1131,7,617
709,7,624
1056,7,626
705,7,626
1005,7,626
1014,7,627
1121,7,627
1175,7,628
958,7,634
762,7,637
822,7,642
1173,7,643
1003,7,648
782,7,655
1039,7,657
1094,7,657
1054,7,657
1038,7,659
1110,7,659
913,7,664
805,7,664
772,7,664
850,7,666
1062,7,673
1165,7,673
1001,7,673
1167,7,673
1002,7,673
1205,7,673
983,7,673
1168,7,674
827,7,677
1083,7,677
866,7,682
778,7,685
1163,7,686
896,7,686
755,7,686
1075,7,686
1108,7,686
721,7,688
930,7,692
803,7,692
739,7,692
1161,7,695
1052,7,695
1105,7,701
1008,7,702
683,7,709
960,7,711
1201,7,712
780,7,712
838,7,712
906,7,712
845,7,713
849,7,713
1086,7,713
719,7,716
1128,7,723
1200,7,725
1057,7,725
785,7,727
973,7,734
736,7,737
686,7,740
927,7,741
689,7,741
704,7,741
1066,7,741
893,7,744
1050,7,750
1178,7,750
756,7,751
1130,7,761
965,7,761
919,7,761
1012,7,769
888,7,769
1071,7,770
848,7,773
988,7,774
879,7,775
978,7,775
972,7,775
784,7,778
907,7,783
1006,7,786
877,7,787
1139,7,789
857,7,790
1034,7,790
844,7,793
776,7,797
747,7,799
908,7,800
979,7,800
1185,7,800
744,7,804
714,7,804
701,7,808
968,7,814
1144,7,821
859,7,825
940,7,835
1031,7,837
1084,7,837
702,7,837
1073,7,837
835,7,837
1030,7,838
1133,7,846
864,7,846
1007,7,850
980,7,852
1129,7,852
839,7,852
962,7,852
1136,7,852
811,7,854
1045,7,854
977,7,864
748,7,864
677,7,865
1100,7,865
1087,7,865
824,7,866
912,7,872
950,7,882
1021,7,883
746,7,884
1142,7,891
1158,7,892
730,7,894
711,7,901
853,7,901
766,7,901
996,7,902
761,7,902
684,7,907
924,7,911
874,7,914
1079,7,914
831,7,914
949,7,914
1186,7,923
1047,7,924
956,7,925
855,7,927
837,7,931
1159,7,934
1150,7,934
961,7,934
876,7,936
1191,7,942
1028,7,942
682,7,946
1115,7,946
1184,7,946
1053,7,948
1067,7,952
929,7,952
1197,7,954
769,7,954
688,7,965
867,7,968
1044,7,968
787,7,968
1193,7,968
911,7,973
1141,7,973
967,7,974
792,7,974
713,7,975
1166,7,977
1069,7,980
1036,7,987
881,7,991
843,7,991
1189,7,994
734,7,1002
987,7,1004
971,7,1004
1082,7,1007
770,7,1010
757,7,1012
938,7,1012
904,7,1012
773,7,1013
1206,7,1013
1098,7,1015
1029,7,1017
790,7,1033
804,7,1033
777,7,1033
941,7,1034
939,7,1035
1113,7,1045
856,7,1047
1020,7,1047
974,7,1047
1120,7,1047
692,7,1050
729,7,1052
1103,7,1058
1152,7,1059
900,7,1059
1092,7,1064
948,7,1067
774,7,1071
985,7,1077
1088,7,1079
799,7,1093
951,7,1094
863,7,1094
1016,7,1094
685,7,1094
741,7,1101
1160,7,1101
1157,7,1102
923,7,1105
841,7,1115
1119,7,1115
690,7,1115
821,7,1120
917,7,1120
1065,7,1120
1169,7,1120
793,7,1121
935,7,1123
1162,7,1125
1024,7,1133
775,7,1142
679,7,1142
846,7,1144
791,7,1144
820,7,1151
1099,7,1151
789,7,1151
899,7,1157
1534,0,0
1641,0,0
1736,0,0
1270,0,0
1264,0,0
1393,0,0
1611,0,0
1752,0,0
1294,0,0
1243,0,1
1730,0,1
1857,0,1
1509,0,1
1900,0,1
1445,0,1
1593,0,1
1310,0,1
1578,0,1
1795,0,2
1461,0,5
1850,0,10
1625,0,17
1241,0,17
1544,0,19
1361,0,23
1295,0,24
1323,0,27
1517,0,31
1404,0,34
1749,0,34
1316,0,34
1806,0,34
1351,0,39
1662,0,42
1793,0,42
1791,0,42
1560,0,43
1765,0,45
1325,0,49
1784,0,50
1632,0,51
1257,0,55
1693,0,55
1601,0,55
1456,0,55
1233,0,55
1743,0,59
1553,0,60
1686,0,65
1541,0,65
1384,0,68
1357,0,71
1505,0,71
1378,0,77
1341,0,77
1639,0,79
1835,0,82
1822,0,83
1812,0,85
1547,0,92
1494,0,92
1555,0,92
1847,0,94
1848,0,94
1588,0,95
1860,0,97
1440,0,98
1859,0,99
1432,0,101
1433,0,103
1514,0,106
1526,0,109
1329,0,109
1449,0,110
1319,0,110
1412,0,110
1359,0,113
1290,0,115
1828,0,115
1687,0,115
1594,0,120
1657,0,121
1333,0,126
1865,0,126
1583,0,126
1420,0,126
1419,0,126
1569,0,131
1368,0,131
1802,0,132
1539,0,134
1823,0,134
1516,0,139
1645,0,141
1771,0,143
1836,0,143
1729,0,144
1250,0,145
1875,0,148
1682,0,148
1306,0,149
1762,0,149
1317,0,156
1401,0,158
1691,0,158
1742,0,161
1267,0,164
1488,0,168
1444,0,170
1350,0,170
1589,0,179
1269,0,179
1701,0,179
1636,0,179
1643,0,179
1279,0,182
1620,0,184
1434,0,184
1303,0,186
1446,0,190
1300,0,190
1213,0,190
1855,0,190
1846,0,190
1671,0,193
1575,0,198
1242,0,198
1585,0,199
1665,0,201
1841,0,206
1471,0,206
1716,0,211
1571,0,213
1647,0,215
1217,0,219
1545,0,219
1754,0,219
1207,0,223
1327,0,225
1747,0,227
1499,0,227
1480,0,234
1833,0,234
1750,0,240
1876,0,241
1536,0,241
1741,0,242
1220,0,244
1690,0,245
1244,0,249
1455,0,251
1284,0,255
1817,0,259
1238,0,259
1720,0,259
1232,0,259
1568,0,259
1523,0,264
1786,0,264
1605,0,270
1895,0,274
1321,0,275
1787,0,278
1782,0,278
1844,0,278
1873,0,278
1766,0,279
1768,0,284
1472,0,284
1677,0,284
1654,0,285
1652,0,287
1663,0,288
1502,0,289
1240,0,293
1428,0,298
1709,0,298
1757,0,298
1684,0,298
1779,0,298
1209,0,298
1500,0,298
1721,0,299
1464,0,299
1805,0,302
1258,0,308
1570,0,308
1506,0,310
1563,0,310
1838,0,311
1360,0,314
1452,0,316
1668,0,318
1313,0,318
1507,0,320
1521,0,323
1289,0,323
1773,0,323
1307,0,327
1592,0,327
1871,0,332
1308,0,334
1302,0,348
1285,0,348
1655,0,354
1312,0,354
1760,0,354
1572,0,354
1355,0,354
1354,0,355
1324,0,358
1796,0,360
1827,0,375
1811,0,377
1486,0,377
1236,0,379
1370,0,379
1429,0,379
1565,0,379
1722,0,379
1746,0,379
1559,0,379
1216,0,386
1459,0,386
1745,0,386
1623,0,388
1597,0,388
1781,0,396
1435,0,396
1489,0,399
1813,0,399
1259,0,403
1421,0,407
1710,0,409
1338,0,417
1790,0,417
1630,0,417
1898,0,417
1226,0,418
1581,0,420
1734,0,421
1582,0,424
1396,0,424
1463,0,424
1613,0,425
1697,0,425
1617,0,430
1843,0,433
1299,0,438
1878,0,438
1807,0,438
1398,0,438
1484,0,440
1839,0,443
1837,0,445
1797,0,447
1892,0,449
1342,0,451
1764,0,461
1492,0,463
1462,0,463
1712,0,463
1326,0,463
1427,0,463
1372,0,463
1550,0,464
1763,0,464
1248,0,465
1772,0,467
1276,0,470
1728,0,470
1580,0,471
1893,0,471
1724,0,476
1618,0,477
1334,0,479
1675,0,486
1638,0,486
1524,0,491
1485,0,495
1487,0,495
1391,0,495
1637,0,499
1832,0,499
1681,0,500
1649,0,500
1211,0,501
1726,0,502
1252,0,504
1719,0,508
1228,0,508
1229,0,511
1215,0,513
1256,0,523
1531,0,523
1436,0,523
1598,0,523
1699,0,525
1406,0,525
1255,0,525
1640,0,525
1899,0,528
1443,0,528
1352,0,531
1291,0,532
1247,0,535
1872,0,535
1518,0,535
1530,0,538
1704,0,538
1590,0,540
1759,0,542
1474,0,543
1614,0,545
1753,0,548
1411,0,548
1888,0,548
1356,0,551
1497,0,551
1513,0,551
1282,0,554
1678,0,554
1561,0,557
1696,0,558
1254,0,558
1512,0,564
1214,0,564
1501,0,564
1222,0,564
1535,0,564
1733,0,564
1602,0,566
1725,0,569
1371,0,575
1379,0,575
1648,0,577
1558,0,578
1642,0,578
1268,0,584
1717,0,586
1804,0,588
1695,0,589
1414,0,590
1566,0,595
1809,0,597
1245,0,597
1221,0,597
1447,0,597
1283,0,597
1868,0,599
1628,0,599
1260,0,601
1343,0,604
1604,0,604
1622,0,605
1219,0,605
1801,0,612
1418,0,613
1723,0,613
1877,0,613
1897,0,613
1425,0,613
1890,0,613
1385,0,616
1339,0,616
1831,0,617
1616,0,617
1457,0,618
1740,0,618
1328,0,619
1377,0,619
1863,0,621
1332,0,627
1405,0,630
1366,0,633
1266,0,633
1520,0,635
1475,0,637
1667,0,637
1320,0,637
1227,0,637
1767,0,637
1821,0,637
1273,0,639
1527,0,639
1705,0,644
1770,0,644
1564,0,651
1792,0,651
1660,0,651
1780,0,651
1756,0,651
1438,0,653
1886,0,659
1732,0,665
1606,0,666
1880,0,672
1537,0,672
1727,0,672
1503,0,673
1281,0,673
1381,0,673
1702,0,674
1424,0,674
1883,0,676
1556,0,676
1554,0,680
1345,0,680
1851,0,682
1468,0,685
1830,0,687
1584,0,691
1223,0,691
1376,0,691
1416,0,692
1426,0,693
1477,0,693
1820,0,695
1481,0,695
1403,0,701
1272,0,703
1755,0,704
1621,0,707
1694,0,717
1862,0,718
1330,0,718
1794,0,718
1861,0,719
1235,0,719
1210,0,719
1799,0,720
1557,0,721
1852,0,721
1587,0,722
1346,0,723
1349,0,728
1430,0,728
1373,0,728
1331,0,731
1715,0,732
1301,0,736
1761,0,739
1579,0,739
1882,0,739
1676,0,739
1810,0,739
1591,0,741
1454,0,741
1633,0,744
1666,0,744
1382,0,748
1364,0,753
1778,0,753
1825,0,756
1362,0,758
1386,0,763
1495,0,765
1627,0,765
1275,0,774
1274,0,774
1673,0,774
1263,0,775
1353,0,775
1442,0,775
1387,0,780
1698,0,784
1744,0,785
1251,0,785
1685,0,786
1600,0,793
1271,0,794
1453,0,795
1380,0,795
1615,0,795
1814,0,795
1552,0,797
1231,0,801
1866,0,802
1246,0,802
1519,0,802
1829,0,802
1467,0,803
1476,0,803
1511,0,805
1225,0,821
1651,0,821
1708,0,822
1491,0,823
1595,0,824
1738,0,828
1399,0,829
1707,0,829
1473,0,829
1549,0,829
1363,0,829
1626,0,829
1224,0,829
1818,0,829
1700,0,829
1703,0,831
1624,0,831
1869,0,839
1546,0,839
1894,0,839
1348,0,842
1679,0,842
1891,0,842
1478,0,842
1422,0,842
1610,0,843
1609,0,843
1824,0,844
1287,0,844
1607,0,844
1318,0,845
1576,0,845
1887,0,848
1664,0,853
1661,0,855
1292,0,859
1774,0,861
1800,0,865
1314,0,872
1249,0,873
1305,0,878
1650,0,878
1586,0,878
1439,0,879
1397,0,879
1542,0,882
1458,0,882
1448,0,883
1522,0,883
1277,0,887
1748,0,887
1653,0,893
1383,0,893
1803,0,893
1845,0,893
1646,0,896
1483,0,896
1367,0,904
1407,0,904
1413,0,905
1879,0,911
1315,0,911
1644,0,911
1408,0,911
1631,0,911
1358,0,911
1296,0,913
1311,0,915
1460,0,915
1735,0,917
1218,0,918
1298,0,924
1253,0,924
1347,0,925
1629,0,925
1261,0,929
1262,0,932
1658,0,932
1431,0,932
1713,0,935
1286,0,935
1540,0,940
1340,0,944
1896,0,944
1365,0,946
1634,0,961
1415,0,961
1525,0,961
1237,0,961
1858,0,961
1619,0,961
1867,0,963
1635,0,963
1532,0,963
1751,0,969
1826,0,974
1369,0,974
1482,0,976
1335,0,976
1789,0,978
1776,0,982
1819,0,983
1469,0,985
1409,0,985
1688,0,985
1441,0,987
1288,0,987
1423,0,987
1508,0,987
1612,0,987
1758,0,988
1451,0,990
1390,0,990
1775,0,991
1504,0,993
1417,0,993
1672,0,993
1490,0,993
1680,0,993
1344,0,993
1337,0,994
1496,0,994
1815,0,994
1515,0,995
1402,0,1002
1842,0,1006
1870,0,1006
1465,0,1006
1683,0,1016
1706,0,1018
1808,0,1018
1864,0,1018
1692,0,1021
1659,0,1021
1608,0,1021
1567,0,1023
1783,0,1028
1816,0,1030
1297,0,1033
1901,0,1033
1656,0,1034
1212,0,1037
1389,0,1038
1375,0,1038
1336,0,1039
1562,0,1040
1731,0,1040
1265,0,1040
1853,0,1040
1881,0,1040
1322,0,1040
1577,0,1040
1410,0,1040
1293,0,1042
1834,0,1042
1208,0,1042
1239,0,1042
1854,0,1043
1574,0,1044
1670,0,1044
1510,0,1044
1548,0,1044
1849,0,1044
1777,0,1045
1603,0,1045
1230,0,1049
1395,0,1050
1304,0,1051
1714,0,1051
1493,0,1055
1543,0,1062
1234,0,1065
1466,0,1067
1529,0,1073
1538,0,1076
1737,0,1082
1400,0,1082
1599,0,1082
1533,0,1083
1470,0,1083
1769,0,1086
1902,0,1089
1840,0,1089
1785,0,1089
1718,0,1089
1596,0,1089
1479,0,1092
1394,0,1093
1392,0,1093
1278,0,1095
1884,0,1102
1739,0,1103
1798,0,1106
1674,0,1110
1498,0,1110
1874,0,1110
1551,0,1110
1689,0,1111
1669,0,1111
1788,0,1111
1885,0,1112
1280,0,1112
1528,0,1113
1437,0,1113
1711,0,1114
1573,0,1118
1388,0,1122
1856,0,1128
1450,0,1130
1889,0,1132
1374,0,1133
2272,1,0
2581,1,0
2268,1,0
2140,1,0
1949,1,0
1945,1,0
2437,1,0
2538,1,0
1933,1,0
2345,1,0
1998,1,0
2445,1,0
2282,1,0
1985,1,0
2496,1,0
1912,1,1
2231,1,3
2111,1,3
2206,1,3
2189,1,6
2085,1,8
2142,1,9
2486,1,9
1972,1,12
2005,1,21
2287,1,22
2183,1,27
2076,1,30
2094,1,36
2212,1,40
2239,1,40
2509,1,40
2290,1,40
2278,1,41
2553,1,41
2074,1,42
2065,1,46
2188,1,48
2468,1,48
2331,1,53
2255,1,54
2131,1,57
2388,1,57
2541,1,57
2008,1,58
2176,1,62
2596,1,62
2487,1,66
2551,1,66
2202,1,67
2002,1,67
2060,1,72
2299,1,73
2267,1,78
2090,1,83
1982,1,83
2298,1,83
2387,1,84
2366,1,84
2578,1,84
1974,1,85
2474,1,86
2175,1,86
2583,1,90
1999,1,91
2194,1,98
2048,1,101
1981,1,102
2476,1,104
2276,1,104
1929,1,106
2497,1,109
2174,1,109
2393,1,112
2265,1,114
1939,1,117
1950,1,117
2022,1,118
2159,1,121
2201,1,123
2129,1,126
2491,1,126
2458,1,127
2454,1,127
2197,1,128
2056,1,130
2230,1,130
2170,1,135
2490,1,138
2478,1,139
2330,1,141
2058,1,141
2481,1,141
2363,1,142
2126,1,142
2436,1,142
2038,1,144
1992,1,144
2035,1,149
2347,1,149
1965,1,151
1947,1,153
2355,1,158
2558,1,160
2029,1,166
2419,1,166
2024,1,166
2416,1,166
1990,1,166
2319,1,168
2303,1,168
2199,1,171
2051,1,171
2205,1,174
2251,1,176
2305,1,178
2511,1,182
2010,1,184
1934,1,184
2449,1,184
1914,1,184
2087,1,184
2137,1,184
2334,1,184
1969,1,189
2016,1,192
2033,1,192
2190,1,193
2524,1,201
2300,1,203
2154,1,205
2128,1,206
2348,1,210
1905,1,210
2135,1,212
2389,1,212
2525,1,215
2021,1,216
2354,1,216
2318,1,216
2281,1,216
2463,1,221
2164,1,221
2062,1,225
2039,1,226
2160,1,228
2535,1,228
2382,1,228
2484,1,229
2312,1,229
2519,1,239
2505,1,239
2117,1,243
2479,1,249
2595,1,250
2297,1,255
2459,1,255
2150,1,255
2144,1,255
1978,1,255
2520,1,257
2446,1,257
2070,1,257
2572,1,258
2392,1,259
2247,1,260
2091,1,262
2381,1,262
2377,1,265
2386,1,265
2245,1,268
2390,1,271
2353,1,274
2055,1,278
2523,1,282
2522,1,282
2313,1,282
2041,1,282
1966,1,282
2119,1,282
1951,1,283
2493,1,283
2214,1,284
2439,1,285
2037,1,288
2216,1,291
2325,1,291
2346,1,301
2457,1,301
2102,1,301
2009,1,301
2408,1,303
2283,1,303
1991,1,305
2104,1,305
2083,1,306
2136,1,310
1906,1,311
2566,1,313
2181,1,313
2257,1,313
2068,1,313
2093,1,314
2394,1,314
1973,1,314
2025,1,314
2310,1,314
2397,1,316
2260,1,316
2036,1,322
2096,1,324
2032,1,327
1983,1,327
2554,1,329
1913,1,329
2077,1,329
1920,1,331
2015,1,331
2343,1,333
2246,1,334
2105,1,337
2586,1,337
2280,1,339
1909,1,342
2339,1,343
2013,1,351
2367,1,352
2211,1,352
2410,1,352
2450,1,352
2028,1,353
2185,1,353
2236,1,353
2095,1,353
2321,1,355
2157,1,356
2423,1,357
2510,1,357
2590,1,358
1931,1,359
2203,1,363
2000,1,363
2156,1,364
2444,1,364
2219,1,364
2225,1,366
2218,1,366
2494,1,367
2229,1,367
2304,1,369
2562,1,370
1916,1,370
2223,1,372
2417,1,375
2075,1,381
2067,1,381
2204,1,381
2452,1,381
2326,1,388
2556,1,391
2358,1,391
2508,1,392
2489,1,393
2256,1,394
2547,1,397
1937,1,401
2315,1,405
2108,1,411
2424,1,415
1964,1,415
2089,1,415
2145,1,415
2073,1,417
2594,1,417
1910,1,418
2464,1,418
1903,1,419
2116,1,419
2518,1,420
2232,1,421
1989,1,421
2115,1,425
1918,1,431
2133,1,433
2530,1,433
2007,1,436
2426,1,439
2539,1,439
2465,1,439
2473,1,444
2224,1,453
2120,1,459
2018,1,460
2501,1,460
2380,1,460
2555,1,461
1919,1,462
1960,1,462
2406,1,466
2391,1,472
2064,1,479
2273,1,479
2506,1,481
2277,1,481
1917,1,481
2499,1,483
2430,1,483
2398,1,483
2543,1,486
2107,1,487
2351,1,489
2100,1,489
2482,1,489
2241,1,489
2337,1,490
2053,1,492
2589,1,492
2151,1,493
2289,1,495
2153,1,496
2235,1,500
2228,1,503
2587,1,504
2453,1,506
2069,1,506
2571,1,506
2395,1,506
2240,1,508
2569,1,508
2559,1,509
1923,1,511
2132,1,511
1936,1,514
2173,1,523
2552,1,525
2163,1,525
2086,1,529
2534,1,534
2003,1,535
2332,1,538
1904,1,538
2438,1,538
2467,1,538
2533,1,540
2006,1,543
2531,1,543
2427,1,544
2092,1,545
1984,1,545
2162,1,549
2014,1,549
2399,1,554
2580,1,561
2544,1,567
2191,1,568
2004,1,568
2455,1,568
2167,1,568
2054,1,568
2042,1,570
2341,1,570
1987,1,573
2045,1,575
2127,1,577
2532,1,580
2017,1,582
1975,1,582
2328,1,582
2302,1,589
1942,1,591
2266,1,591
2193,1,592
2011,1,592
2374,1,592
2402,1,601
2470,1,605
2435,1,606
2591,1,607
2369,1,610
2047,1,610
2317,1,610
2138,1,620
2168,1,620
1958,1,620
2477,1,621
2139,1,621
2365,1,622
2134,1,624
2242,1,624
2210,1,627
2308,1,627
2316,1,634
2357,1,638
2400,1,639
1997,1,640
2078,1,642
2184,1,643
2342,1,646
1940,1,648
2378,1,655
2561,1,656
2099,1,659
1928,1,659
2335,1,659
2130,1,659
2019,1,659
2049,1,663
2483,1,663
2431,1,663
2243,1,674
1988,1,676
2275,1,676
2396,1,677
2480,1,679
2071,1,684
2238,1,688
1924,1,689
2536,1,689
2333,1,689
2592,1,689
2125,1,690
2370,1,693
1908,1,693
1944,1,694
2072,1,695
1957,1,695
2360,1,698
2207,1,698
2110,1,703
2322,1,706
2443,1,712
2356,1,714
1986,1,714
2307,1,715
2537,1,715
2442,1,718
2548,1,718
2573,1,718
2447,1,722
1927,1,722
2306,1,722
2046,1,724
2503,1,724
2336,1,726
2415,1,726
2582,1,727
2488,1,727
2565,1,730
2213,1,730
2567,1,730
2529,1,730
1952,1,733
2264,1,734
2498,1,737
2001,1,737
2466,1,738
2066,1,738
2475,1,739
2220,1,739
2528,1,739
2187,1,739
2409,1,743
2237,1,747
2030,1,747
2296,1,748
1932,1,749
2407,1,749
2293,1,750
2575,1,751
2244,1,754
2012,1,762
2425,1,769
2250,1,776
1968,1,777
2577,1,779
2517,1,779
2249,1,784
2106,1,784
2221,1,784
2026,1,784
2186,1,784
2182,1,784
2061,1,788
2271,1,790
2217,1,790
1962,1,791
2515,1,791
2368,1,795
2495,1,795
1956,1,795
1967,1,797
2462,1,802
2023,1,802
1963,1,802
2361,1,805
2080,1,805
2550,1,805
2545,1,806
2169,1,806
2549,1,806
2226,1,809
2338,1,810
2546,1,811
2020,1,812
2208,1,813
2261,1,825
2286,1,827
2262,1,830
2215,1,830
2327,1,830
2284,1,833
2027,1,834
2291,1,834
1941,1,834
1976,1,836
2526,1,839
2324,1,843
2440,1,845
2088,1,845
2155,1,845
2504,1,845
2254,1,846
1943,1,846
2362,1,849
1921,1,849
1994,1,849
2285,1,850
2584,1,857
2248,1,858
2146,1,858
2057,1,860
2122,1,861
2196,1,861
2500,1,865
2401,1,865
2513,1,868
2124,1,875
2414,1,876
2418,1,876
2166,1,876
2294,1,876
2472,1,877
2375,1,877
2301,1,877
2288,1,880
2585,1,880
2512,1,880
2200,1,883
1911,1,885
2171,1,885
2311,1,890
2269,1,890
2177,1,893
2031,1,896
2540,1,896
2588,1,900
2579,1,900
2405,1,900
2233,1,900
2279,1,900
1915,1,900
2428,1,901
2165,1,901
2178,1,902
2485,1,903
2052,1,905
2557,1,912
2576,1,913
2295,1,915
2179,1,916
2376,1,917
2079,1,917
1953,1,917
1922,1,918
2309,1,918
2340,1,918
2141,1,918
2314,1,920
2034,1,922
1970,1,923
2383,1,925
2172,1,928
2263,1,928
2043,1,929
1959,1,932
2323,1,932
2161,1,933
2563,1,936
2063,1,939
2451,1,941
2471,1,941
2044,1,941
2448,1,943
2152,1,945
1955,1,946
1907,1,946
2461,1,947
2274,1,947
2113,1,950
2121,1,950
2371,1,950
2198,1,950
2542,1,953
2084,1,955
2350,1,956
2570,1,961
2320,1,961
2514,1,965
2527,1,972
2384,1,972
1971,1,974
2349,1,977
2385,1,977
2192,1,978
1935,1,978
2158,1,980
2059,1,985
2574,1,990
1996,1,990
1930,1,990
1993,1,990
2352,1,991
1938,1,991
1980,1,993
2460,1,993
2082,1,995
2413,1,996
2258,1,996
2469,1,1005
2379,1,1007
2364,1,1009
2147,1,1013
2507,1,1013
2259,1,1013
2234,1,1013
1995,1,1013
2098,1,1014
2195,1,1015
2593,1,1015
2081,1,1015
2521,1,1016
2149,1,1021
2227,1,1021
2568,1,1025
2432,1,1026
2359,1,1031
1946,1,1031
2421,1,1031
1961,1,1031
2114,1,1031
1954,1,1031
2112,1,1033
2040,1,1033
2420,1,1034
2441,1,1034
1948,1,1036
2050,1,1036
2148,1,1039
2143,1,1041
2597,1,1042
2429,1,1044
2372,1,1046
2101,1,1046
2502,1,1046
2564,1,1046
2209,1,1046
1925,1,1046
2270,1,1048
1979,1,1048
2492,1,1050
2103,1,1057
2412,1,1059
2329,1,1059
2422,1,1062
2456,1,1065
2433,1,1066
1926,1,1066
2118,1,1067
2373,1,1074
2252,1,1074
2411,1,1075
2292,1,1077
2253,1,1079
2344,1,1083
2123,1,1083
2222,1,1083
2516,1,1083
2403,1,1083
2180,1,1083
2560,1,1083
2097,1,1087
2434,1,1090
2109,1,1091
1977,1,1091
2404,1,1093
2849,6,0
3242,6,0
2761,6,0
3083,6,0
2924,6,0
2637,6,0
2802,6,0
3272,6,0
3178,6,0
3066,6,0
2735,6,0
2893,6,0
3227,6,0
2770,6,0
2642,6,0
3315,6,0
2620,6,0
2726,6,0
3102,6,0
3267,6,0
2764,6,0
3047,6,2
3241,6,3
3260,6,11
2897,6,16
3274,6,16
2604,6,16
2621,6,25
2886,6,25
2669,6,27
3125,6,27
2940,6,28
2636,6,28
2749,6,31
3121,6,31
2717,6,33
3040,6,33
2755,6,35
3249,6,36
2800,6,43
3080,6,48
2823,6,56
2877,6,56
2871,6,56
3151,6,56
3070,6,56
2602,6,57
2693,6,59
3277,6,59
3243,6,59
2687,6,59
2962,6,62
2822,6,70
2774,6,76
2664,6,77
2948,6,77
2843,6,77
2672,6,77
3035,6,80
3050,6,80
3221,6,84
2982,6,84
3254,6,86
3279,6,86
3297,6,87
2750,6,87
2679,6,89
3061,6,89
3204,6,89
2972,6,89
2790,6,90
3261,6,90
3287,6,91
3106,6,95
2746,6,98
3317,6,98
2869,6,99
3213,6,101
2970,6,105
3216,6,106
3016,6,116
2941,6,117
2767,6,124
2645,6,127
3058,6,130
3140,6,132
3310,6,132
2776,6,136
3200,6,136
3018,6,136
2828,6,136
2846,6,138
2775,6,138
3302,6,144
2966,6,149
2929,6,152
3285,6,152
3313,6,152
3175,6,152
3284,6,152
2919,6,157
3174,6,157
2748,6,158
3307,6,158
2718,6,161
2873,6,170
2695,6,173
3112,6,174
2681,6,175
2634,6,175
2799,6,175
3300,6,175
3045,6,175
3110,6,175
2623,6,178
3091,6,181
2657,6,181
2996,6,181
3192,6,183
2832,6,185
2864,6,185
2951,6,186
3115,6,186
2673,6,186
2625,6,186
2793,6,186
3305,6,187
2915,6,187
3187,6,187
3089,6,188
3033,6,188
2651,6,189
2979,6,189
2665,6,199
2891,6,199
2668,6,199
3116,6,199
2639,6,199
3122,6,199
3262,6,202
2616,6,204
3108,6,205
3198,6,207
2964,6,207
3223,6,210
3005,6,214
3202,6,217
2936,6,220
3078,6,220
3208,6,224
2921,6,224
3150,6,225
2666,6,225
3094,6,227
3019,6,227
3298,6,227
2938,6,227
3244,6,231
2603,6,234
3124,6,235
3275,6,242
3189,6,244
2912,6,248
2721,6,249
3039,6,249
2779,6,251
3236,6,251
2713,6,251
2808,6,251
3266,6,252
3295,6,252
2738,6,258
3226,6,258
3180,6,259
2656,6,263
2704,6,268
2870,6,274
3306,6,277
2899,6,278
2855,6,278
2980,6,278
2816,6,278
2889,6,278
3067,6,278
3043,6,278
3149,6,278
2997,6,283
3001,6,283
3237,6,284
2943,6,286
3193,6,287
3264,6,293
3142,6,294
2859,6,294
2613,6,308
2888,6,308
2804,6,309
2709,6,310
2690,6,311
2798,6,311
2615,6,311
2988,6,316
3158,6,316
2762,6,317
2880,6,323
3157,6,323
2957,6,323
2961,6,329
2722,6,332
2902,6,334
2965,6,340
2685,6,346
2797,6,346
3270,6,349
3011,6,354
3127,6,354
2773,6,357
2609,6,357
2896,6,358
2894,6,358
2786,6,358
3126,6,359
2661,6,362
3065,6,362
2785,6,363
2998,6,373
2662,6,375
2881,6,376
2854,6,378
2874,6,384
3032,6,384
3245,6,384
3144,6,386
2711,6,386
3289,6,386
3176,6,386
2697,6,387
2907,6,387
2963,6,388
2617,6,388
2900,6,389
3118,6,392
2683,6,396
3046,6,399
2720,6,402
3278,6,405
3215,6,405
2633,6,406
3141,6,408
3038,6,410
3232,6,415
3220,6,415
2983,6,415
2805,6,415
2920,6,418
2682,6,418
2829,6,418
2787,6,418
2989,6,421
2824,6,421
2640,6,422
2976,6,423
2663,6,423
3135,6,430
3195,6,433
2659,6,433
3082,6,439
3152,6,446
2654,6,446
3103,6,454
2952,6,458
3138,6,458
3025,6,458
2728,6,458
3246,6,458
2626,6,467
3201,6,467
3000,6,469
3230,6,469
2643,6,469
2619,6,470
3037,6,470
2806,6,470
3146,6,471
3231,6,476
2680,6,480
3217,6,484
3276,6,486
3209,6,486
2756,6,486
2812,6,486
2819,6,486
3027,6,486
3111,6,486
2698,6,486
2890,6,487
2644,6,488
3132,6,499
2839,6,500
3130,6,500
2701,6,500
2973,6,500
2777,6,501
3199,6,504
3063,6,504
3263,6,505
3179,6,505
2632,6,506
2607,6,506
2676,6,514
2608,6,514
2688,6,516
3095,6,519
2803,6,520
3051,6,524
2730,6,525
2834,6,528
2993,6,530
3079,6,530
3036,6,530
3164,6,530
2692,6,532
3012,6,532
3186,6,537
3203,6,539
3171,6,540
2627,6,541
3291,6,548
2837,6,549
2858,6,549
3007,6,549
2670,6,549
2987,6,556
2885,6,556
3323,6,557
2974,6,557
2813,6,560
2723,6,561
2945,6,569
2703,6,569
3090,6,569
3081,6,569
3131,6,569
3252,6,569
3113,6,570
2946,6,572
3238,6,574
3170,6,576
2867,6,578
2958,6,582
3129,6,583
3099,6,589
2610,6,590
2977,6,592
2913,6,592
2794,6,592
2641,6,592
2612,6,592
3100,6,592
3048,6,592
3137,6,593
2950,6,593
2932,6,596
2741,6,600
2986,6,600
3283,6,600
2826,6,602
2884,6,603
3105,6,611
2845,6,625
2818,6,626
3320,6,626
3281,6,626
2601,6,626
3054,6,626
2630,6,626
3015,6,626
2801,6,629
2992,6,632
2736,6,633
2796,6,634
3021,6,638
3296,6,640
3314,6,640
3282,6,640
3319,6,640
3009,6,641
2766,6,641
3023,6,641
3109,6,642
2810,6,642
2600,6,647
2820,6,648
2658,6,649
2780,6,654
3312,6,661
3229,6,669
3093,6,669
2611,6,669
2878,6,674
3057,6,674
2838,6,674
3059,6,677
2856,6,677
3031,6,680
2655,6,683
2660,6,683
3087,6,683
2960,6,683
3008,6,683
2840,6,683
3194,6,684
3075,6,684
2714,6,685
2702,6,685
2707,6,685
2928,6,688
3288,6,699
3172,6,703
3006,6,703
2994,6,706
2705,6,706
3214,6,707
3239,6,707
3292,6,717
3042,6,717
3022,6,719
3182,6,719
3136,6,719
2769,6,720
2765,6,720
2708,6,721
2809,6,721
2975,6,725
3148,6,725
2757,6,725
3235,6,728
2947,6,729
3173,6,729
3190,6,734
3107,6,737
2934,6,738
2768,6,745
3225,6,745
3191,6,745
2628,6,746
2624,6,746
2931,6,747
2836,6,748
3128,6,749
3020,6,750
2969,6,751
2933,6,753
2905,6,755
2833,6,755
3162,6,758
2674,6,758
3117,6,758
2906,6,758
2910,6,760
2852,6,760
2724,6,763
2967,6,763
3123,6,766
3068,6,766
3259,6,766
2712,6,767
2650,6,770
3017,6,770
3247,6,771
3301,6,776
3265,6,778
2649,6,781
3240,6,781
3183,6,781
2901,6,781
2778,6,792
3218,6,792
2716,6,793
2739,6,793
2831,6,795
2599,6,799
3041,6,799
2629,6,799
2914,6,799
2694,6,805
3159,6,806
3311,6,807
3073,6,809
3258,6,813
2700,6,817
2745,6,817
3098,6,817
2847,6,821
3224,6,821
2895,6,823
2807,6,823
3060,6,824
2811,6,827
2827,6,827
2729,6,827
3222,6,827
3055,6,827
2866,6,829
2696,6,831
2841,6,836
2923,6,837
3181,6,838
2879,6,838
2872,6,838
3026,6,839
2648,6,840
2772,6,840
3155,6,840
3271,6,843
3029,6,844
3069,6,852
2926,6,853
3013,6,862
3034,6,869
3185,6,869
2821,6,869
2853,6,869
2752,6,869
2882,6,870
3052,6,870
3145,6,870
2631,6,872
2675,6,873
2937,6,874
3233,6,878
3273,6,879
2753,6,885
2835,6,887
2737,6,887
2909,6,889
3101,6,895
2734,6,900
2622,6,900
3114,6,900
3165,6,901
3205,6,901
2991,6,905
2795,6,905
3072,6,906
2791,6,907
2862,6,909
3168,6,912
3076,6,914
3253,6,914
2861,6,914
2671,6,914
3071,6,914
2784,6,916
2954,6,916
3156,6,919
2956,6,926
2968,6,929
2930,6,935
3154,6,942
2751,6,942
3004,6,942
2733,6,944
3280,6,944
2742,6,950
2788,6,951
3119,6,951
2935,6,952
2731,6,952
2638,6,955
2760,6,955
2865,6,955
3250,6,955
2883,6,955
2710,6,956
2949,6,957
3166,6,958
3028,6,959
2715,6,961
2678,6,961
2916,6,962
2781,6,965
3010,6,965
3014,6,965
2844,6,969
2978,6,970
2908,6,975
3104,6,981
3003,6,983
3143,6,993
2614,6,996
3196,6,996
2618,6,998
3092,6,998
2727,6,1001
2817,6,1001
3002,6,1002
3062,6,1002
3044,6,1002
2917,6,1002
2706,6,1006
2792,6,1011
3096,6,1011
3161,6,1015
3160,6,1016
2868,6,1025
3269,6,1025
3248,6,1028
2740,6,1028
3097,6,1031
2984,6,1032
2944,6,1036
3290,6,1036
3322,6,1036
2939,6,1038
2918,6,1038
3086,6,1040
3163,6,1040
2699,6,1041
2771,6,1041
3134,6,1049
3234,6,1049
3084,6,1054
2677,6,1054
3219,6,1056
2605,6,1059
3167,6,1059
3212,6,1063
3251,6,1063
3074,6,1063
2789,6,1063
2743,6,1063
3120,6,1063
2783,6,1066
3257,6,1069
2875,6,1069
2942,6,1069
3303,6,1071
3077,6,1071
2691,6,1072
2876,6,1072
3256,6,1072
3049,6,1072
2850,6,1072
2892,6,1072
2759,6,1079
3207,6,1083
3309,6,1085
2860,6,1092
2815,6,1092
3286,6,1092
3064,6,1092
2990,6,1093
3255,6,1093
2999,6,1093
3206,6,1094
2842,6,1097
2898,6,1099
2744,6,1101
2725,6,1102
2754,6,1104
2782,6,1104
3030,6,1106
2747,6,1107
3318,6,1107
3024,6,1107
2851,6,1107
3197,6,1107
3056,6,1107
2925,6,1109
2667,6,1111
3139,6,1113
2959,6,1120
2719,6,1120
2652,6,1120
2635,6,1122
3184,6,1122
2684,6,1122
2653,6,1128
2689,6,1132
2732,6,1132
3133,6,1132
3268,6,1135
3210,6,1139
2911,6,1140
2981,6,1140
2686,6,1141
2848,6,1141
2758,6,1141
2904,6,1142
2646,6,1145
2953,6,1150
3188,6,1151
3321,6,1153
2922,6,1154
3147,6,1157
2825,6,1157
3294,6,1163
2830,6,1163
2647,6,1163
3293,6,1164
3304,6,1164
2903,6,1164
2763,6,1167
3169,6,1168
2606,6,1168
2598,6,1168
3228,6,1170
2927,6,1173
3088,6,1175
2955,6,1175
2863,6,1178
3211,6,1178
2857,6,1179
3153,6,1180
2995,6,1188
3085,6,1188
3299,6,1188
3177,6,1188
3308,6,1190
2971,6,1191
2887,6,1195
2814,6,1197
3316,6,1200
3053,6,1201
2985,6,1202
4060,2,0
4041,2,0
3875,2,0
3388,2,0
3514,2,0
3503,2,0
3480,2,0
4054,2,0
3341,2,0
3969,2,0
3381,2,0
4018,2,0
4113,2,0
4012,2,0
3631,2,0
3326,2,0
3427,2,0
3997,2,0
3426,2,0
3607,2,5
3739,2,6
3354,2,16
3582,2,16
3676,2,16
3633,2,16
3767,2,16
3522,2,16
3698,2,18
3690,2,18
3543,2,19
3908,2,19
3626,2,21
4049,2,23
3589,2,26
3771,2,31
3535,2,34
4051,2,37
3834,2,37
3384,2,41
3612,2,41
3488,2,41
3577,2,42
3960,2,42
3437,2,42
3914,2,46
3576,2,46
3721,2,46
3393,2,48
3591,2,50
3730,2,51
3516,2,52
3528,2,52
3664,2,55
3579,2,60
4098,2,60
3704,2,61
3716,2,65
3813,2,65
3784,2,68
3392,2,69
3403,2,74
3595,2,74
4084,2,74
3335,2,74
3386,2,76
3905,2,79
4127,2,80
3710,2,81
3453,2,83
3964,2,84
3424,2,86
4099,2,87
4062,2,88
3773,2,90
4123,2,92
3766,2,93
3336,2,95
3456,2,102
3333,2,102
3520,2,102
3811,2,102
3649,2,102
3639,2,102
3684,2,103
3754,2,103
3705,2,103
3920,2,103
4076,2,103
3903,2,105
3998,2,106
3530,2,107
3657,2,112
3747,2,119
4015,2,121
3887,2,124
3713,2,126
4118,2,127
4090,2,127
3682,2,127
3940,2,127
3995,2,127
3741,2,127
3778,2,128
4119,2,132
3414,2,132
3978,2,133
3803,2,136
3627,2,137
3434,2,137
3861,2,137
3412,2,138
3789,2,138
3722,2,138
3327,2,138
3585,2,139
3946,2,140
4079,2,140
3768,2,141
3328,2,141
4029,2,144
3864,2,145
4005,2,148
3727,2,148
3507,2,149
3829,2,152
3666,2,155
4037,2,156
3820,2,156
4129,2,156
3470,2,158
3352,2,158
4087,2,158
3603,2,158
3628,2,158
3899,2,161
3807,2,162
3565,2,162
3557,2,163
3578,2,164
3761,2,166
3654,2,166
3785,2,167
3640,2,174
4061,2,178
3890,2,184
3719,2,188
3451,2,189
3391,2,189
3559,2,191
3484,2,191
3823,2,192
3968,2,193
3926,2,193
3487,2,194
3675,2,195
3468,2,200
3436,2,200
3504,2,204
3885,2,204
3857,2,206
3809,2,208
3959,2,209
3825,2,209
4102,2,209
3798,2,210
4028,2,210
3378,2,210
3509,2,213
4100,2,214
3373,2,215
3653,2,217
3683,2,218
3344,2,221
3533,2,221
3915,2,231
3409,2,233
3764,2,233
3669,2,238
3678,2,243
3580,2,243
3749,2,244
3981,2,244
3961,2,244
4063,2,244
3638,2,244
4110,2,247
3732,2,247
3466,2,247
3540,2,248
3549,2,250
3630,2,254
3332,2,255
3594,2,259
3982,2,259
3387,2,262
3550,2,266
3469,2,269
3735,2,269
3923,2,269
3902,2,269
3689,2,270
3340,2,270
3667,2,270
3527,2,270
4056,2,270
3366,2,270
4080,2,270
4034,2,274
3642,2,274
3763,2,279
3472,2,282
3545,2,283
4014,2,285
4074,2,285
3740,2,285
4032,2,285
3610,2,292
3815,2,295
4125,2,296
3850,2,300
3877,2,300
4053,2,306
3980,2,307
4035,2,308
3599,2,308
3757,2,310
3567,2,310
3833,2,315
3984,2,315
3613,2,318
3432,2,318
3330,2,319
3459,2,321
3794,2,322
3364,2,322
3637,2,322
3624,2,327
3659,2,328
3575,2,328
3546,2,328
3706,2,330
3471,2,330
4026,2,333
4114,2,333
3473,2,334
3973,2,334
3457,2,340
3852,2,340
4085,2,341
3849,2,346
3486,2,348
4103,2,353
3524,2,353
3431,2,353
3400,2,356
4023,2,356
3755,2,356
3718,2,359
3888,2,360
3597,2,362
4092,2,364
3796,2,364
3691,2,364
3972,2,364
3464,2,364
4027,2,364
4130,2,365
3526,2,366
3695,2,368
3337,2,373
3478,2,374
3606,2,376
3345,2,376
3338,2,376
3919,2,376
3450,2,376
3351,2,376
3483,2,377
3765,2,377
3600,2,378
3929,2,379
3819,2,382
3608,2,384
3481,2,386
3334,2,389
3510,2,390
3383,2,390
3804,2,390
3822,2,390
3842,2,393
3362,2,394
3901,2,396
3967,2,396
3501,2,398
3367,2,399
3685,2,400
3808,2,401
3544,2,403
3615,2,411
3420,2,415
3670,2,416
4067,2,419
3979,2,421
3743,2,421
3775,2,421
3859,2,424
3853,2,424
3786,2,424
3816,2,424
3956,2,424
4124,2,427
3886,2,427
3985,2,428
3570,2,428
3824,2,429
3868,2,433
3724,2,437
3873,2,442
3438,2,443
3948,2,444
3836,2,445
3449,2,449
3529,2,449
3531,2,449
3668,2,449
3839,2,449
3717,2,449
3622,2,455
4002,2,455
3916,2,455
3421,2,458
4064,2,459
3976,2,459
3801,2,461
3502,2,465
3644,2,467
3518,2,470
3781,2,471
3445,2,476
3774,2,476
3708,2,477
3989,2,478
3452,2,482
3728,2,482
3889,2,482
3537,2,486
3349,2,486
3443,2,487
3687,2,487
3742,2,487
3855,2,487
3703,2,487
3489,2,490
3707,2,490
3561,2,491
3945,2,492
3411,2,493
4042,2,493
4059,2,495
3620,2,501
4011,2,501
3871,2,501
3619,2,501
3408,2,503
3692,2,503
3433,2,506
4109,2,510
3569,2,511
3656,2,513
3532,2,513
3744,2,514
3358,2,519
4040,2,524
3623,2,526
3882,2,530
3862,2,530
4057,2,532
4128,2,532
3375,2,533
3618,2,533
3921,2,534
3812,2,534
3430,2,538
3641,2,539
3770,2,541
3709,2,544
3372,2,547
4025,2,549
3810,2,549
3357,2,549
3629,2,554
3832,2,554
3893,2,554
3401,2,555
3566,2,562
3731,2,562
4006,2,562
3324,2,564
3671,2,565
3974,2,565
3878,2,565
3797,2,565
3482,2,565
3848,2,565
4044,2,568
3679,2,573
3490,2,574
3817,2,577
3863,2,577
3999,2,581
3987,2,583
3448,2,584
3845,2,586
3931,2,590
3840,2,590
3429,2,590
4047,2,590
4069,2,591
4024,2,591
3936,2,600
3562,2,603
3701,2,607
4058,2,608
3900,2,608
3560,2,608
3584,2,609
3938,2,613
4043,2,617
3715,2,618
3758,2,621
3821,2,621
3554,2,626
3975,2,627
3906,2,628
4115,2,628
3474,2,628
3918,2,628
3325,2,628
3780,2,628
3782,2,632
3953,2,632
4004,2,633
3505,2,639
3860,2,639
3475,2,639
3558,2,643
3769,2,648
3674,2,649
3602,2,651
3966,2,654
3538,2,657
3621,2,658
4089,2,658
3779,2,659
3990,2,659
3793,2,661
3553,2,661
3994,2,661
4050,2,664
4072,2,664
3515,2,666
3911,2,666
3917,2,670
3891,2,670
3799,2,675
3496,2,677
3694,2,679
4116,2,679
4065,2,679
3723,2,679
4111,2,679
3444,2,680
3869,2,680
3760,2,681
3655,2,682
3658,2,684
4021,2,686
3551,2,687
3992,2,688
4095,2,692
3814,2,699
3745,2,704
3870,2,704
3399,2,704
3402,2,704
3513,2,704
4126,2,704
3511,2,704
3455,2,704
3596,2,707
3428,2,713
3632,2,713
3806,2,713
4031,2,714
3423,2,715
3951,2,718
3500,2,720
3837,2,720
3913,2,722
3477,2,728
3382,2,728
4071,2,728
4030,2,728
3783,2,729
4001,2,730
3605,2,730
3350,2,730
3371,2,730
3791,2,730
3896,2,732
3467,2,733
3841,2,734
4039,2,735
3541,2,741
3609,2,742
4073,2,745
3939,2,745
3826,2,746
3872,2,748
4055,2,748
3957,2,748
3884,2,748
3463,2,749
3696,2,749
4091,2,750
3897,2,750
3519,2,750
3499,2,750
3693,2,751
3331,2,752
3792,2,752
3802,2,757
3390,2,759
3847,2,762
3379,2,763
3772,2,763
3746,2,772
4108,2,772
4046,2,774
3909,2,782
3497,2,782
4020,2,784
3491,2,784
3944,2,784
3947,2,786
3462,2,786
3881,2,786
3454,2,788
3977,2,788
3643,2,789
3648,2,790
3725,2,794
3356,2,795
3652,2,797
3396,2,801
3635,2,802
3389,2,804
3329,2,804
3458,2,804
4094,2,807
3425,2,807
3795,2,809
3581,2,813
3751,2,813
3756,2,817
3573,2,820
4105,2,828
3342,2,832
3492,2,833
3662,2,835
3672,2,835
3645,2,835
3435,2,838
3360,2,838
3912,2,838
4104,2,838
4017,2,838
3677,2,840
3963,2,841
4117,2,844
3650,2,844
3866,2,845
3419,2,851
3697,2,851
3394,2,851
3465,2,851
3416,2,851
3993,2,851
3355,2,853
3415,2,853
3661,2,853
3790,2,854
3441,2,858
3395,2,863
4083,2,869
3788,2,869
3377,2,869
3646,2,869
3856,2,878
4013,2,884
3865,2,884
3752,2,885
4068,2,886
3737,2,886
3405,2,888
3442,2,891
3556,2,891
3407,2,893
3965,2,895
4003,2,895
4082,2,896
4121,2,899
4093,2,899
3494,2,902
3874,2,902
3583,2,902
3930,2,902
3932,2,904
3636,2,904
3971,2,904
3359,2,907
4101,2,907
3495,2,916
3660,2,916
4022,2,920
3592,2,921
3634,2,921
3346,2,925
3493,2,925
3898,2,925
3651,2,925
3950,2,925
3996,2,927
3413,2,927
3762,2,931
3688,2,931
3759,2,932
3410,2,933
3590,2,936
3854,2,937
3665,2,942
3508,2,943
4070,2,946
3955,2,948
3398,2,948
4036,2,948
3525,2,949
3568,2,949
3574,2,949
3572,2,949
3924,2,949
3714,2,949
3374,2,955
3485,2,956
3983,2,958
3440,2,960
3498,2,960
3952,2,960
3347,2,961
3593,2,964
3542,2,967
3363,2,969
3910,2,973
4081,2,977
3736,2,979
3548,2,979
3738,2,979
4033,2,982
3937,2,983
3534,2,983
3894,2,986
3418,2,986
4045,2,987
3925,2,988
3986,2,988
4010,2,989
3406,2,989
3942,2,993
3479,2,999
3787,2,1002
3446,2,1004
3958,2,1004
3800,2,1004
4086,2,1005
3564,2,1005
3587,2,1006
4120,2,1006
3753,2,1010
4038,2,1010
3991,2,1016
3851,2,1017
3729,2,1020
3417,2,1024
3571,2,1024
3830,2,1024
3895,2,1028
3922,2,1031
3536,2,1031
4112,2,1031
3673,2,1031
3927,2,1031
3835,2,1034
3348,2,1034
3563,2,1034
3818,2,1034
3928,2,1034
3700,2,1037
3805,2,1038
3547,2,1038
3422,2,1047
3614,2,1047
3699,2,1051
3476,2,1054
3376,2,1055
3439,2,1057
4097,2,1060
3506,2,1065
4077,2,1067
3883,2,1067
3461,2,1067
3748,2,1067
3711,2,1069
3611,2,1069
3846,2,1069
3733,2,1069
3843,2,1069
3935,2,1075
4066,2,1077
3880,2,1078
3512,2,1078
3827,2,1080
3702,2,1080
3601,2,1082
4088,2,1087
3831,2,1090
3712,2,1090
3892,2,1090
3943,2,1090
3523,2,1090
3904,2,1090
3933,2,1090
3838,2,1091
3365,2,1091
3552,2,1091
3879,2,1092
4007,2,1093
3776,2,1097
3586,2,1098
3954,2,1100
4008,2,1102
3663,2,1102
3949,2,1103
4096,2,1103
3844,2,1104
3680,2,1104
3353,2,1108
3397,2,1109
3625,2,1111
3517,2,1111
3380,2,1111
3681,2,1116
3447,2,1117
3604,2,1121
3385,2,1122
3750,2,1124
3867,2,1125
3970,2,1130
3734,2,1130
3555,2,1130
3828,2,1131
3941,2,1131
3647,2,1131
3404,2,1131
4052,2,1132
4000,2,1136
3539,2,1140
3617,2,1142
3588,2,1144
4016,2,1144
4106,2,1148
3876,2,1148
4019,2,1148
4122,2,1148
4075,2,1148
3720,2,1148
3460,2,1150
3934,2,1151
3962,2,1152
3368,2,1156
3343,2,1159
4009,2,1161
3777,2,1165
3988,2,1168
3521,2,1168
3616,2,1168
3598,2,1168
4078,2,1175
3339,2,1175
3907,2,1176
3726,2,1178
3369,2,1180
3686,2,1182
4107,2,1183
3858,2,1184
4048,2,1186
3361,2,1187
3370,2,1188
4461,4,0
4844,4,0
4440,4,0
4971,4,0
4769,4,0
4266,4,0
4391,4,0
4173,4,0
4215,4,1
4922,4,1
4477,4,1
4591,4,1
4263,4,1
4821,4,1
4316,4,1
4957,4,1
4154,4,1
4584,4,1
4569,4,1
4886,4,1
4336,4,1
4351,4,1
4488,4,1
4142,4,1
4208,4,4
4898,4,4
4321,4,4
4950,4,4
4635,4,4
4924,4,4
4949,4,9
4468,4,9
4901,4,11
4558,4,13
4897,4,17
4981,4,18
4285,4,19
4921,4,22
4860,4,26
4401,4,27
4963,4,30
4483,4,31
4267,4,31
4386,4,32
4929,4,33
4918,4,33
4969,4,33
4557,4,33
4419,4,33
4638,4,34
4740,4,35
4611,4,36
4985,4,39
4362,4,39
4618,4,39
4676,4,43
4564,4,45
4495,4,47
4975,4,49
4988,4,54
4839,4,54
4306,4,54
4337,4,54
4372,4,54
4791,4,54
4503,4,55
4327,4,61
4935,4,63
4784,4,63
4464,4,67
4264,4,67
4887,4,72
4490,4,72
4389,4,73
4991,4,73
4230,4,75
4820,4,77
4657,4,79
4413,4,79
4157,4,79
4694,4,79
4837,4,79
4933,4,81
4986,4,81
4718,4,81
4463,4,82
4641,4,84
4624,4,84
4354,4,85
4993,4,86
4148,4,88
4643,4,90
4710,4,95
4138,4,97
4205,4,99
4701,4,100
4542,4,100
4605,4,100
4835,4,102
4904,4,102
4156,4,104
4636,4,105
4178,4,105
4923,4,106
4704,4,107
4572,4,107
4137,4,107
4651,4,108
4822,4,108
4920,4,109
4915,4,112
4445,4,113
4987,4,115
4706,4,115
4287,4,117
4439,4,117
4599,4,118
4983,4,118
4752,4,122
4754,4,122
4425,4,125
4465,4,125
4328,4,125
4510,4,125
4781,4,130
4496,4,130
4713,4,131
4504,4,132
4978,4,134
4432,4,137
4788,4,137
4240,4,138
4407,4,142
4900,4,143
4595,4,144
4513,4,145
4995,4,145
4475,4,145
4856,4,152
4938,4,152
4744,4,152
4911,4,154
4143,4,156
4334,4,157
4736,4,161
4282,4,162
4279,4,163
4221,4,166
4656,4,168
4999,4,168
4332,4,169
4859,4,169
4251,4,169
4625,4,169
4610,4,169
4847,4,169
4674,4,170
4466,4,170
4552,4,170
4177,4,170
4809,4,170
4451,4,173
4534,4,173
4785,4,174
4473,4,174
4395,4,174
4198,4,175
4524,4,175
4405,4,178
4374,4,189
4164,4,192
4509,4,193
4171,4,201
4994,4,233
4925,4,246
4700,4,246
4449,4,246
4712,4,246
4410,4,246
4864,4,246
4782,4,246
4626,4,246
4498,4,246
4485,4,246
4865,4,246
4804,4,246
4689,4,246
4698,4,246
4642,4,246
4234,4,246
4794,4,246
4365,4,246
4555,4,248
4617,4,249
4616,4,254
4613,4,257
4597,4,259
4727,4,259
4592,4,261
4295,4,268
4649,4,269
4286,4,272
4577,4,274
4771,4,277
4176,4,282
4237,4,282
4259,4,282
4620,4,282
4494,4,282
4737,4,284
4568,4,284
4862,4,284
4136,4,286
4311,4,286
4404,4,290
4235,4,291
4908,4,291
4233,4,294
4396,4,295
4294,4,296
4758,4,299
4265,4,300
4960,4,300
4333,4,303
4462,4,303
4664,4,303
4650,4,303
4189,4,303
4476,4,303
4467,4,305
4692,4,305
4162,4,305
4639,4,305
4747,4,306
4745,4,306
4523,4,306
4429,4,312
4377,4,312
4232,4,314
4779,4,315
4914,4,315
4735,4,317
4369,4,320
4146,4,323
4444,4,323
4350,4,323
4959,4,323
4997,4,328
4631,4,328
4895,4,329
4403,4,330
4697,4,333
4947,4,335
4152,4,336
4398,4,336
4199,4,336
4533,4,336
4531,4,339
4799,4,339
4242,4,339
4968,4,343
4606,4,346
4133,4,346
4725,4,346
4460,4,347
4627,4,347
4930,4,348
4193,4,351
4271,4,354
4512,4,355
4346,4,356
4633,4,356
4982,4,361
4167,4,367
4573,4,367
4793,4,367
4441,4,367
4453,4,368
4672,4,368
4881,4,368
4833,4,370
4719,4,375
4723,4,375
4749,4,376
4426,4,378
4147,4,379
4810,4,381
4996,4,381
4277,4,381
4497,4,382
4888,4,382
4499,4,385
4310,4,385
4764,4,385
4679,4,389
4373,4,390
4587,4,391
4571,4,394
4371,4,394
4356,4,396
4619,4,397
4213,4,397
4942,4,397
4519,4,397
4247,4,397
4734,4,397
4528,4,397
4194,4,397
4585,4,397
4227,4,397
4186,4,398
4275,4,398
4778,4,398
4529,4,398
4200,4,398
4560,4,398
4668,4,400
4818,4,400
4545,4,400
4807,4,400
4438,4,403
4276,4,403
4514,4,403
4433,4,403
4297,4,407
4252,4,409
4363,4,413
4637,4,413
4548,4,415
4324,4,415
4556,4,417
4667,4,417
4660,4,417
4339,4,417
4669,4,417
4980,4,419
4708,4,419
4682,4,419
4180,4,422
4472,4,422
4417,4,426
4850,4,429
4522,4,429
4239,4,431
4632,4,431
4866,4,432
4709,4,432
4965,4,434
4990,4,439
4763,4,442
4561,4,442
4387,4,444
4521,4,445
4662,4,450
4383,4,454
4381,4,454
4481,4,455
4261,4,456
4144,4,456
4805,4,456
4705,4,456
4707,4,457
4140,4,457
4231,4,458
4795,4,458
4762,4,459
4515,4,459
4415,4,459
4732,4,464
4811,4,467
4187,4,471
4298,4,472
4645,4,472
4741,4,473
4872,4,473
4720,4,473
4455,4,473
4132,4,477
4216,4,478
4932,4,478
4211,4,479
4158,4,480
4680,4,484
4536,4,486
4540,4,486
4566,4,486
4580,4,487
4757,4,487
4456,4,487
4469,4,491
4330,4,493
4797,4,493
4583,4,498
4608,4,500
4340,4,501
4823,4,501
4830,4,502
4458,4,502
4518,4,506
4586,4,508
4318,4,508
4581,4,508
4359,4,508
4380,4,508
4349,4,510
4905,4,510
4575,4,511
4168,4,513
4155,4,518
4746,4,520
4614,4,527
4934,4,527
4890,4,531
4492,4,532
4802,4,535
4699,4,538
4867,4,538
4260,4,541
4165,4,541
4691,4,541
4612,4,541
4508,4,541
4629,4,541
4303,4,543
4159,4,543
4273,4,543
4338,4,544
4948,4,545
4849,4,546
4554,4,546
4958,4,546
4169,4,546
4604,4,548
4733,4,548
4296,4,548
4506,4,548
4248,4,549
4992,4,552
4730,4,552
4913,4,554
4331,4,556
4342,4,562
4892,4,563
4615,4,570
4170,4,570
4848,4,570
4190,4,570
4661,4,570
4884,4,570
4829,4,570
4589,4,570
4998,4,570
4420,4,573
4722,4,574
4293,4,576
4195,4,579
4834,4,580
4760,4,581
4792,4,582
4783,4,583
4647,4,590
4688,4,590
4655,4,590
4695,4,590
4375,4,591
4244,4,594
4491,4,594
4893,4,594
4345,4,595
4628,4,596
4482,4,597
4268,4,597
4269,4,606
4204,4,609
4728,4,611
4179,4,612
4223,4,615
4214,4,615
4814,4,615
4206,4,616
4770,4,616
4220,4,618
4896,4,618
4875,4,625
4394,4,627
4370,4,630
4406,4,630
4891,4,631
4826,4,633
4150,4,633
4774,4,634
4209,4,636
4955,4,639
4601,4,642
4185,4,643
4412,4,643
4841,4,643
4879,4,643
4274,4,643
4511,4,644
4715,4,645
4567,4,645
4343,4,648
4780,4,648
4175,4,648
4852,4,648
4953,4,648
4255,4,648
4912,4,651
4541,4,651
4210,4,654
4598,4,654
4937,4,655
4817,4,659
4390,4,663
4824,4,665
4989,4,665
4773,4,666
4414,4,667
4873,4,667
4450,4,668
4831,4,668
4474,4,669
4302,4,669
4693,4,674
4815,4,674
4355,4,676
4270,4,677
4600,4,677
4217,4,684
4894,4,685
4532,4,685
4245,4,685
4739,4,685
4939,4,686
4967,4,686
4543,4,686
4588,4,686
4880,4,692
4478,4,693
4751,4,693
4226,4,697
4225,4,699
4743,4,699
4909,4,705
4547,4,706
4470,4,706
4742,4,706
4151,4,706
4238,4,706
4941,4,706
4653,4,706
4280,4,706
4563,4,706
4459,4,707
4686,4,709
4703,4,712
4836,4,720
4131,4,722
4646,4,725
4846,4,726
4603,4,731
4711,4,732
4191,4,732
4416,4,732
4312,4,732
4570,4,732
4448,4,732
4236,4,735
4623,4,736
4731,4,736
4648,4,737
4452,4,737
4716,4,740
4527,4,741
4776,4,744
4319,4,744
4916,4,747
4184,4,751
4480,4,753
4348,4,753
4385,4,753
4917,4,753
4471,4,753
4424,4,754
4284,4,754
4812,4,754
4257,4,755
4845,4,755
4224,4,758
4301,4,758
4952,4,759
4871,4,768
4882,4,775
4428,4,777
4304,4,782
4789,4,785
4951,4,785
4973,4,790
4759,4,790
4677,4,790
4654,4,790
4954,4,794
4427,4,794
4590,4,794
4535,4,794
4172,4,794
4309,4,794
4437,4,794
4505,4,794
4984,4,794
4400,4,794
4945,4,798
4329,4,798
4344,4,798
4376,4,798
4135,4,798
4652,4,799
4878,4,802
4870,4,802
4576,4,807
4956,4,807
4861,4,808
4976,4,811
4729,4,813
4246,4,814
4409,4,817
4411,4,821
4181,4,821
4644,4,821
4291,4,821
4366,4,821
4539,4,823
4299,4,823
4874,4,823
4832,4,823
4738,4,823
4219,4,824
4283,4,824
4907,4,825
4315,4,825
4145,4,825
4256,4,825
4229,4,825
4961,4,825
4855,4,826
4761,4,830
4640,4,830
4889,4,831
4801,4,834
4384,4,836
4457,4,838
4314,4,840
4582,4,840
4596,4,842
4869,4,842
4854,4,842
4670,4,842
4278,4,845
4885,4,845
4183,4,845
4825,4,845
4926,4,848
4943,4,850
4516,4,850
4290,4,852
4341,4,852
4858,4,852
4228,4,852
4684,4,852
4853,4,852
4962,4,853
4502,4,855
4803,4,855
4902,4,855
4806,4,856
4431,4,857
4188,4,857
4910,4,858
4876,4,859
4796,4,861
4347,4,861
4673,4,861
4936,4,865
4250,4,867
4335,4,867
4442,4,867
4305,4,867
4574,4,867
4202,4,869
4207,4,872
4562,4,872
4358,4,874
4903,4,877
4501,4,878
4402,4,878
4578,4,881
4192,4,884
4772,4,885
4767,4,889
4681,4,890
4434,4,892
4931,4,892
4800,4,892
4382,4,892
4289,4,893
4840,4,894
4816,4,894
4658,4,898
4630,4,898
4489,4,900
4243,4,902
4258,4,902
4378,4,904
4353,4,910
4292,4,910
4166,4,910
4919,4,910
4690,4,910
4203,4,910
4593,4,911
4379,4,913
4790,4,913
4430,4,913
4553,4,913
4525,4,915
4530,4,915
4977,4,917
4408,4,920
4724,4,923
4768,4,923
4272,4,924
4500,4,924
4899,4,924
4361,4,927
4550,4,929
4141,4,930
4526,4,931
4634,4,931
4241,4,932
4775,4,933
4663,4,933
4964,4,933
4357,4,934
4798,4,936
4367,4,941
4622,4,946
4537,4,950
4134,4,951
4201,4,951
4863,4,954
4218,4,955
4320,4,956
4161,4,956
4827,4,957
4317,4,957
4857,4,957
4393,4,957
4454,4,959
4254,4,961
4974,4,963
4944,4,964
4517,4,966
4281,4,967
4828,4,967
4819,4,967
4399,4,970
4906,4,971
4927,4,972
4702,4,972
4300,4,974
4683,4,974
4163,4,975
1309,4,1007
4479,4,1056
4609,4,1056
4360,4,1056
4507,4,1056
4422,4,1056
4307,4,1056
4685,4,1056
4777,4,1056
4940,4,1056
4765,4,1056
4423,4,1056
4877,4,1056
4843,4,1056
4392,4,1056
4249,4,1056
4579,4,1056
4559,4,1056
4755,4,1056
4364,4,1056
4868,4,1056
4970,4,1056
4851,4,1057
4687,4,1062
4443,4,1062
4196,4,1062
4326,4,1068
4435,4,1073
4323,4,1074
4262,4,1076
4665,4,1079
4678,4,1082
4748,4,1083
4313,4,1083
4160,4,1083
4842,4,1083
4520,4,1084
4544,4,1084
4418,4,1085
4538,4,1087
4484,4,1088
4197,4,1088
4717,4,1090
4750,4,1091
4946,4,1096
4726,4,1100
4322,4,1101
4153,4,1105
4174,4,1106
4446,4,1107
4253,4,1107
4436,4,1107
4966,4,1109
4222,4,1109
4368,4,1111
4883,4,1111
4602,4,1111
4972,4,1111
4756,4,1111
4352,4,1113
4621,4,1116
4813,4,1116
4397,4,1126
4607,4,1129
4766,4,1129
4546,4,1129
4696,4,1129
4486,4,1130
4787,4,1130
4493,4,1132
4979,4,1134
4388,4,1134
4421,4,1136
4149,4,1136
4487,4,1140
4551,4,1140
4671,4,1140
4308,4,1140
4666,4,1140
4325,4,1142
4594,4,1142
4786,4,1143
4447,4,1145
4721,4,1146
4182,4,1146
4714,4,1146
4565,4,1147
4928,4,1147
4139,4,1147
4838,4,1148
4659,4,1150
4753,4,1150
4288,4,1151
4549,4,1157
4212,4,1157
4808,4,1159
4675,4,1160
