2339,0,0
5936,0,0
6429,0,0
8872,0,0
4527,0,0
2561,0,0
617,0,0
670,2,0
2957,2,0
1178,2,0
1914,2,0
5992,3,0
6814,3,0
1487,3,0
7413,4,0
7620,4,0
8633,4,0
2194,5,0
2553,5,0
6505,5,0
4054,1,0
8445,1,0
7800,1,0
146,1,0
5776,6,0
1771,6,0
3306,6,0
4059,6,0
6882,6,0
5422,7,0
7443,7,0
1874,7,0
1647,7,0
4404,0,1
2568,0,1
6621,4,1
1104,2,1
4723,6,1
232,5,1
604,3,1
54,1,1
4735,7,1
6522,0,1
8461,6,1
7112,1,1
2664,5,1
3619,2,1
1966,7,1
6545,3,1
4099,4,1
7676,1,1
5311,6,1
5286,7,1
6774,6,1
3320,7,1
8041,1,1
127,1,1
7908,2,1
4699,6,1
8745,7,1
5270,0,1
6095,6,1
6452,3,1
868,1,1
4231,4,1
1339,7,1
5613,5,1
5989,5,1
6376,0,1
8531,1,1
7406,6,1
3892,1,2
5752,0,2
5844,3,2
8921,1,2
4177,2,2
5803,7,2
4589,2,2
772,6,2
2977,7,2
8596,3,2
2452,6,2
5912,4,2
6433,0,2
6918,7,2
5194,6,2
4198,2,2
8647,3,2
162,4,2
3511,7,2
5586,5,2
7792,0,2
2169,2,2
358,1,2
5726,1,2
3837,3,2
7889,4,2
6017,5,2
1836,1,2
2180,6,2
7822,7,2
7793,0,2
2667,5,2
8769,1,2
1159,6,2
4274,2,2
675,7,2
441,5,2
3133,3,2
6743,4,2
8218,2,2
7076,1,2
7907,5,2
7862,1,2
3068,6,2
4684,7,2
6611,1,2
2564,6,2
4729,7,2
8013,0,2
1767,1,2
8631,3,2
8281,4,2
547,5,2
4608,6,2
7162,7,2
6536,0,2
1954,1,2
6279,2,2
4624,6,2
254,3,2
1877,7,2
5315,4,2
5563,5,2
429,1,2
1074,0,2
8989,6,2
2897,7,2
531,2,2
1509,1,2
1336,6,2
5872,7,2
4090,3,2
6324,4,2
7232,6,2
4029,1,2
7955,7,2
3686,6,2
2395,7,2
6422,0,2
5440,6,2
1305,2,2
2231,7,2
2717,5,2
8897,6,2
1550,7,2
8521,6,2
5603,7,2
2582,6,2
3907,7,2
4280,6,2
7329,7,2
1664,6,2
3958,1,2
4370,7,2
1492,3,2
3186,4,2
3144,0,2
3089,1,2
3092,6,2
4841,5,2
7319,1,2
1099,2,2
2488,3,2
4707,4,3
2389,4,3
6964,5,3
7356,6,3
1131,7,3
7222,4,3
6018,0,3
2933,2,3
2798,5,3
1882,3,3
7191,1,3
8689,4,3
8833,0,3
5676,2,3
4110,3,3
5813,4,3
2321,1,3
249,1,3
7884,0,3
5667,2,3
2102,1,3
4635,3,3
6203,4,3
5297,5,3
1943,0,3
568,2,3
3326,3,3
871,4,3
2542,5,3
3411,0,3
711,1,3
5477,2,3
824,7,3
1781,3,3
8684,4,3
4255,5,3
1669,2,3
957,5,3
2866,1,3
5325,5,3
962,6,3
1241,5,3
6330,5,3
8404,0,3
5388,7,3
4352,3,3
6357,4,3
1644,5,3
5342,5,3
3581,6,3
2184,7,3
5070,0,3
7513,2,3
3225,1,3
8849,3,3
4602,5,3
926,1,3
1094,6,3
5016,7,3
3972,1,3
4293,6,3
4356,7,3
7144,1,3
6612,4,3
5420,1,3
1863,1,3
8295,6,3
2993,0,3
8469,1,3
5664,1,3
8548,1,3
5775,1,3
4831,1,3
735,1,3
628,1,3
2404,1,3
7878,2,3
780,6,3
769,5,3
250,6,3
8804,6,3
814,6,3
7632,6,3
3349,3,3
2473,4,3
6497,6,3
4297,6,3
6332,6,3
2416,2,3
2995,1,3
7653,1,3
395,6,3
1001,1,3
6963,6,3
2115,6,3
2144,0,3
6066,6,3
2926,5,3
154,6,3
3813,6,3
2913,6,3
6155,6,3
949,6,3
2232,1,4
4830,1,4
4864,4,4
1119,7,4
140,1,4
2614,3,4
8361,6,4
6230,4,4
5964,0,4
8051,2,4
2323,3,4
8077,4,4
8403,0,4
879,2,4
3647,3,4
6331,5,4
5293,6,4
3391,4,4
5131,0,4
8119,2,4
4097,3,4
6555,4,4
6674,0,4
4885,2,4
8768,3,4
2589,4,4
2872,0,4
4818,2,4
2858,3,4
7747,4,4
7285,0,4
6264,5,4
6152,6,4
63,2,4
4009,3,4
5218,4,4
5725,0,4
3387,2,4
8572,3,4
5392,4,4
3890,0,4
6308,2,4
275,3,4
5367,4,4
6914,1,4
3854,5,4
4994,0,4
1355,2,4
3143,3,4
5766,6,4
4696,4,4
2574,5,4
329,2,4
218,3,4
3075,6,4
4311,0,4
3079,4,4
3424,5,4
4042,1,4
4930,1,4
4019,0,4
6673,1,4
2648,1,4
6579,1,4
166,1,4
5320,1,4
6234,1,4
7771,6,4
3827,1,4
1447,1,4
6335,6,4
5009,1,4
2248,6,4
1137,1,4
7875,1,4
6724,6,4
2049,1,4
6299,1,4
3624,1,4
4264,1,4
3364,1,4
8017,1,4
7906,1,4
5267,0,4
1228,1,4
5256,0,4
1813,0,4
86,1,4
8497,1,4
2269,1,4
5614,0,4
6562,1,4
5006,6,4
8428,0,4
8951,1,4
4561,6,4
7749,6,4
4427,6,4
4850,6,4
3699,6,4
279,6,4
4225,6,4
3937,6,4
452,6,4
841,0,4
2455,6,4
4621,6,4
2803,6,4
6312,6,4
234,6,4
367,6,4
8364,0,4
7037,6,4
8389,0,4
4755,6,4
4070,6,4
6717,1,4
2928,1,4
5809,6,4
74,6,4
7132,6,4
5176,1,4
3976,6,4
1923,6,4
6307,6,4
1043,6,4
1514,2,5
3127,5,5
5780,7,5
952,3,5
5412,2,5
3803,0,5
7451,6,5
647,0,5
2004,0,5
7601,0,5
6321,0,5
2443,0,5
4049,0,5
2495,6,5
7989,6,5
2705,0,5
6766,0,5
2002,6,5
8183,0,5
1100,0,5
7032,0,5
161,0,5
2206,0,5
763,0,5
7758,0,5
922,0,5
2401,0,5
6652,0,5
4521,0,5
1127,0,5
2410,1,5
2572,1,5
2072,1,5
7881,1,5
5332,1,5
4770,1,5
1120,1,5
3832,1,5
1249,1,5
6641,1,5
7056,1,5
5662,1,5
853,1,5
6400,1,5
5890,6,5
4138,6,5
4679,1,5
6144,1,5
2975,1,5
1575,1,5
1937,1,5
3625,1,5
1401,1,5
1349,1,5
7472,1,5
192,1,5
4102,6,5
884,1,5
4868,1,5
2486,1,5
2106,1,5
6355,1,5
883,1,5
8903,0,5
5264,1,5
3961,1,5
3608,1,5
3042,1,5
567,1,5
360,1,5
15,1,5
3196,1,5
680,1,5
8812,1,5
535,6,5
6868,1,5
8792,6,5
2795,6,5
5879,6,5
945,6,5
7079,6,5
2181,6,5
7624,6,5
5471,6,5
6541,6,5
4607,6,5
4506,6,5
5445,6,5
3645,6,5
6675,6,5
1040,6,5
8693,6,5
4006,0,5
3410,6,5
3300,6,5
731,6,5
1028,6,5
7854,6,5
3059,6,5
4949,6,5
4923,6,5
5702,6,5
3359,6,5
2414,6,5
195,6,5
2117,1,5
1768,6,5
5881,1,6
1221,2,6
1215,0,6
1168,0,6
5413,0,6
4545,0,6
6511,0,6
5998,0,6
2354,0,6
4876,0,6
2036,0,6
8800,1,6
8296,0,6
7682,0,6
2463,1,6
559,0,6
7732,0,6
6375,1,6
8791,0,6
337,6,6
4895,6,6
3460,6,6
7663,6,6
482,0,6
6576,1,6
2262,0,6
2484,1,6
4477,0,6
8776,1,6
3290,0,6
7833,0,6
4073,0,6
4512,0,6
2674,0,6
2990,1,6
3940,0,6
958,0,6
8159,0,6
4050,1,6
6439,1,6
7633,1,6
8373,1,6
7547,1,6
7737,1,6
3638,1,6
8728,1,6
724,1,6
8552,1,6
2364,1,6
93,1,6
72,1,6
4296,1,6
5531,1,6
8116,6,6
1823,6,6
2834,1,6
290,1,6
3883,1,6
6275,1,6
5851,1,6
8413,1,6
3329,1,6
330,1,6
1062,1,6
2236,6,6
3034,1,6
6524,1,6
3755,1,6
5537,1,6
487,1,6
2141,1,6
8523,0,6
3366,1,6
6721,1,6
4570,1,6
5823,1,6
6368,1,6
3930,1,6
7898,1,6
537,1,6
5677,1,6
2328,1,6
4260,1,6
4121,1,6
1075,1,6
7048,1,6
2671,1,6
8639,1,6
7028,1,6
2899,1,6
955,1,6
6980,1,6
8980,1,6
8680,1,6
2695,1,6
4409,6,6
1326,6,6
4558,6,6
4263,6,6
2441,6,6
4630,6,6
8064,6,6
4824,6,6
4357,6,6
5556,6,6
2018,1,6
3604,1,6
5059,6,6
2738,6,6
8398,6,6
3661,6,6
5118,6,6
2425,6,6
2952,0,6
8602,1,7
584,0,7
3418,0,7
3882,0,7
4100,0,7
8676,0,7
3707,0,7
5536,0,7
409,0,7
2825,0,7
7701,0,7
880,0,7
5977,0,7
4572,0,7
1955,0,7
8749,0,7
8959,0,7
6940,0,7
1737,0,7
6600,0,7
1307,0,7
8188,0,7
7271,0,7
1896,0,7
698,0,7
8509,0,7
8772,0,7
4437,0,7
5482,0,7
4835,0,7
6042,0,7
5916,0,7
8170,1,7
4303,0,7
1814,0,7
4451,1,7
5996,0,7
2830,0,7
7437,0,7
6502,0,7
2459,1,7
3100,1,7
7821,1,7
3099,1,7
2093,1,7
5161,1,7
3472,1,7
1000,1,7
3029,1,7
8685,1,7
4733,1,7
713,1,7
1203,1,7
1160,1,7
3338,1,7
3137,1,7
497,1,7
1261,1,7
5820,1,7
5596,1,7
357,1,7
5860,1,7
1745,1,7
5623,1,7
3901,1,7
165,1,7
2107,1,7
4751,1,7
1528,1,7
7998,1,7
348,1,7
5347,1,7
7293,1,7
6785,1,7
3135,1,7
5799,1,7
6727,1,7
3848,6,7
4190,1,7
6434,1,7
3308,6,7
4455,1,7
8334,6,7
3533,1,7
5832,1,7
8697,6,7
8729,6,7
8672,6,7
7147,6,7
8885,6,7
6198,6,7
1727,6,7
8346,6,7
2471,0,7
4862,6,7
3088,6,7
3601,6,7
164,6,7
3342,6,7
4329,6,7
1365,6,7
2237,0,7
6032,6,7
1073,6,7
6916,6,7
1318,6,7
7385,0,7
5217,6,7
1111,6,7
653,6,7
5498,6,7
1066,6,7
5280,6,7
6222,0,7
2065,6,7
3684,6,7
4193,6,7
7715,6,7
6888,6,7
7298,1,8
2538,1,8
2539,1,8
6653,1,8
5508,1,8
7478,0,8
177,0,8
3701,0,8
8142,0,8
3041,0,8
5493,0,8
3724,0,8
515,0,8
6407,0,8
8265,0,8
6587,0,8
5942,0,8
6865,0,8
968,0,8
4448,0,8
2075,0,8
5281,0,8
3631,0,8
3562,0,8
6654,0,8
6584,0,8
2665,0,8
8456,0,8
3426,1,8
3731,0,8
2090,1,8
8324,0,8
3994,0,8
7710,0,8
5738,0,8
7024,0,8
6364,0,8
1680,0,8
6020,0,8
7524,0,8
2407,0,8
6860,1,8
3935,1,8
5043,1,8
4116,1,8
1989,1,8
1376,1,8
2324,1,8
2255,1,8
771,1,8
3906,1,8
5680,1,8
972,1,8
2355,1,8
6004,1,8
3820,1,8
5852,1,8
4360,1,8
1416,1,8
1794,1,8
5618,1,8
8900,1,8
2142,1,8
1458,1,8
3766,1,8
1655,1,8
8385,1,8
3771,1,8
1038,6,8
2841,1,8
4300,6,8
2924,1,8
6849,1,8
3841,1,8
5061,1,8
1625,1,8
314,1,8
5986,1,8
6820,1,8
5151,1,8
8320,6,8
5947,6,8
3911,6,8
8044,6,8
8827,6,8
3845,6,8
6870,6,8
129,6,8
7853,6,8
7915,6,8
4338,6,8
3198,6,8
8500,6,8
5255,6,8
311,6,8
2968,6,8
6958,6,8
4517,0,8
2403,6,8
4913,6,8
4287,6,8
1901,6,8
3363,1,8
2027,6,8
6202,6,8
7929,6,8
1322,6,8
2535,6,8
3888,6,8
6263,2,9
7615,7,9
2709,7,9
5592,7,9
7475,7,9
4322,6,9
6445,0,9
563,0,9
7433,6,9
6371,0,9
4266,0,9
768,0,9
5221,0,9
3073,0,9
7931,0,9
5865,0,9
14,0,9
8489,0,9
5037,1,9
4014,0,9
3829,0,9
2067,0,9
5364,0,9
105,0,9
4515,0,9
4810,0,9
1102,0,9
8879,0,9
900,0,9
1510,0,9
5847,0,9
6462,1,9
1845,0,9
7292,0,9
2246,0,9
2182,0,9
4278,0,9
6845,0,9
340,0,9
6208,0,9
1564,0,9
8446,0,9
1076,1,9
1975,1,9
6346,1,9
8739,1,9
8790,1,9
4228,1,9
970,1,9
1631,1,9
5681,1,9
5588,1,9
4377,1,9
6925,1,9
8371,1,9
2799,1,9
6552,1,9
1710,1,9
6525,1,9
6173,1,9
7374,1,9
6986,1,9
2755,1,9
185,1,9
2429,1,9
8774,1,9
5012,1,9
3543,1,9
8252,1,9
8695,1,9
8247,1,9
8120,1,9
426,1,9
8473,1,9
6606,1,9
4745,1,9
8532,1,9
3153,1,9
3641,1,9
1753,1,9
4516,1,9
8747,1,9
8544,1,9
3698,1,9
4314,6,9
2133,6,9
8243,6,9
5467,6,9
1867,6,9
3536,1,9
8166,6,9
976,6,9
2818,6,9
8970,6,9
8976,6,9
371,6,9
3678,6,9
4573,6,9
5044,6,9
8023,1,9
3360,6,9
8546,1,9
2808,6,9
2945,6,9
2619,6,9
8078,6,9
8946,6,9
8096,6,9
8754,6,9
4579,3,10
3131,3,10
503,0,10
715,6,10
6256,0,10
6045,0,10
2496,6,10
265,0,10
8325,0,10
1607,0,10
8350,0,10
1481,0,10
1579,0,10
1110,0,10
4511,0,10
2682,0,10
8712,0,10
3168,0,10
6134,0,10
6489,0,10
1667,0,10
8858,0,10
8450,0,10
293,0,10
4776,0,10
4243,0,10
8291,0,10
2332,0,10
5768,0,10
8109,0,10
4315,0,10
7440,0,10
4845,0,10
8091,0,10
8567,0,10
2447,1,10
5097,1,10
4907,0,10
3505,1,10
6937,1,10
948,1,10
1752,0,10
3574,1,10
3558,1,10
812,1,10
2054,0,10
5421,1,10
4386,1,10
8294,1,10
5202,1,10
7599,1,10
2720,1,10
3415,1,10
7359,1,10
8059,1,10
4127,1,10
226,1,10
8339,1,10
6762,1,10
8319,1,10
6285,1,10
8554,1,10
5688,1,10
8746,1,10
3545,1,10
8357,1,10
5846,1,10
5696,1,10
3984,1,10
839,1,10
924,1,10
981,1,10
842,1,10
714,1,10
8472,1,10
3632,1,10
8540,1,10
3024,1,10
32,1,10
109,1,10
4084,1,10
2959,1,10
6836,1,10
637,1,10
4932,1,10
815,1,10
2610,1,10
6825,6,10
2058,6,10
4769,6,10
5848,6,10
5660,6,10
2296,6,10
7730,6,10
1454,6,10
3141,6,10
1359,6,10
5209,6,10
3648,6,10
4598,6,10
1703,6,10
221,6,10
2215,6,10
1583,6,10
8359,6,10
6478,6,10
7540,6,10
7360,6,10
223,6,10
5052,6,10
4444,6,10
4447,6,10
8169,6,10
5773,6,10
3208,6,10
8669,6,10
1398,6,10
5028,1,10
3324,6,10
8039,1,10
8519,6,10
1294,6,10
133,6,10
5403,0,11
7952,0,11
4230,4,11
6951,1,11
5893,3,11
1860,0,11
4938,1,11
6287,4,11
1390,0,11
7399,0,11
8493,0,11
8986,0,11
8673,0,11
5665,0,11
1757,0,11
1237,0,11
8871,0,11
5384,0,11
2919,0,11
5025,0,11
7999,0,11
3016,0,11
2873,0,11
4821,0,11
5271,0,11
2196,0,11
4905,0,11
813,0,11
3614,0,11
6651,0,11
7817,1,11
793,0,11
4692,0,11
4257,6,11
2692,1,11
193,1,11
7453,1,11
7201,1,11
1473,1,11
4894,1,11
3522,6,11
1513,1,11
347,6,11
8610,1,11
844,1,11
7480,1,11
1634,1,11
6404,1,11
3708,1,11
435,1,11
183,1,11
3783,1,11
1333,1,11
6360,1,11
1785,1,11
6903,1,11
3583,1,11
8269,1,11
6476,0,11
5290,1,11
3215,1,11
3881,1,11
4892,1,11
3014,1,11
320,1,11
3826,1,11
5303,1,11
5081,1,11
6556,1,11
5146,1,11
3125,1,11
6380,1,11
2725,1,11
4836,1,11
2445,1,11
7888,0,11
2084,1,11
7767,1,11
1004,1,11
4040,1,11
514,1,11
5710,1,11
3432,1,11
1080,1,11
4226,1,11
1544,6,11
1018,6,11
7964,6,11
6064,6,11
8383,6,11
7273,6,11
7331,6,11
4790,6,11
4478,6,11
6635,6,11
4953,0,11
7692,6,11
7517,6,11
2550,6,11
7474,6,11
7534,1,11
7866,6,11
8919,6,11
7963,1,11
8391,6,11
30,6,11
7011,6,11
8032,1,11
6150,1,11
2453,3,12
5937,4,12
8604,1,12
4086,1,12
4005,0,12
729,0,12
1405,1,12
8990,0,12
6260,1,12
3337,0,12
5559,0,12
6344,1,12
4870,0,12
591,0,12
3703,0,12
6604,0,12
3106,0,12
8777,0,12
6617,0,12
5863,0,12
6896,0,12
5749,0,12
1059,0,12
4151,0,12
4129,0,12
1519,0,12
6310,0,12
6803,0,12
581,0,12
4891,0,12
8947,0,12
3564,0,12
7614,1,12
3967,0,12
8095,0,12
1071,0,12
4551,1,12
6157,0,12
4446,0,12
4541,0,12
8420,0,12
2773,0,12
7788,0,12
1263,0,12
6659,0,12
4052,0,12
388,0,12
2573,1,12
7264,1,12
1304,1,12
8237,1,12
334,1,12
1395,1,12
2894,1,12
5795,1,12
1951,1,12
2139,1,12
325,1,12
1538,1,12
8430,1,12
3305,1,12
7546,1,12
1360,1,12
6813,1,12
7541,1,12
5156,1,12
6411,1,12
980,6,12
5307,1,12
6191,1,12
2686,1,12
8197,1,12
4414,1,12
7959,1,12
8857,6,12
3412,1,12
2397,1,12
6935,1,12
7596,1,12
8925,1,12
2632,1,12
3952,1,12
1368,1,12
1187,1,12
7642,1,12
7174,1,12
931,6,12
6623,6,12
8424,6,12
8475,6,12
4884,6,12
8793,6,12
7661,6,12
5246,6,12
7812,6,12
7570,6,12
3956,6,12
3922,6,12
64,0,12
690,6,12
423,6,12
6599,6,12
8862,0,12
6239,6,12
4435,6,12
555,0,12
8089,6,12
1386,6,12
4813,6,12
5517,6,12
2306,6,12
5926,0,12
1181,6,12
2253,6,12
5337,1,12
2646,6,12
5488,0,13
7238,0,13
650,0,13
7251,0,13
3869,0,13
2888,0,13
167,0,13
4237,0,13
1331,0,13
1713,0,13
7205,0,13
8335,0,13
1092,0,13
7545,0,13
6221,0,13
8814,0,13
2423,0,13
6759,0,13
6107,0,13
7887,0,13
3393,0,13
2649,0,13
7641,0,13
306,0,13
8261,0,13
501,0,13
6165,0,13
1375,0,13
1173,0,13
7598,0,13
2386,0,13
1995,0,13
3313,0,13
4433,0,13
6373,0,13
7042,0,13
92,1,13
3607,1,13
1534,1,13
2013,1,13
8019,1,13
5184,1,13
7010,1,13
4001,1,13
2311,1,13
3170,1,13
118,1,13
522,1,13
264,1,13
493,1,13
4785,1,13
6879,1,13
8720,1,13
1613,1,13
7764,1,13
4616,1,13
7635,1,13
3721,1,13
3948,1,13
8199,1,13
2833,1,13
4985,1,13
8797,1,13
8347,1,13
4441,1,13
8131,1,13
2741,1,13
4482,1,13
1296,1,13
5157,1,13
6658,1,13
4734,1,13
7829,1,13
5870,1,13
851,1,13
6382,1,13
5464,1,13
6890,1,13
1819,1,13
8444,6,13
1641,1,13
1562,6,13
2537,6,13
1935,6,13
8474,6,13
3954,6,13
7029,6,13
7038,6,13
4363,6,13
1205,6,13
2986,6,13
830,6,13
1756,6,13
2657,6,13
2758,6,13
8914,6,13
6028,6,13
2787,6,13
2839,6,13
7646,6,13
5736,6,13
6001,6,13
2483,6,13
686,6,14
760,6,14
6817,6,14
895,6,14
479,0,14
1758,0,14
1479,0,14
4336,0,14
8048,0,14
1773,0,14
2012,0,14
7407,0,14
2617,0,14
8874,0,14
8656,0,14
992,0,14
1067,0,14
3446,0,14
3751,0,14
1861,0,14
2635,0,14
3357,0,14
1323,0,14
8482,0,14
7506,0,14
5826,0,14
7670,0,14
8222,0,14
2516,0,14
5062,0,14
4301,0,14
8883,0,14
3417,0,14
8253,0,14
8141,0,14
6101,0,14
5757,0,14
3872,6,14
2283,0,14
3447,1,14
4523,1,14
8272,1,14
7345,1,14
4155,1,14
8362,1,14
1421,1,14
5193,1,14
4851,1,14
6051,6,14
726,1,14
2260,1,14
7762,1,14
3618,1,14
1437,6,14
21,1,14
8124,6,14
5607,1,14
3221,1,14
4645,1,14
4495,1,14
8623,1,14
243,1,14
8539,1,14
1763,1,14
4626,1,14
8289,1,14
6695,1,14
1596,1,14
2840,1,14
3164,1,14
8421,1,14
7220,1,14
4022,1,14
1020,1,14
4887,1,14
6998,1,14
8271,1,14
1354,1,14
1831,1,14
1427,1,14
1096,1,14
6510,1,14
7983,1,14
2109,1,14
8927,1,14
2757,1,14
5366,1,14
3889,1,14
3592,1,14
2148,6,14
5833,6,14
5238,6,14
6245,6,14
8568,6,14
1218,6,14
1996,6,14
1581,6,14
4875,6,14
2640,6,14
2160,0,14
1255,6,14
2234,6,14
3734,6,14
1637,6,14
5666,0,14
8437,6,14
2982,6,14
609,6,14
2329,6,14
7967,6,14
2482,6,14
5195,6,14
4421,6,14
2559,6,14
6668,6,14
6677,6,14
3605,6,14
4137,6,14
1133,0,14
641,6,14
8305,4,15
886,1,15
2658,6,15
7772,0,15
978,0,15
860,0,15
1540,0,15
7193,0,15
3469,0,15
8463,0,15
5697,0,15
2124,0,15
1568,0,15
3565,0,15
8015,0,15
1986,0,15
1586,0,15
3913,0,15
3232,0,15
2150,0,15
2601,0,15
7937,0,15
2320,0,15
171,0,15
2335,0,15
464,0,15
2411,0,15
2790,0,15
6566,0,15
801,0,15
2831,0,15
7961,0,15
2524,1,15
5581,0,15
3557,0,15
527,0,15
3670,0,15
1129,0,15
905,0,15
4407,0,15
8130,0,15
7683,1,15
6710,0,15
411,1,15
574,1,15
2547,1,15
4256,1,15
24,1,15
5625,1,15
6062,1,15
3492,1,15
4326,1,15
160,1,15
1539,1,15
595,1,15
8206,1,15
3425,1,15
8831,1,15
765,1,15
8192,1,15
3453,1,15
5174,1,15
1868,1,15
4946,1,15
3403,1,15
7460,1,15
3508,1,15
155,1,15
5474,1,15
619,1,15
4483,1,15
1291,1,15
4406,1,15
6320,1,15
6487,1,15
5949,1,15
2016,1,15
5633,1,15
3864,1,15
4622,1,15
2611,1,15
5088,1,15
5481,1,15
53,1,15
4133,1,15
5504,1,15
6730,1,15
6470,1,15
1138,1,15
3182,1,15
5527,1,15
8280,6,15
5007,6,15
736,6,15
1936,6,15
1888,6,15
5035,6,15
4249,6,15
5226,6,15
5678,6,15
6987,6,15
1442,6,15
3011,6,15
6168,6,15
7431,6,15
4606,6,15
443,6,15
422,6,15
7263,6,15
1832,6,15
5191,6,15
159,6,15
5954,6,15
2278,6,15
3594,6,15
3658,1,15
6732,6,15
7836,6,15
8114,6,15
1152,6,15
5478,6,15
6827,6,15
1856,1,15
5410,6,15
5905,6,16
6410,0,16
8,0,16
1388,0,16
8228,0,16
7225,0,16
1288,0,16
4125,0,16
7487,0,16
1985,0,16
1764,0,16
4944,0,16
748,0,16
3025,0,16
8875,0,16
8419,0,16
8110,0,16
1213,0,16
5772,0,16
327,0,16
2889,1,16
689,0,16
4909,0,16
5448,0,16
6819,0,16
5468,0,16
1122,0,16
8002,0,16
6088,0,16
5090,0,16
7199,1,16
5600,0,16
4057,0,16
3953,0,16
3711,0,16
6751,0,16
6858,1,16
7852,0,16
1350,0,16
6851,0,16
3369,0,16
511,0,16
6038,0,16
6291,1,16
761,1,16
3982,1,16
6186,1,16
4787,1,16
2363,1,16
5167,1,16
4865,1,16
5321,1,16
2848,1,16
2179,1,16
869,1,16
2024,1,16
3255,1,16
5395,1,16
1825,1,16
8859,1,16
4839,1,16
6126,1,16
3433,1,16
5185,1,16
2462,1,16
1772,1,16
4189,1,16
1430,1,16
2218,1,16
8915,1,16
5227,1,16
6780,1,16
1776,1,16
4778,1,16
4519,6,16
6521,1,16
6595,1,16
941,6,16
2874,1,16
7418,1,16
8585,1,16
5522,1,16
8537,1,16
4271,1,16
7654,1,16
7202,6,16
3547,6,16
779,6,16
3152,6,16
3719,6,16
7608,6,16
5220,6,16
4761,6,16
2654,6,16
3933,6,16
7688,6,16
8498,6,16
3886,6,16
7266,6,16
2212,6,16
7834,6,16
6594,6,16
4077,6,16
3975,6,16
2264,6,16
3778,6,16
6906,6,16
7208,6,16
2345,6,16
2857,6,16
2077,6,16
2038,6,16
5704,6,16
268,6,16
7405,6,16
131,6,16
4030,6,16
8988,2,17
3780,4,17
552,0,17
8100,0,17
6415,0,17
1382,0,17
4730,0,17
3077,0,17
5370,0,17
4312,0,17
2001,0,17
326,0,17
3356,0,17
4276,0,17
4003,0,17
6805,0,17
8036,0,17
1179,0,17
526,0,17
4107,0,17
1068,0,17
66,0,17
4806,0,17
8755,0,17
3582,0,17
3120,0,17
1640,0,17
8971,0,17
3746,1,17
663,1,17
480,1,17
5183,1,17
5170,1,17
413,0,17
6874,1,17
3765,1,17
4524,1,17
573,1,17
7289,1,17
6249,1,17
2239,1,17
1736,1,17
2678,1,17
5475,1,17
8236,1,17
3615,1,17
240,1,17
3276,1,17
2789,1,17
648,1,17
6765,1,17
6764,1,17
5582,1,17
5327,1,17
4654,1,17
304,1,17
4106,1,17
1239,1,17
2466,1,17
8151,1,17
1105,1,17
403,1,17
8033,1,17
5621,1,17
2256,1,17
6091,0,17
7842,1,17
7268,1,17
2679,1,17
3630,0,17
1412,1,17
3611,1,17
7115,1,17
1468,1,17
8707,1,17
7658,1,17
1423,1,17
7114,1,17
2056,6,17
8965,6,17
6564,6,17
3497,1,17
7832,6,17
2813,6,17
8856,6,17
6718,6,17
3479,6,17
2953,6,17
7315,6,17
3676,6,17
1174,6,17
1335,6,17
5173,6,17
207,6,17
2687,6,17
8210,6,17
6889,6,17
1009,1,17
8117,6,17
3394,6,17
3436,6,17
1184,6,17
6055,1,17
7030,6,17
1880,6,17
4171,6,17
6506,6,17
2393,6,17
4309,6,17
1055,6,17
3617,6,17
6318,6,17
7434,5,18
5932,7,18
1977,7,18
3551,1,18
4802,7,18
8912,5,18
1873,0,18
3942,0,18
4638,0,18
4462,0,18
8626,0,18
8815,0,18
5675,0,18
6713,0,18
6215,0,18
5253,0,18
3917,0,18
2199,0,18
2490,0,18
3419,0,18
6855,0,18
510,0,18
5260,0,18
6687,0,18
8677,0,18
5491,0,18
8460,0,18
5708,0,18
7528,0,18
6900,0,18
616,0,18
5871,0,18
5453,0,18
3815,0,18
113,0,18
8740,0,18
8384,0,18
333,0,18
1488,0,18
870,0,18
5378,0,18
936,0,18
5580,0,18
6294,0,18
803,1,18
7869,1,18
8910,1,18
361,1,18
5162,1,18
7531,1,18
5579,1,18
2103,0,18
7591,1,18
6244,1,18
7353,0,18
1993,1,18
3217,1,18
5287,1,18
4685,1,18
2639,1,18
476,1,18
2331,1,18
3532,1,18
8999,1,18
1560,1,18
7627,1,18
847,1,18
5104,1,18
2817,1,18
6513,1,18
2465,1,18
2900,1,18
7295,1,18
2786,1,18
8836,1,18
2095,1,18
8198,1,18
5763,1,18
785,1,18
8967,1,18
5483,1,18
251,1,18
4674,1,18
1886,1,18
665,1,18
4618,1,18
315,1,18
4372,1,18
5142,1,18
1425,1,18
2327,1,18
1580,1,18
7886,1,18
4218,1,18
7555,1,18
5452,1,18
4307,6,18
1913,6,18
4196,6,18
3759,6,18
1848,6,18
7539,6,18
2048,6,18
3989,6,18
5211,6,18
4485,1,18
4490,6,18
613,1,18
6142,6,18
7212,6,18
4866,1,18
6305,6,18
923,1,18
1859,6,18
2883,6,18
8732,6,18
4147,5,19
6742,3,19
6269,7,19
2219,5,19
8615,0,19
1911,0,19
4960,0,19
2850,0,19
8260,0,19
2388,0,19
180,0,19
3970,0,19
2868,0,19
1147,0,19
2347,0,19
739,0,19
4788,0,19
7363,0,19
456,0,19
7343,0,19
3805,1,19
3819,1,19
2476,0,19
2677,0,19
3206,0,19
1154,0,19
7948,0,19
3900,0,19
8115,0,19
392,1,19
8645,0,19
2981,0,19
1108,0,19
4325,0,19
7409,1,19
7137,1,19
3228,1,19
6100,1,19
3823,1,19
3060,1,19
7233,1,19
2070,1,19
391,1,19
6499,1,19
2836,1,19
2532,1,19
6715,1,19
8007,1,19
7019,1,19
1807,1,19
7463,1,19
1440,1,19
4701,1,19
7043,1,19
5169,1,19
3344,1,19
5105,1,19
2373,1,19
4973,1,19
2703,1,19
199,1,19
4741,1,19
1843,1,19
1298,1,19
7575,1,19
3289,1,19
6697,1,19
928,1,19
3663,1,19
8047,1,19
4705,1,19
7161,1,19
4476,6,19
6810,1,19
8353,1,19
1312,1,19
1621,1,19
5284,6,19
6592,6,19
5031,6,19
5807,6,19
8449,6,19
1657,6,19
7795,6,19
821,6,19
414,6,19
4854,6,19
8954,6,19
6902,6,19
2461,6,19
8909,6,19
8969,6,19
94,6,19
5966,6,19
3404,6,19
1765,6,19
3358,6,19
8452,6,19
1379,6,19
4950,6,19
7549,6,19
5361,6,19
2775,6,19
1595,6,19
826,6,19
1032,6,19
2615,6,19
1842,3,20
2287,0,20
1746,0,20
2491,0,20
4779,0,20
3033,0,20
5329,0,20
7736,0,20
6467,0,20
6280,0,20
1587,6,20
3585,0,20
4424,0,20
6875,0,20
7902,0,20
3435,0,20
1555,0,20
6720,0,20
5532,0,20
3094,0,20
7958,0,20
6859,0,20
5215,0,20
8442,0,20
2558,0,20
4337,0,20
238,0,20
7612,0,20
2413,0,20
7973,0,20
2230,0,20
6725,0,20
1627,0,20
5640,0,20
3450,0,20
7075,0,20
4299,0,20
6270,0,20
1411,0,20
8850,0,20
4505,0,20
318,1,20
8867,1,20
4348,1,20
5891,1,20
2100,1,20
5399,1,20
1678,1,20
8889,1,20
3800,1,20
4604,1,20
5695,1,20
6543,1,20
3538,1,20
4648,1,20
973,1,20
7283,1,20
1646,1,20
5179,6,20
4503,1,20
6580,1,20
5128,1,20
6238,1,20
8173,1,20
4365,1,20
124,1,20
6420,1,20
5020,1,20
5119,1,20
7333,6,20
2588,1,20
4068,1,20
3330,1,20
8406,1,20
3637,1,20
507,1,20
1496,1,20
6598,1,20
5652,1,20
3045,1,20
5428,1,20
6012,6,20
1240,1,20
7934,1,20
7516,1,20
7751,1,20
1816,1,20
7495,1,20
4918,1,20
214,1,20
2626,1,20
7234,1,20
2274,1,20
1328,6,20
1264,6,20
220,6,20
5771,6,20
1089,6,20
3981,6,20
8479,6,20
1840,6,20
1470,6,20
1456,6,20
8952,6,20
2130,6,20
2233,6,20
2805,6,20
6796,6,20
2300,6,20
580,6,20
5379,6,20
6680,6,20
8196,6,20
8842,6,20
6643,6,20
7337,6,20
4048,0,20
893,6,20
4491,6,20
1466,6,20
6928,6,20
266,6,20
5533,6,20
6642,6,20
2963,0,20
4543,6,20
8966,6,20
8995,6,20
2769,6,20
2633,6,20
6838,6,20
1946,6,20
2096,0,21
8666,0,21
5503,7,21
6826,0,21
7279,0,21
6588,0,21
5346,0,21
3459,0,21
2209,0,21
509,0,21
8582,0,21
5177,0,21
4267,0,21
4915,0,21
4643,0,21
7485,0,21
8671,0,21
8202,0,21
1370,0,21
4187,0,21
1739,0,21
1751,0,21
6807,0,21
8605,0,21
6848,0,21
8942,0,21
8254,0,21
241,0,21
3434,0,21
8392,0,21
5235,0,21
3239,0,21
1472,0,21
8890,0,21
3184,1,21
4453,1,21
3801,1,21
7257,1,21
4660,1,21
6492,1,21
4340,1,21
8961,1,21
3918,1,21
1533,1,21
4507,1,21
6016,0,21
6421,1,21
3887,1,21
6428,1,21
1787,1,21
5513,1,21
7584,1,21
7455,1,21
7469,1,21
1006,1,21
8028,1,21
401,1,21
6209,1,21
8066,1,21
1047,1,21
1582,1,21
210,1,21
217,1,21
1502,1,21
4965,1,21
8276,1,21
7362,1,21
6084,1,21
3870,1,21
6761,1,21
8940,1,21
4398,1,21
2082,6,21
8811,6,21
4223,6,21
5716,6,21
6197,6,21
1801,6,21
7645,0,21
1025,6,21
4763,6,21
2503,6,21
4032,6,21
7375,6,21
3902,6,21
8751,6,21
5496,6,21
3058,6,21
4686,6,21
6979,6,21
1320,6,21
5248,6,21
2921,6,21
1418,6,21
1597,7,22
4484,4,22
4580,7,22
1464,0,22
1014,0,22
7464,0,22
2988,0,22
2511,0,22
7284,0,22
2819,0,22
8561,0,22
5868,0,22
5458,0,22
6206,0,22
2749,0,22
4439,0,22
746,0,22
3894,0,22
4700,0,22
6954,0,22
3114,0,22
6402,0,22
8415,0,22
7980,0,22
6455,0,22
5335,0,22
7925,0,22
2384,0,22
2029,0,22
3422,0,22
2222,0,22
2903,0,22
5500,0,22
1123,0,22
1571,0,22
8052,1,22
258,1,22
8655,1,22
6899,1,22
3351,1,22
2668,1,22
5908,1,22
7559,0,22
707,1,22
6842,1,22
8690,1,22
8195,1,22
5853,1,22
4253,1,22
2305,1,22
446,1,22
2050,1,22
181,1,22
4807,1,22
115,1,22
3123,1,22
1956,1,22
5555,1,22
8322,1,22
8575,1,22
7845,1,22
1685,1,22
4465,1,22
8300,1,22
5887,1,22
3646,1,22
4007,1,22
5902,1,22
4659,1,22
4012,1,22
2319,1,22
2063,1,22
1617,1,22
635,1,22
7146,1,22
7135,1,22
4737,1,22
3720,1,22
6666,1,22
862,1,22
434,1,22
5383,6,22
3233,6,22
3909,6,22
6999,6,22
370,6,22
5087,6,22
2122,6,22
4879,6,22
4814,6,22
6688,6,22
989,6,22
2011,1,22
7143,6,22
6303,6,22
2202,6,22
6640,6,22
5506,6,22
1337,6,22
4540,6,22
4461,6,22
7175,6,22
7583,1,22
2604,6,22
4764,6,22
5368,6,22
4055,6,22
942,5,23
3932,2,23
896,2,23
205,0,23
2282,0,23
6272,0,23
4053,0,23
5874,0,23
540,1,23
3452,0,23
767,0,23
3656,0,23
4947,0,23
5546,0,23
3071,1,23
2479,0,23
3346,0,23
7482,0,23
961,0,23
3667,0,23
2302,0,23
2586,0,23
6226,0,23
7020,0,23
7996,0,23
7192,0,23
1141,0,23
1894,0,23
3087,0,23
2140,0,23
4642,0,23
642,0,23
1317,0,23
5463,0,23
8205,1,23
8905,0,23
75,1,23
359,1,23
8326,1,23
5266,1,23
3465,1,23
4849,1,23
1604,1,23
4024,1,23
873,1,23
8579,1,23
8981,1,23
7153,1,23
3674,1,23
939,1,23
4911,1,23
3027,1,23
6099,1,23
89,1,23
4172,6,23
188,1,23
6669,1,23
8031,1,23
8248,1,23
7183,1,23
7365,1,23
2852,1,23
3197,1,23
796,1,23
1695,1,23
7940,1,23
4213,1,23
582,1,23
2493,1,23
485,1,23
416,1,23
2718,1,23
4093,1,23
5049,1,23
4750,1,23
5635,1,23
8309,1,23
7168,1,23
4509,1,23
2442,1,23
659,1,23
2390,1,23
2730,1,23
8520,1,23
4709,6,23
7592,6,23
2470,6,23
7557,6,23
2576,6,23
519,6,23
8003,6,23
631,6,23
7781,6,23
2971,6,23
752,6,23
7975,6,23
2279,6,23
5616,6,23
7533,6,23
898,6,23
8099,6,23
7334,6,23
4165,6,23
744,6,23
4772,6,23
289,6,23
7402,6,23
6,6,23
8628,6,23
8613,6,23
7088,6,23
2224,6,23
5160,6,23
4395,4,24
2197,5,24
5282,7,24
2519,0,24
18,6,24
6706,0,24
5703,0,24
6681,0,24
5003,0,24
3298,0,24
3955,0,24
2750,0,24
7504,0,24
908,0,24
2207,0,24
7120,0,24
3231,0,24
4827,0,24
5041,0,24
4637,0,24
4518,0,24
7380,6,24
2996,0,24
1638,0,24
8154,0,24
6567,0,24
6811,0,24
22,0,24
5115,0,24
3691,0,24
5931,0,24
2526,6,24
4883,0,24
1484,0,24
8438,0,24
5457,0,24
4362,0,24
299,0,24
8674,0,24
3039,0,24
6664,0,24
7668,1,24
3702,1,24
6316,1,24
3376,1,24
6776,1,24
4581,1,24
2545,1,24
2152,6,24
8781,1,24
4428,1,24
7717,1,24
943,1,24
6177,1,24
1828,1,24
634,1,24
496,1,24
1728,1,24
575,1,24
7300,1,24
7678,1,24
5829,1,24
7311,1,24
8584,1,24
5397,1,24
6349,1,24
6240,1,24
1046,1,24
6448,1,24
1497,1,24
5124,1,24
4188,1,24
2464,1,24
6735,1,24
3546,1,24
3222,1,24
2418,1,24
2906,1,24
4562,1,24
4706,1,24
6005,1,24
6409,1,24
3569,1,24
3065,1,24
1588,1,24
8478,1,24
3620,1,24
3275,6,24
4350,6,24
1566,6,24
4010,6,24
364,6,24
4410,6,24
3296,6,24
3380,6,24
4302,6,24
7089,6,24
1987,6,24
6442,6,24
4826,6,24
8998,6,24
440,6,24
2662,6,24
4582,6,24
5615,6,24
3163,6,24
84,6,24
8771,6,24
5414,6,24
8786,6,24
2556,6,24
5855,6,24
328,6,24
8308,7,25
8565,7,25
6714,7,25
2949,6,25
4731,0,25
8321,2,25
2960,0,25
1402,0,25
558,0,25
7669,0,25
7003,0,25
991,0,25
3264,0,25
1247,0,25
6990,0,25
1097,0,25
556,0,25
2536,0,25
6268,0,25
8510,0,25
1909,0,25
7259,0,25
6760,0,25
7119,0,25
5883,0,25
6516,0,25
4549,0,25
6037,0,25
228,0,25
5022,0,25
3427,0,25
8844,0,25
6322,0,25
8758,0,25
7347,0,25
3627,0,25
2796,0,25
7134,0,25
7254,0,25
8370,0,25
7332,1,25
1,1,25
7790,1,25
7141,1,25
2606,1,25
2783,1,25
2417,1,25
6067,1,25
1332,1,25
6528,1,25
213,1,25
7110,1,25
1601,1,25
4986,1,25
3968,1,25
7554,1,25
8653,1,25
5541,1,25
5511,1,25
8219,1,25
1606,1,25
5196,1,25
3192,1,25
7543,1,25
408,0,25
5528,1,25
309,1,25
4989,1,25
3312,1,25
6286,1,25
3012,1,25
2946,0,25
5444,1,25
1207,1,25
1022,1,25
4927,1,25
969,1,25
3692,1,25
4752,1,25
7016,1,25
6523,1,25
521,1,25
1902,1,25
6169,1,25
7843,1,25
6989,1,25
1121,1,25
1103,1,25
612,1,25
3190,1,25
2681,1,25
5275,1,25
5915,1,25
5363,1,25
1610,1,25
3268,0,25
4808,1,25
6950,1,25
6367,6,25
33,0,25
1448,6,25
4694,6,25
2551,6,25
3124,6,25
7483,6,25
5058,6,25
2412,0,25
919,6,25
3747,6,25
2891,6,25
3117,6,25
1750,0,25
2816,6,25
8441,6,25
7502,6,25
7454,6,25
7899,6,25
1444,6,25
5216,6,25
6770,6,25
4185,6,25
2935,6,25
5980,6,25
6897,6,25
6073,6,25
1295,6,25
8984,6,25
7324,0,25
2938,6,25
2782,6,25
5565,0,25
8698,6,25
7814,6,25
2348,6,25
685,6,26
831,6,26
1730,6,26
8351,6,26
7735,2,26
3516,2,26
2886,0,26
3270,0,26
5051,0,26
4675,0,26
7657,0,26
4664,0,26
142,0,26
7001,0,26
3322,0,26
8132,0,26
1353,0,26
758,0,26
5268,0,26
7895,0,26
7636,0,26
2689,0,26
1431,0,26
4265,0,26
3774,0,26
7941,0,26
8345,0,26
1895,0,26
158,0,26
2842,0,26
2247,0,26
77,0,26
6967,0,26
8193,0,26
2724,1,26
4282,1,26
2089,1,26
7787,1,26
4668,1,26
7798,1,26
8062,1,26
6574,1,26
5866,0,26
7893,1,26
3458,1,26
8282,1,26
8333,1,26
6781,1,26
8369,1,26
5734,1,26
5735,1,26
7857,1,26
1740,1,26
1041,1,26
2759,1,26
2120,1,26
7055,1,26
987,1,26
7634,1,26
4614,1,26
7446,1,26
4479,1,26
2643,1,26
6829,1,26
5577,1,26
1266,1,26
3874,1,26
1351,1,26
8551,1,26
6391,1,26
1150,1,26
1153,0,26
1542,0,26
1149,1,26
8207,1,26
5237,1,26
1666,1,26
4082,1,26
2158,1,26
7109,1,26
3335,1,26
7863,1,26
225,1,26
2021,1,26
4074,1,26
1500,1,26
2369,1,26
1065,1,26
4914,1,26
8638,1,26
6465,1,26
8906,0,26
7840,0,26
8593,0,26
1189,6,26
5394,6,26
8511,6,26
7378,6,26
3272,6,26
1980,6,26
3030,6,26
594,6,26
8752,6,26
3462,6,26
6737,6,26
6383,6,26
811,6,26
8459,6,26
6613,6,26
1361,6,26
8923,6,26
3468,6,26
2514,6,26
5562,6,26
4695,6,26
6237,6,26
3750,3,27
8014,7,27
5084,3,27
6952,6,27
5956,0,27
3945,0,27
6791,0,27
5294,0,27
6393,0,27
8108,0,27
6159,0,27
6769,0,27
6325,0,27
3368,0,27
3895,0,27
229,0,27
8318,0,27
128,0,27
6809,0,27
5114,0,27
3789,0,27
2064,0,27
5877,0,27
5010,0,27
8908,0,27
5552,0,27
2764,0,27
6480,0,27
3606,0,27
1420,0,27
1858,0,27
8683,0,27
380,0,27
7892,0,27
4649,0,27
3586,1,27
5112,0,27
2641,1,27
3985,1,27
4590,0,27
3000,1,27
5241,1,27
8076,1,27
657,1,27
6955,1,27
8234,1,27
2242,1,27
660,1,27
872,1,27
1557,1,27
2113,1,27
5166,1,27
1556,1,27
3527,1,27
2420,1,27
7865,1,27
5634,1,27
6271,1,27
1725,1,27
6381,1,27
8994,1,27
6194,1,27
878,1,27
2856,1,27
8189,1,27
6094,1,27
1709,1,27
7318,1,27
7471,1,27
8273,1,27
1846,1,27
8607,1,27
2800,1,27
1021,1,27
8153,1,27
8609,1,27
8595,1,27
1139,1,27
1162,1,27
1302,1,27
863,1,27
621,1,27
5746,1,27
3811,1,27
1891,1,27
494,1,27
8721,1,27
7945,1,27
7694,1,27
52,1,27
4168,1,27
3999,1,27
5171,1,27
4120,1,27
5761,1,27
5019,1,27
5534,6,27
5545,0,27
3609,6,27
3737,6,27
4434,6,27
6386,6,27
8491,6,27
385,6,27
8400,6,27
7617,6,27
3277,6,27
3600,6,27
2043,6,27
7417,1,27
5005,6,27
6603,1,27
1245,6,27
3040,6,27
7416,1,27
3828,6,27
5779,6,27
7876,1,27
7198,6,27
7966,6,27
6823,6,27
6401,6,27
2961,6,27
2068,6,27
8828,6,27
6351,0,28
6471,0,28
1960,0,28
6432,0,28
7126,0,28
3714,0,28
100,0,28
3602,0,28
5505,0,28
4112,0,28
6121,0,28
6460,0,28
2563,0,28
3675,1,28
2458,1,28
8724,0,28
6586,0,28
2053,0,28
1665,0,28
4051,0,28
1915,0,28
1963,1,28
5573,0,28
3002,0,28
4158,0,28
6110,1,28
141,1,28
6484,1,28
4470,1,28
7828,1,28
6440,1,28
2041,1,28
6350,1,28
2374,1,28
3521,1,28
8619,1,28
134,1,28
2994,1,28
6693,1,28
1749,1,28
2325,1,28
5343,1,28
2583,1,28
8570,1,28
1602,1,28
7462,1,28
8770,1,28
5236,1,28
5940,1,28
798,1,28
6315,1,28
7818,1,28
390,1,28
1623,1,28
5544,1,28
2392,1,28
8767,1,28
2690,1,28
4999,1,28
3495,1,28
8657,1,28
4702,1,28
1503,1,28
8466,1,28
8992,1,28
854,1,28
2297,1,28
1671,1,28
2732,1,28
4569,1,28
6441,1,28
1324,1,28
2304,1,28
8058,1,28
8367,1,28
7177,6,28
5276,6,28
6891,6,28
4334,6,28
2751,6,28
7660,6,28
6841,6,28
2518,6,28
8973,6,28
2859,6,28
1698,6,28
8416,6,28
4890,6,28
3673,6,28
1206,6,28
520,6,28
5308,6,28
7594,6,28
73,6,28
2698,6,28
2225,6,28
3260,6,28
5189,6,28
2294,6,28
5714,6,28
3126,6,28
3503,6,28
4412,6,28
985,6,28
5921,6,28
321,6,28
417,7,29
6808,2,29
4948,0,29
7411,0,29
4746,0,29
1654,0,29
8331,0,29
3920,0,29
8765,1,29
3292,0,29
2811,0,29
2983,0,29
71,0,29
5117,0,29
5127,0,29
2083,0,29
7801,0,29
1512,0,29
625,0,29
7566,0,29
262,0,29
6983,0,29
782,0,29
5462,0,29
855,1,29
7738,0,29
6738,0,29
436,1,29
579,0,29
3560,0,29
2864,1,29
3303,0,29
8625,0,29
1452,0,29
5742,0,29
8588,0,29
3652,0,29
8535,1,29
7595,1,29
1219,1,29
1650,1,29
1981,1,29
4101,1,29
1948,1,29
5970,1,29
5774,1,29
5316,1,29
1841,1,29
5063,1,29
6992,1,29
4529,1,29
2440,1,29
4454,1,29
3188,1,29
3257,1,29
138,1,29
2976,1,29
6926,1,29
2009,1,29
7159,1,29
3103,1,29
6175,1,29
1537,1,29
6118,1,29
4016,1,29
3969,1,29
1598,1,29
7728,1,29
2396,1,29
5042,1,29
1938,1,29
6508,1,29
2898,1,29
2316,1,29
1372,1,29
79,1,29
2851,1,29
4221,1,29
6872,1,29
4393,1,29
5767,1,29
1369,1,29
8590,1,29
6978,1,29
8933,1,29
901,6,29
1471,6,29
5427,6,29
615,6,29
398,6,29
3782,6,29
5186,6,29
6783,6,29
8823,6,29
5747,6,29
5261,6,29
7178,6,29
3132,6,29
1784,6,29
697,6,29
6474,6,29
4383,6,29
1692,6,29
5649,6,29
8139,6,29
789,6,29
2015,6,29
2753,6,29
6933,6,29
2108,6,29
8240,6,29
2887,6,29
6109,6,29
5436,6,29
3664,6,29
1822,6,29
3579,3,30
4703,0,30
2636,0,30
513,0,30
7709,0,30
7080,0,30
5371,0,30
762,0,30
6644,0,30
6374,0,30
5095,0,30
6183,0,30
1072,0,30
1280,0,30
963,0,30
3971,0,30
5610,0,30
296,0,30
5876,0,30
4152,1,30
248,0,30
7072,1,30
2257,1,30
4306,1,30
8097,1,30
1599,1,30
3542,1,30
116,1,30
8071,1,30
6517,1,30
1520,1,30
1530,1,30
2317,1,30
2338,1,30
6923,1,30
1844,1,30
4098,1,30
1224,1,30
5382,1,30
338,1,30
4087,1,30
4795,1,30
6254,1,30
5083,1,30
2525,1,30
5158,1,30
2137,1,30
2560,1,30
2428,1,30
6974,1,30
8943,1,30
3423,1,30
59,1,30
4400,1,30
8805,1,30
4547,1,30
5182,1,30
4167,6,30
4062,6,30
8146,6,30
3049,6,30
6558,6,30
1003,6,30
1797,6,30
4161,6,30
8938,6,30
8084,6,30
5213,1,30
1446,6,30
4657,6,30
7350,6,30
2612,6,30
6105,6,30
4620,6,30
4693,6,30
8853,6,30
6102,6,30
2426,6,30
1329,6,30
1356,6,30
6881,6,30
4972,6,30
3776,6,30
2267,0,31
1301,2,31
2071,0,31
3523,0,31
8956,0,31
2739,0,31
6985,0,31
7422,0,31
2189,0,31
5085,0,31
6137,0,31
7004,0,31
7872,0,31
2910,0,31
4586,0,31
8174,0,31
5148,0,31
2154,0,31
5008,0,31
1755,6,31
365,0,31
3580,0,31
6184,0,31
6854,6,31
4501,0,31
5965,0,31
8700,0,31
7450,0,31
7936,0,31
2577,0,31
6961,0,31
2438,0,31
6515,0,31
1517,0,31
2259,0,31
864,0,31
7962,0,31
5884,0,31
7871,0,31
2051,1,31
8340,1,31
5441,1,31
3743,1,31
5535,1,31
3785,6,31
5958,1,31
899,1,31
8264,1,31
8368,1,31
3779,1,31
1952,1,31
366,1,31
5642,1,31
8246,1,31
8762,1,31
4423,1,31
3017,1,31
1134,6,31
2513,6,31
4254,1,31
4308,1,31
6948,1,31
8668,6,31
3802,1,31
7725,1,31
85,1,31
144,1,31
8562,1,31
4753,1,31
1721,1,31
3287,1,31
7675,1,31
2110,1,31
3167,1,31
1017,1,31
4942,1,31
8502,1,31
4768,1,31
5172,1,31
5842,1,31
3109,1,31
5727,1,31
7382,1,31
1451,1,31
4417,1,31
5417,1,31
6135,1,31
1682,1,31
1962,1,31
4587,1,31
7954,1,31
313,1,31
5225,1,31
2895,6,31
7299,6,31
3657,6,31
8382,6,31
6753,6,31
8621,6,31
2238,6,31
2869,6,31
1026,6,31
5988,6,31
710,6,31
7602,6,31
8186,6,31
5501,6,31
5895,6,31
3550,6,31
5769,6,31
6557,6,31
5999,6,31
6634,6,31
5898,6,31
4940,6,31
2057,6,31
4316,6,31
3767,3,32
8303,7,32
5404,1,32
6131,1,32
2893,6,32
1947,0,32
2778,0,32
8547,0,32
734,0,32
7044,6,32
8569,0,32
5682,0,32
4858,0,32
4088,0,32
6734,0,32
8069,0,32
8201,0,32
7514,0,32
7022,0,32
2378,0,32
1574,0,32
3243,0,32
8748,0,32
5756,0,32
2183,0,32
6583,0,32
3454,0,32
1445,0,32
5569,0,32
5175,0,32
1505,0,32
7776,0,32
3399,0,32
1942,0,32
7314,0,32
7096,0,32
1559,0,32
1839,0,32
7262,0,32
8224,0,32
6475,0,32
8436,0,32
4860,0,32
2499,0,32
1300,0,32
1837,0,32
8176,0,32
7597,6,32
4691,1,32
8834,1,32
3090,1,32
1364,1,32
2314,1,32
7720,1,32
5804,1,32
3499,6,32
8165,1,32
7214,1,32
1515,1,32
285,1,32
6657,1,32
4997,1,32
953,1,32
7383,1,32
4378,1,32
5460,1,32
7342,1,32
6869,1,32
8734,1,32
805,1,32
4114,1,32
6861,6,32
817,1,32
4064,6,32
211,1,32
6924,1,32
6633,1,32
8355,1,32
5192,1,32
2157,1,32
4466,1,32
1928,1,32
281,1,32
2901,1,32
3507,1,32
3762,1,32
2956,1,32
661,1,32
6167,6,32
4902,6,32
3134,6,32
3537,6,32
4595,6,32
7969,6,32
2706,6,32
2656,6,32
5027,6,32
2052,6,32
5824,6,32
6435,6,32
7773,6,32
6560,6,32
4722,6,32
7769,6,32
8958,6,32
6232,0,32
1465,6,32
4474,6,32
1191,6,32
3370,0,32
7552,6,32
4633,6,32
2205,6,32
450,6,32
470,6,32
6483,6,32
2105,2,33
6065,6,33
3613,0,33
5830,2,33
6834,6,33
4534,6,33
5168,0,33
6920,0,33
8640,0,33
4956,0,33
39,0,33
5645,0,33
1511,0,33
1453,0,33
8841,0,33
6021,0,33
4047,0,33
587,0,33
1660,0,33
2862,0,33
8536,0,33
4199,0,33
7640,0,33
3983,0,33
6141,0,33
1950,0,33
7938,0,33
6166,0,33
5309,0,33
5843,0,33
6385,0,33
5340,0,33
4844,0,33
6767,0,33
7932,1,33
187,1,33
2435,1,33
1491,1,33
6136,1,33
1278,1,33
2779,1,33
8284,1,33
4445,1,33
6943,1,33
273,1,33
4083,1,33
3343,1,33
3480,1,33
1267,1,33
523,1,33
2352,1,33
5526,1,33
1770,1,33
6103,1,33
7796,1,33
1316,1,33
3032,1,33
4641,1,33
598,1,33
4672,1,33
5944,1,33
6170,1,33
885,1,33
1132,1,33
8081,0,33
8301,0,33
2877,1,33
7397,1,33
2467,0,33
5075,1,33
2402,1,33
3846,1,33
4061,0,33
3642,1,33
3327,1,33
1808,1,33
7647,1,33
3384,1,33
3694,1,33
6650,0,33
8057,1,33
2823,1,33
3488,1,33
7831,1,33
4697,1,33
2258,6,33
4148,6,33
7784,6,33
3980,6,33
3379,6,33
5540,6,33
4617,6,33
2356,6,33
1818,6,33
2367,6,33
3653,1,33
6130,6,33
3259,1,33
6217,6,33
5957,1,33
7458,6,33
1347,6,33
6456,6,33
378,6,33
7154,6,34
1345,6,34
1934,0,34
627,0,34
6539,0,34
2731,0,34
454,0,34
3644,0,34
5585,0,34
8962,0,34
4560,0,34
8744,0,34
4431,0,34
891,0,34
6390,0,34
8963,0,34
7900,0,34
745,0,34
4488,0,34
795,0,34
6982,0,34
7530,0,34
553,0,34
2350,0,34
8944,0,34
7196,0,34
8717,0,34
6190,0,34
2892,0,34
8907,0,34
3639,0,34
3096,0,34
7706,0,34
6885,0,34
2427,1,34
8691,1,34
3529,1,34
3048,1,34
2932,1,34
5647,1,34
4888,1,34
5372,1,34
5324,1,34
3444,1,34
4564,1,34
3806,1,34
1156,1,34
4739,1,34
5805,1,34
4418,1,34
5995,1,34
6162,1,34
1439,1,34
3173,1,34
7210,1,34
7507,1,34
99,1,34
2191,1,34
5208,1,34
1158,1,34
3526,1,34
6290,1,34
4359,1,34
7065,1,34
8337,1,34
3177,1,34
4671,1,34
6549,1,34
6837,1,34
3194,1,34
1546,1,34
5928,6,34
4910,6,34
3169,6,34
8731,1,34
8555,6,34
5720,6,34
7459,6,34
848,6,34
8577,6,34
153,6,34
5455,6,34
8876,6,34
173,6,34
6172,6,34
4880,6,34
5201,6,34
6754,6,34
5375,6,34
8365,6,34
3112,6,34
1945,6,34
4756,6,34
5840,6,34
4375,4,35
1774,7,35
4207,6,35
3595,0,35
490,2,35
5792,0,35
8614,0,35
6551,0,35
8496,0,35
7014,0,35
5038,0,35
8556,0,35
5622,0,35
6449,0,35
6281,0,35
1396,0,35
286,0,35
7753,0,35
8126,0,35
7426,0,35
3240,0,35
8930,0,35
1225,0,35
2145,0,35
6977,0,35
4728,0,35
2829,0,35
8354,0,35
1404,0,35
8432,0,35
8394,0,35
1363,0,35
6241,0,35
270,0,35
4333,0,35
4281,1,35
766,1,35
7578,1,35
5788,1,35
4351,1,35
7033,1,35
4853,1,35
2295,1,35
7338,1,35
8936,1,35
7874,1,35
4095,1,35
3650,1,35
3745,1,35
7933,1,35
1953,1,35
4354,1,35
6304,1,35
7745,1,35
3997,1,35
907,1,35
4803,1,35
3859,1,35
4319,1,35
3962,1,35
3916,1,35
4195,1,35
2748,1,35
7498,1,35
8270,1,35
790,1,35
373,1,35
2303,1,35
2765,1,35
3988,1,35
1570,1,35
2289,1,35
7269,1,35
6763,1,35
1875,1,35
8632,1,35
6216,1,35
1325,1,35
8525,1,35
7560,1,35
8232,1,35
8501,1,35
6356,1,35
909,1,35
4215,1,35
4043,1,35
2552,1,35
4371,1,35
424,1,35
7361,1,35
1921,1,35
3219,1,35
7593,1,35
5180,1,35
1879,6,35
5278,6,35
804,6,35
6518,6,35
68,6,35
4777,6,35
8349,6,35
1438,6,35
914,6,35
7838,6,35
4718,6,35
4208,6,35
7018,1,35
2746,6,35
7236,6,35
2271,6,35
5938,6,35
3763,6,35
5630,6,35
8426,1,35
438,6,35
2310,6,35
7500,6,35
5381,6,35
2721,0,36
3437,5,36
2061,7,36
1011,6,36
8123,0,36
5987,0,36
3500,0,36
5605,0,36
5333,0,36
3726,0,36
820,0,36
4933,0,36
7859,0,36
5400,0,36
5963,0,36
3283,0,36
2172,0,36
2333,0,36
1994,0,36
8617,0,36
5624,0,36
6081,0,36
8654,0,36
6946,0,36
7486,0,36
719,0,36
2593,0,36
6824,0,36
8926,0,36
5689,0,36
5525,0,36
8817,1,36
2161,1,36
4000,1,36
6893,1,36
7947,1,36
6802,0,36
3893,1,36
2340,1,36
5245,1,36
8884,1,36
1729,1,36
5232,1,36
5344,1,36
5149,1,36
7012,1,36
7325,1,36
4069,1,36
3193,1,36
2549,1,36
175,1,36
2522,1,36
4760,1,36
8832,1,36
3599,1,36
169,1,36
2792,1,36
2802,1,36
704,1,36
7270,1,36
629,1,36
5673,1,36
1611,1,36
8152,1,36
8566,1,36
1362,1,36
2073,1,36
1377,1,36
2187,1,36
3866,1,36
2032,1,36
6058,1,36
7765,1,36
8711,1,36
4119,1,36
4292,1,36
3353,6,36
6176,6,36
7296,6,36
6981,6,36
1521,6,36
4066,6,36
6936,6,36
8852,6,36
3936,6,36
5880,6,36
7489,6,36
1592,6,36
2031,6,36
7811,6,36
8256,6,36
29,6,36
2527,6,36
6970,6,36
6610,6,36
585,6,36
4247,2,37
8251,6,37
5717,0,37
7702,0,37
4295,0,37
5239,0,37
1222,0,37
6620,0,37
1217,0,37
6115,0,37
2190,0,37
7810,0,37
7479,0,37
596,0,37
1124,0,37
4202,0,37
1397,0,37
3301,0,37
1563,0,37
3761,0,37
276,0,37
2081,0,37
4983,0,37
8840,0,37
7848,0,37
1523,0,37
5733,0,37
8045,0,37
7070,0,37
5355,0,37
7381,0,37
4917,0,37
6699,0,37
1485,1,37
1522,0,37
2240,0,37
5437,0,37
3026,0,37
4224,0,37
1732,1,37
5745,1,37
3386,1,37
1701,1,37
6044,1,37
1659,1,37
4,1,37
4094,1,37
6392,1,37
6602,1,37
4096,1,37
7957,1,37
1299,1,37
1527,1,37
7023,1,37
1311,1,37
1008,1,37
97,1,37
1387,1,37
4206,1,37
5644,1,37
7574,1,37
5373,1,37
6571,1,37
5784,1,37
7846,1,37
756,1,37
6362,1,37
2167,1,37
342,1,37
6719,1,37
1029,1,37
7894,1,37
8637,1,37
3050,1,37
8775,1,37
6771,1,37
8112,1,37
7466,1,37
7921,1,37
8147,1,37
3509,1,37
6453,1,37
5163,1,37
1449,1,37
6339,6,37
7097,6,37
6887,6,37
921,6,37
4530,6,37
6694,6,37
5181,6,37
3180,6,37
8213,6,37
6575,6,37
4957,6,37
2520,6,37
8583,6,37
5053,1,37
7782,6,37
4212,6,37
5466,6,37
7851,6,37
2954,6,37
3288,6,37
1969,6,37
8997,6,37
8274,6,37
1346,6,37
2366,6,37
6387,6,37
1696,6,37
2776,6,37
3082,6,37
3534,6,37
7125,6,37
1609,6,37
1899,6,37
974,6,37
2087,6,37
525,6,37
6685,6,37
6140,6,37
4656,6,38
979,1,38
2591,2,38
6698,2,38
2912,0,38
1462,0,38
3334,0,38
946,0,38
2086,0,38
7606,0,38
1744,0,38
4058,0,38
6087,0,38
6472,0,38
7605,0,38
2344,0,38
8480,0,38
7430,0,38
743,0,38
1374,0,38
2226,0,38
8761,0,38
4583,0,38
3052,0,38
5023,0,38
5018,0,38
988,0,38
8267,0,38
3559,0,38
3690,1,38
876,1,38
3688,1,38
3076,1,38
3875,1,38
1684,1,38
5065,1,38
2507,1,38
1526,1,38
6276,1,38
7748,1,38
4955,1,38
1716,1,38
8275,1,38
7387,1,38
983,1,38
6622,1,38
3715,1,38
2950,1,38
5831,1,38
1494,1,38
6582,1,38
6531,1,38
4874,1,38
8487,1,38
4704,1,38
7621,1,38
6262,1,38
5885,1,38
1253,1,38
8713,1,38
716,1,38
1027,1,38
5351,1,38
5450,1,38
1083,1,38
8993,1,38
7425,1,38
2460,1,38
2023,1,38
850,1,38
2330,1,38
5011,1,38
4313,1,38
8016,1,38
3979,1,38
298,1,38
4305,1,38
8315,1,38
6050,1,38
3544,1,38
1525,1,38
3218,1,38
5572,1,38
8635,1,38
1284,6,38
3304,6,38
3083,6,38
3649,6,38
6830,6,38
8401,6,38
3019,6,38
1997,6,38
2578,6,38
8709,6,38
5721,1,38
287,6,38
5319,6,38
2149,6,38
1482,6,38
1180,6,38
3504,6,38
5648,6,38
3812,6,38
7408,6,38
8212,1,39
4984,0,39
2156,7,39
418,2,39
8681,6,39
592,0,39
7456,0,39
2710,0,39
2227,0,39
8312,0,39
8287,0,39
442,0,39
2684,0,39
6069,0,39
3695,0,39
7106,0,39
8957,0,39
8360,0,39
3814,0,39
6812,0,39
2223,0,39
2634,0,39
7515,0,39
7775,0,39
1443,0,39
4612,0,39
1827,0,39
3552,0,39
4164,0,39
8372,0,39
5133,0,39
7330,0,39
2625,0,39
8650,0,39
5494,0,39
6649,0,39
7227,0,39
472,0,39
8238,0,39
8589,0,39
1635,0,39
5409,0,39
3824,0,39
6498,0,39
7820,0,39
8563,0,39
8454,0,39
8175,1,39
639,1,39
2497,1,39
2135,1,39
7827,1,39
5793,1,39
6494,1,39
1804,1,39
1265,1,39
6129,1,39
8917,1,39
2510,1,39
7068,1,39
5838,1,39
4852,1,39
1157,1,39
7785,1,39
8054,1,39
6756,1,39
46,1,39
3561,1,39
8348,1,39
7439,1,39
151,1,39
7703,1,39
5835,1,39
7544,1,39
2342,1,39
6431,1,39
484,1,39
1495,1,39
8837,1,39
4720,1,39
6259,1,39
7916,1,39
6288,1,39
2434,1,39
4774,1,39
8934,1,39
1642,1,39
1686,1,39
2623,1,39
4113,1,39
4425,1,39
1645,1,39
4122,1,39
5976,6,39
8098,6,39
6984,6,39
8408,6,39
1248,1,39
5295,6,39
5224,6,39
3885,6,39
5285,6,39
3478,6,39
6314,6,39
5700,6,39
4557,6,39
6529,6,39
139,6,39
2343,6,39
255,6,39
1651,6,39
6973,6,39
4538,6,39
5561,6,39
1978,6,39
530,6,39
3266,6,39
4044,6,39
7335,6,39
7390,6,39
4153,6,39
2608,6,39
7572,6,40
184,0,40
8233,0,40
5103,0,40
1391,0,40
6296,0,40
2592,0,40
6181,0,40
3067,0,40
38,0,40
4610,0,40
2268,0,40
7067,0,40
4259,0,40
5431,0,40
2046,0,40
6243,0,40
3101,0,40
959,0,40
7057,0,40
6358,0,40
8431,0,40
1343,0,40
8895,0,40
7994,0,40
1967,0,40
1125,0,40
5637,0,40
1272,0,40
8703,0,40
2849,0,40
6010,0,40
1881,6,40
7085,0,40
4366,0,40
3151,0,40
8314,6,40
7170,0,40
1116,6,40
1410,0,40
3066,0,40
67,0,40
1469,0,40
774,1,40
274,1,40
123,1,40
6114,1,40
1906,1,40
1281,1,40
189,1,40
147,1,40
2917,1,40
828,1,40
8006,1,40
1992,1,40
601,1,40
396,1,40
3770,1,40
8634,1,40
6319,1,40
2098,1,40
7879,1,40
7718,1,40
1210,6,40
8991,1,40
2277,1,40
2770,1,40
7103,1,40
6257,1,40
70,1,40
3431,1,40
4936,1,40
7882,1,40
3047,1,40
3493,1,40
3669,1,40
269,1,40
667,1,40
3263,1,40
6068,1,40
4146,1,40
3808,1,40
2079,1,40
8063,1,40
6023,1,40
6213,1,40
6178,1,40
157,1,40
294,1,40
1795,6,40
2391,6,40
3596,6,40
8603,6,40
7017,6,40
4625,6,40
6056,6,40
3175,6,40
2208,6,40
5679,6,40
4252,6,40
3733,6,40
3898,6,40
5249,6,40
6463,6,40
3713,6,40
1898,6,40
2214,6,40
7824,6,40
5359,6,40
2193,6,40
5639,6,40
6187,6,40
1209,6,40
2815,6,40
4525,6,40
829,6,40
6700,6,40
6503,6,40
1636,6,40
6451,6,40
5486,6,40
6919,6,40
4041,6,40
3054,6,40
6388,6,40
5674,1,41
8643,0,41
677,0,41
5671,0,41
7501,0,41
8180,0,41
8393,0,41
1862,0,41
17,0,41
4825,0,41
4034,0,41
5654,0,41
4025,0,41
7122,0,41
8636,0,41
7481,0,41
4452,0,41
104,0,41
3373,0,41
5066,0,41
3754,0,41
2017,0,41
6444,0,41
8756,0,41
7280,0,41
2502,0,41
7207,0,41
5594,0,41
1578,0,41
4724,0,41
6164,0,41
4980,0,41
5953,0,41
6426,0,41
7625,0,41
3249,0,41
2683,0,41
8203,0,41
2042,1,41
3397,1,41
305,1,41
6789,1,41
1216,1,41
5595,1,41
7868,1,41
2708,1,41
6726,1,41
1234,1,41
4376,1,41
1536,1,41
2131,1,41
2644,1,41
993,1,41
6224,1,41
3401,1,41
1019,1,41
7841,1,41
5419,1,41
7494,1,41
6682,1,41
4629,1,41
1250,1,41
7169,6,41
1290,1,41
3575,1,41
7424,1,41
7571,1,41
3159,1,41
7447,1,41
206,1,41
6323,1,41
4954,6,41
4716,1,41
7873,1,41
915,1,41
5729,1,41
4111,1,41
3174,1,41
3950,1,41
4285,1,41
339,1,41
703,1,41
1107,1,41
4793,1,41
28,1,41
7786,1,41
1712,1,41
5507,1,41
3005,1,41
4497,1,41
6359,1,41
5713,6,41
8515,6,41
1531,6,41
967,6,41
1344,6,41
3210,6,41
4934,6,41
5178,6,41
7124,6,41
2468,6,41
8799,6,41
4197,6,41
2376,6,41
1687,6,41
7276,6,41
1972,6,41
1855,6,41
1803,6,41
3332,6,41
4320,6,41
7756,6,41
7206,6,41
8177,6,41
6297,6,41
6457,6,41
3797,6,41
3202,6,41
6548,6,41
5764,6,41
6625,6,41
649,6,41
6108,6,41
3863,0,42
5971,0,42
3987,0,42
5930,0,42
1747,0,42
7590,0,42
8070,0,42
856,0,42
4419,0,42
7396,0,42
4578,0,42
4786,0,42
5393,0,42
5212,0,42
5591,0,42
7743,0,42
1061,0,42
5263,0,42
502,0,42
2381,6,42
2494,0,42
2554,0,42
3788,0,42
7943,0,42
8741,0,42
7272,0,42
1460,0,42
3130,1,42
5150,1,42
6000,1,42
8217,1,42
861,1,42
8574,1,42
1711,1,42
1821,1,42
4925,1,42
4475,1,42
5341,1,42
7993,1,42
8433,1,42
4115,1,42
5631,1,42
3858,1,42
4597,1,42
1314,1,42
1702,1,42
2693,1,42
4970,1,42
475,1,42
792,1,42
1982,1,42
4459,1,42
1048,6,42
5974,1,42
2166,1,42
2530,1,42
1829,1,42
6941,1,42
6843,1,42
7083,1,42
5109,1,42
5405,1,42
3157,1,42
2837,1,42
8506,6,42
383,1,42
7935,6,42
4405,1,42
2948,1,42
5927,1,42
6340,1,42
8629,1,42
6850,0,42
2276,6,42
7391,6,42
610,6,42
1547,6,42
5997,0,42
7757,6,42
7218,6,42
1115,6,42
5250,6,42
8018,6,42
1524,6,42
212,6,42
1789,6,42
6273,6,42
4631,6,42
4214,6,42
108,6,42
8736,6,42
1177,6,42
4079,6,42
4899,6,42
3831,6,42
4856,0,43
7611,0,43
492,0,43
7165,0,43
7258,0,43
4919,0,43
3022,0,43
1834,0,43
2571,0,43
4794,0,43
7681,0,43
8417,0,43
7971,0,43
3347,0,43
488,0,43
5609,0,43
4576,0,43
3247,0,43
8483,0,43
6563,0,43
448,0,43
2498,0,43
1516,0,43
912,0,43
7985,0,43
8191,0,43
1308,0,43
6801,0,43
3677,0,43
5449,0,43
5638,0,43
3636,0,43
7221,0,43
8128,0,43
119,0,43
6145,0,43
1775,0,43
8787,0,43
1779,0,43
6692,0,43
6853,1,43
551,1,43
6437,1,43
7228,1,43
394,1,43
8040,1,43
237,1,43
1033,1,43
6895,1,43
3319,1,43
2911,1,43
8559,1,43
6787,1,43
7809,1,43
8429,1,43
6043,1,43
5389,1,43
5873,1,43
4020,1,43
3362,0,43
7754,1,43
1246,1,43
4781,1,43
8402,1,43
8975,1,43
8378,1,43
477,1,43
7095,1,43
303,1,43
5557,1,43
4468,1,43
7086,1,43
4023,1,43
1002,1,43
8670,1,43
4355,1,43
2809,1,43
7588,1,43
4180,1,43
6412,1,43
3252,6,43
2251,6,43
932,6,43
4840,6,43
7394,6,43
6347,6,43
2696,6,43
4450,6,43
1190,6,43
8865,6,43
8179,6,43
5978,6,43
7448,6,43
5447,6,43
6778,6,43
5374,6,43
8223,0,43
7521,6,43
7537,6,43
8427,6,43
8764,6,43
7542,6,43
827,6,43
2069,6,43
3513,5,44
6959,0,44
4603,0,44
7309,0,44
5597,0,44
6072,0,44
1676,0,44
6464,0,44
4157,0,44
881,0,44
7025,0,44
7918,0,44
4766,0,44
5026,0,44
6500,0,44
1622,0,44
4838,0,44
576,0,44
7724,0,44
1905,0,44
7140,0,44
5519,0,44
4872,0,44
5047,0,44
8277,0,44
4031,0,44
4036,0,44
1394,0,44
504,1,44
3172,1,44
7308,1,44
1358,1,44
6629,1,44
6591,1,44
4331,1,44
692,1,44
1276,1,44
7777,1,44
7321,1,44
5034,1,44
4358,1,44
7452,1,44
7977,1,44
2565,1,44
7185,1,44
4217,1,44
8576,1,44
8239,1,44
5082,1,44
1012,1,44
3204,1,44
6425,1,44
3179,1,44
2768,1,44
742,1,44
1455,1,44
2469,1,44
1109,1,44
6180,1,44
874,1,44
4124,1,44
2000,1,44
5098,1,44
775,1,44
4553,1,44
1720,1,44
8042,1,44
3299,1,44
5641,1,44
534,1,44
5380,1,44
564,1,44
8972,0,44
1409,1,44
4242,1,44
2669,1,44
8118,1,44
4379,1,44
7113,1,44
7689,1,44
5709,6,44
4796,6,44
3318,6,44
300,6,44
8779,6,44
4976,6,44
8181,6,44
2014,6,44
4481,6,44
802,6,44
7312,6,44
4210,6,44
3385,6,44
1257,6,44
1820,6,44
233,6,44
7844,6,44
5612,6,44
1256,6,44
324,6,44
7369,6,44
4920,6,44
2118,6,44
3457,6,44
2964,6,44
6527,6,45
4717,4,45
8001,4,45
2216,0,45
1567,0,45
7123,0,45
7950,0,45
8955,0,45
8155,0,45
7503,0,45
4773,0,45
6749,0,45
7215,0,45
78,0,45
8795,0,45
3931,0,45
8835,0,45
5765,0,45
8465,0,45
8439,0,45
788,0,45
7052,0,45
3463,0,45
4941,0,45
1049,0,45
4279,0,45
3043,0,45
297,1,45
7823,1,45
2243,1,45
2457,1,45
3696,1,45
2930,1,45
489,1,45
4828,1,45
6994,1,45
1504,1,45
5318,1,45
3119,1,45
3567,0,45
7727,1,45
2929,1,45
2138,1,45
5558,1,45
7034,1,45
2475,1,45
5907,1,45
656,1,45
5000,1,45
8869,1,45
2595,1,45
6873,1,45
3862,1,45
1910,1,45
6748,1,45
1384,1,45
8696,0,45
6840,1,45
3941,1,45
593,0,45
3849,0,45
709,1,45
4662,1,45
1940,1,45
351,1,45
6797,1,45
7835,1,45
3248,1,45
3487,1,45
2939,1,45
2745,1,45
4170,1,45
2010,1,45
4201,1,45
4344,1,45
5990,6,45
1196,0,45
19,6,45
6083,6,45
2449,6,45
6968,6,45
6086,6,45
1833,6,45
47,6,45
6416,6,45
8773,6,45
6605,6,45
261,6,45
7149,6,45
3990,6,45
1403,6,45
809,6,45
3928,6,45
5802,6,45
3554,6,45
4655,6,45
6949,6,45
8411,6,45
5687,0,45
7734,6,45
257,6,45
7253,6,45
2845,6,45
1815,6,45
3966,6,45
4144,6,45
550,6,45
3960,6,45
728,6,45
3977,6,45
518,0,45
8043,6,45
7261,6,45
3212,6,45
5138,6,45
671,6,45
5292,6,45
6233,6,45
852,1,46
2575,7,46
3464,2,46
2006,4,46
4039,3,46
3220,3,46
6636,0,46
8227,0,46
143,0,46
31,0,46
538,0,46
5656,0,46
5165,0,46
6338,0,46
3628,0,46
1146,0,46
3668,0,46
5627,0,46
2991,0,46
933,0,46
4651,0,46
5390,0,46
3421,0,46
3623,0,46
2375,0,46
8049,0,46
1232,0,46
3810,0,46
1477,0,46
7226,0,46
6199,0,46
7613,0,46
4574,0,46
2972,0,46
6645,0,46
2368,0,46
7316,0,46
4432,0,46
8512,0,46
3998,0,46
7672,1,46
7352,1,46
4725,1,46
7339,1,46
356,1,46
5231,1,46
8215,1,46
7176,1,46
2439,1,46
4021,1,46
2358,1,46
2487,1,46
4588,1,46
7698,1,46
858,1,46
4141,1,46
2870,1,46
8476,1,46
4536,1,46
1185,1,46
4169,1,46
3682,1,46
3420,1,46
3113,1,46
6947,1,46
7224,1,46
588,1,46
1722,1,46
5672,1,46
7180,1,46
951,1,46
1805,1,46
1348,1,46
2821,1,46
3749,1,46
7719,1,46
8738,1,46
8819,1,46
2080,1,46
4544,1,46
7341,1,46
4246,1,46
2804,1,46
5048,1,46
5014,1,46
5013,1,46
3804,1,46
3978,1,46
6458,1,46
5056,1,46
7960,1,46
112,1,46
4552,1,46
6398,1,46
4969,1,46
8810,1,46
7007,1,46
4456,1,46
1851,1,46
7002,1,46
7746,1,46
7930,6,46
4857,6,46
7372,6,46
2263,6,46
6466,6,46
3402,6,46
1658,6,46
4666,6,46
6075,1,46
1605,6,46
6098,6,46
6844,6,46
4174,6,46
5029,6,46
4981,6,46
6236,6,46
7819,6,46
633,6,46
1208,6,46
5240,6,46
3851,6,46
2382,6,46
6573,6,46
3501,6,46
6866,6,46
8471,6,46
319,6,46
4975,6,46
6708,6,46
5313,6,46
5801,6,46
2112,6,46
8144,6,46
5982,6,46
6258,6,47
8618,1,47
3729,0,47
7763,0,47
4397,0,47
3834,0,47
2998,0,47
549,0,47
3938,0,47
1554,0,47
2701,0,47
4500,0,47
1309,0,47
8725,0,47
6648,0,47
2943,0,47
49,0,47
0,1,47
5655,0,47
2715,0,47
600,0,47
825,0,47
4784,0,47
3853,0,47
498,0,47
6601,0,47
2062,0,47
7274,0,47
4627,0,47
7235,0,47
1835,0,47
1053,0,47
3722,0,47
679,0,47
5352,0,47
7063,0,47
5122,0,47
929,0,47
2512,0,47
7078,0,47
897,0,47
5837,0,47
353,0,47
1922,0,47
3406,0,47
8950,0,47
7538,0,47
2865,0,47
8397,0,47
7802,0,47
7794,1,47
7648,1,47
7581,1,47
7491,1,47
1759,1,47
5543,1,47
7806,1,47
2846,1,47
7445,1,47
4472,1,47
6113,1,47
4391,1,47
6663,1,47
6798,1,47
8332,1,47
2875,1,47
643,1,47
838,1,47
3203,1,47
2400,1,47
2699,1,47
8808,1,47
7457,1,47
5136,1,47
1931,1,47
5783,1,47
2861,1,47
2999,1,47
2867,1,47
3742,1,47
1572,1,47
1925,1,47
7392,1,47
6512,1,47
1200,1,47
2642,1,47
3818,1,47
8830,1,47
1619,1,47
4390,1,47
8616,1,47
3128,1,47
1693,1,47
6626,1,47
6013,1,47
859,1,47
3440,1,47
6071,6,47
4881,6,47
1786,6,47
2973,6,47
705,6,47
6104,6,47
8699,6,47
4173,6,47
8514,6,47
3996,6,47
5377,6,47
6768,6,47
6354,6,47
5499,6,47
4222,6,47
5094,6,47
4473,6,47
4732,6,47
5683,6,47
2826,6,47
5827,6,47
7346,6,47
1389,6,47
8826,6,47
2387,6,47
7992,6,47
6496,0,48
3448,0,48
4346,0,48
4290,0,48
3727,0,48
3261,0,48
1649,0,48
8263,0,48
302,0,48
5254,0,48
3485,0,48
8135,0,48
1957,0,48
7666,0,48
7186,0,48
6252,0,48
996,0,48
1393,0,48
4998,0,48
2726,0,48
2645,0,48
2380,0,48
2481,0,48
6019,0,48
110,0,48
8208,0,48
964,0,48
6077,0,48
2275,0,48
7622,0,48
4268,0,48
3621,0,48
4977,0,48
163,0,48
7527,0,48
402,0,48
3912,0,48
2005,0,48
4422,0,48
1798,0,48
8646,0,48
6609,0,48
7914,0,48
2766,0,48
5497,0,48
1145,0,48
4104,1,48
8530,1,48
3506,1,48
3307,1,48
132,1,48
3921,1,48
7414,1,48
5350,1,48
469,1,48
5024,1,48
8412,1,48
4678,1,48
3910,1,48
5234,1,48
636,1,48
6542,1,48
3578,1,48
2824,1,48
2266,1,48
2884,1,48
6461,1,48
459,1,48
1870,1,48
3634,1,48
7091,1,48
5825,1,48
4744,1,48
6418,1,48
6729,1,48
3150,1,48
1983,1,48
4748,1,48
554,1,48
2676,1,48
6784,1,48
7896,1,48
4239,1,48
3409,1,48
3267,1,48
7441,1,48
3084,1,48
6795,1,48
6477,1,48
3964,1,48
4109,1,48
3993,1,48
3183,1,48
6745,1,48
6547,6,48
3926,6,48
283,6,48
8085,6,48
3333,1,48
2931,6,48
7432,6,48
4681,6,48
6589,6,48
8688,6,48
1194,6,48
7497,6,48
5353,6,48
8945,6,48
2771,6,48
1060,6,48
5814,6,48
8985,6,48
655,6,48
8701,6,48
7256,6,48
4533,6,48
6053,6,48
4945,6,48
4035,6,48
5204,6,48
1069,6,48
2357,6,48
2881,6,48
6544,6,48
3355,6,48
678,6,48
5993,6,49
1632,6,49
5828,0,49
2229,1,49
3835,0,49
5901,0,49
5064,0,49
8072,0,49
3589,0,49
7077,0,49
3704,0,49
1871,0,49
2628,0,49
7712,0,49
7577,0,49
1220,0,49
5223,0,49
849,0,49
1367,0,49
4903,0,49
1093,0,49
6667,0,49
4789,0,49
1929,0,49
7569,0,49
888,0,49
2165,0,49
6027,1,49
1924,0,49
4384,1,49
700,0,49
4658,0,49
6704,0,49
2308,0,49
910,0,49
4971,1,49
1292,1,49
5922,1,49
1964,1,49
6430,1,49
2245,1,49
6207,1,49
4275,1,49
1044,1,49
8780,1,49
1681,1,49
1959,1,49
1573,1,49
569,1,49
6255,1,49
7885,1,49
3540,1,49
7217,1,49
5626,1,49
8868,1,49
3570,1,49
5092,1,49
6880,1,49
4508,1,49
1508,1,49
3187,1,49
1624,1,49
2974,1,49
7870,1,49
4898,1,49
4065,1,49
7395,1,49
1800,1,49
1552,1,49
2383,1,49
6080,1,49
4330,1,49
5429,1,49
8249,1,49
8542,1,49
1791,1,49
1114,1,49
1435,1,49
7722,1,49
6883,1,49
7027,1,49
222,1,49
6702,1,49
7368,1,49
60,1,49
2989,1,49
8342,1,49
5200,6,49
2965,6,49
4181,6,49
8285,6,49
8484,6,49
8620,6,49
7923,6,49
7155,6,49
4896,6,49
1734,6,49
8129,6,49
2602,6,49
640,6,49
1258,6,49
3914,6,49
6124,6,49
7242,6,49
168,6,49
56,6,49
7145,6,49
2541,6,49
23,6,49
3576,6,49
6146,6,49
4368,6,49
7520,6,49
3209,2,50
4537,0,50
7386,1,50
6892,2,50
3555,0,50
8802,0,50
1279,0,50
2508,0,50
7797,0,50
1907,0,50
524,0,50
40,0,50
6025,0,50
1340,0,50
3241,0,50
4272,0,50
960,0,50
4962,0,50
835,0,50
6161,0,50
6744,0,50
1731,0,50
7780,0,50
2506,0,50
8494,0,50
4682,0,50
1433,0,50
4250,0,50
4805,0,50
1483,0,50
236,0,50
8710,0,50
111,0,50
3461,1,50
7133,1,50
8901,1,50
5129,0,50
6246,1,50
787,1,50
1005,1,50
5985,1,50
7081,1,50
5296,1,50
5425,1,50
3549,1,50
2660,1,50
6773,1,50
7129,1,50
5707,1,50
5875,1,50
6790,1,50
4458,1,50
4792,1,50
7741,1,50
7182,1,50
3847,1,50
3651,1,50
8964,1,50
6399,1,50
6427,1,50
597,1,50
8581,1,50
3732,1,50
6553,1,50
5753,1,50
427,1,50
6991,1,50
1084,1,50
6877,1,50
7306,1,50
3482,1,50
764,1,50
8283,1,50
26,1,50
4056,1,50
1864,1,50
5273,6,50
3852,6,50
4080,6,50
6495,6,50
6132,6,50
1506,6,50
8750,6,50
749,6,50
623,6,50
2596,1,50
4715,6,50
8592,6,50
5650,1,50
2235,6,50
8490,6,50
7649,6,50
2661,6,50
7203,6,50
984,6,50
80,6,50
7532,6,50
3573,6,50
8920,6,50
3285,6,50
7567,6,50
1378,6,50
6782,6,50
8025,3,51
4613,7,51
8090,0,51
5822,0,51
5699,0,51
8157,0,51
1236,0,51
3830,0,51
2509,0,51
1707,0,51
3915,0,51
6927,0,51
4886,0,51
7623,0,51
2627,0,51
5110,0,51
2146,0,51
7245,0,51
350,0,51
35,0,51
1419,0,51
1812,0,51
8686,0,51
2008,0,51
3748,0,51
2672,1,51
7493,0,51
2697,0,51
1705,0,51
7278,0,51
5323,0,51
7551,0,51
7358,0,51
3716,0,51
718,0,51
7523,0,51
6079,0,51
3475,0,51
8061,0,51
2876,1,51
5071,0,51
2315,0,51
1166,0,51
3361,0,51
1792,0,51
1056,0,51
2456,0,51
7512,0,51
5336,0,51
6158,0,51
747,0,51
2587,0,51
1761,0,51
3791,1,51
6907,1,51
307,1,51
7509,1,51
2492,1,51
7855,1,51
4921,1,51
8766,1,51
7190,1,51
1683,1,51
5790,1,51
6993,1,51
1569,1,51
6627,1,51
5628,1,51
799,1,51
7729,1,51
8161,1,51
8801,1,51
8527,1,51
6922,1,51
393,1,51
1674,1,51
6171,1,51
757,1,51
5123,1,51
1262,1,51
6250,1,51
8968,1,51
1576,1,51
4791,1,51
5819,1,51
8030,1,51
5854,1,51
3018,1,51
7607,1,51
5839,1,51
998,1,51
6618,1,51
8928,1,51
7398,1,51
1415,1,51
2567,1,51
4855,1,51
8377,1,51
239,1,51
4554,1,51
1806,1,51
1718,1,51
3111,1,51
3502,6,51
5461,6,51
8785,6,51
5365,6,51
3051,6,51
2978,6,51
2651,6,51
3408,6,51
4683,6,51
8495,6,51
5748,6,51
4166,6,51
2843,6,51
5959,6,51
2489,6,51
6317,6,51
4520,6,51
7536,6,51
1600,6,51
8027,6,51
6348,6,51
3396,6,51
3097,6,51
6786,1,51
1010,6,51
2997,6,51
7211,6,51
2515,6,51
7046,6,51
1584,6,51
8399,6,51
3735,6,51
8140,6,51
1330,6,51
7816,6,51
1961,6,51
5330,6,51
148,6,51
7987,6,51
8356,6,51
2969,6,51
644,2,52
4227,3,52
7354,0,52
965,0,52
4186,0,52
2290,0,52
7604,0,52
5155,0,52
7357,0,52
5435,0,52
7223,0,52
2624,0,52
5975,0,52
3036,0,52
6799,0,52
6741,0,52
4522,0,52
4742,0,52
8949,0,52
6628,0,52
3857,0,52
2370,0,52
7105,0,52
4628,0,52
2915,0,52
322,0,52
5933,0,52
7286,0,52
3080,0,52
4916,0,52
603,0,52
1170,0,52
3165,0,52
8297,1,52
2437,0,52
278,0,52
2581,0,52
4131,0,52
6289,0,52
2557,0,52
5601,0,52
5198,0,52
8983,0,52
4075,0,52
5188,0,52
4323,1,52
2517,1,52
6788,1,52
5690,1,52
4178,1,52
5811,1,52
1912,1,52
5102,1,52
6638,1,52
3792,1,52
5443,1,52
2855,1,52
1741,1,52
3850,1,52
8847,1,52
2584,1,52
2609,1,52
6265,1,52
5116,1,52
5242,1,52
5017,1,52
4846,1,52
3354,1,52
1426,1,52
8597,1,52
5306,1,52
2719,1,52
4176,1,52
3700,1,52
1413,1,52
3336,1,52
5322,1,52
5762,1,52
6365,1,52
3571,1,52
1422,1,52
6683,1,52
5979,1,52
5433,1,52
473,1,52
282,1,52
6939,1,52
8829,1,52
3105,1,52
7687,1,52
1565,1,52
2871,1,52
1869,1,52
4993,1,52
5360,1,52
346,1,52
2566,1,52
1297,1,52
8168,6,52
407,6,52
2822,6,52
7721,6,52
7101,6,52
2742,6,52
6485,6,52
8825,6,52
6739,6,52
938,6,52
8913,6,52
8008,6,52
720,6,52
2365,6,52
6917,6,52
37,6,52
4650,6,52
6929,6,52
1385,6,52
3229,6,52
8723,6,52
3744,6,52
182,6,52
6119,6,52
2760,6,52
1697,6,52
7181,6,52
2341,6,52
7100,6,52
2844,6,52
8235,7,53
5574,6,53
8293,3,53
7477,0,53
904,0,53
1106,0,53
1724,0,53
8067,6,53
8846,0,53
1591,0,53
7837,0,53
6857,0,53
1626,0,53
5693,0,53
6723,0,53
6423,0,53
8798,0,53
3286,0,53
5817,0,53
3416,0,53
4396,0,53
3439,0,53
332,0,53
406,0,53
467,0,53
7348,6,53
5598,0,53
1926,0,53
8435,6,53
7015,0,53
1766,0,53
194,0,53
5593,0,53
4415,0,53
3216,0,53
4833,0,53
4380,0,53
4563,0,53
8560,0,53
6343,0,53
6833,0,53
5339,0,53
6179,0,53
2853,0,53
55,0,53
3515,0,53
7982,1,53
6182,1,53
2450,1,53
4799,1,53
2346,1,53
1113,1,53
7726,1,53
7320,1,53
5818,1,53
2600,1,53
834,1,53
8082,1,53
34,1,53
8662,1,53
4922,1,53
5492,1,53
810,1,53
717,1,53
8418,1,53
2448,1,53
4758,1,53
5946,1,53
512,1,53
8050,1,53
5408,1,53
7389,1,53
658,1,53
7563,1,53
3350,1,53
6022,1,53
3710,1,53
7163,1,53
3760,1,53
6266,1,53
3924,1,53
6733,1,53
2085,1,53
1321,1,53
5705,1,53
6561,1,53
823,1,53
3328,1,53
8425,1,53
2025,1,53
4897,1,53
3291,1,53
5152,1,53
7188,1,53
1529,6,53
3340,6,53
8060,6,53
2252,6,53
5111,6,53
4401,6,53
1897,6,53
7877,6,53
5754,6,53
1608,6,53
836,6,53
7118,6,53
7522,6,53
7690,6,53
807,6,53
5659,6,53
4605,6,53
7301,6,53
3086,6,53
6334,6,53
3009,6,53
4216,6,53
6408,6,53
3185,6,53
8664,6,53
8743,6,53
3481,6,53
5045,6,53
1700,6,53
4126,6,53
8034,6,53
5897,6,53
5050,6,53
5272,6,53
7609,6,53
3176,6,53
8899,6,53
6532,3,54
7130,4,54
4817,3,54
7117,3,54
5888,0,54
5140,0,54
1142,0,54
156,0,54
5100,0,54
1144,0,54
6057,0,54
1172,0,54
4063,0,54
8809,0,54
292,0,54
7449,0,54
1283,0,54
2151,0,54
8185,0,54
5143,0,54
4871,0,54
8598,0,54
5046,0,54
3838,0,54
6615,0,54
201,0,54
1958,0,54
833,0,54
3786,0,54
3944,0,54
1847,0,54
5411,0,54
91,0,54
8789,0,54
7965,0,54
4609,0,54
2361,0,54
4565,0,54
7428,0,54
6397,0,54
6568,1,54
4219,1,54
2045,1,54
1313,1,54
6912,1,54
1198,1,54
3494,1,54
4045,1,54
778,1,54
7686,1,54
3923,1,54
545,1,54
1965,1,54
2714,1,54
3603,1,54
8376,1,54
7189,6,54
2835,1,54
2337,1,54
5502,1,54
8012,1,54
6143,1,54
4978,1,54
819,1,54
3861,1,54
7565,1,54
1086,1,54
6672,1,54
1689,1,54
3683,6,54
301,1,54
7529,1,54
4575,1,54
5135,1,54
1015,1,54
8715,1,54
1603,1,54
3389,1,54
8678,1,54
3392,1,54
546,1,54
6235,1,54
4175,1,54
2362,1,54
4594,1,54
3044,1,54
2359,1,54
7237,1,54
8103,1,54
8573,6,54
7679,6,54
6908,6,54
7505,6,54
1673,6,54
7230,6,54
3840,6,54
6247,6,54
3587,6,54
6128,6,54
4489,6,54
7071,6,54
5576,6,54
8507,6,54
1201,6,54
2334,6,54
3211,6,54
4689,6,54
6934,6,54
8848,6,54
7815,6,54
6554,6,54
7778,6,54
5617,6,54
202,3,55
3740,0,55
6750,0,55
4284,0,55
6676,0,55
2603,0,55
2531,0,55
1269,0,55
5797,0,55
5141,0,55
6966,0,55
3374,0,55
8344,0,55
8138,6,55
4757,0,55
7267,0,55
263,0,55
200,0,55
1941,0,55
5078,0,55
8788,0,55
4861,6,55
3486,0,55
1117,0,55
5113,0,55
7912,0,55
8886,0,55
4708,0,55
6972,0,55
6712,0,55
6716,0,55
4399,0,55
3718,0,55
7074,0,55
5442,0,55
5205,1,55
8622,1,55
6581,1,55
687,1,55
5821,1,55
2694,1,55
5867,1,55
3973,1,55
4387,1,55
1853,1,55
7243,1,55
6665,1,55
1743,6,55
3004,1,55
5945,1,55
3136,1,55
3413,1,55
1366,1,55
2128,1,55
954,1,55
3345,1,55
6438,1,55
6352,1,55
4754,1,55
4797,1,55
4929,1,55
114,1,55
3078,1,55
4345,1,55
4815,1,55
4740,1,55
5632,1,55
1478,1,55
5643,1,55
920,1,55
8553,1,55
8262,1,55
1136,1,55
2076,1,55
5934,1,55
8065,1,55
3781,1,55
5968,1,55
7789,1,55
3610,1,55
8508,1,55
101,6,55
4767,6,55
822,6,55
5516,6,55
6632,6,55
3037,6,55
6905,6,55
3081,6,55
6722,6,55
4286,6,55
4904,6,55
7970,6,55
2301,6,55
8255,6,55
8667,6,55
1090,6,55
2059,6,55
6831,6,55
6777,6,55
1884,6,55
8338,6,55
4943,6,55
1930,6,55
694,6,55
8528,6,55
2594,6,55
335,6,55
882,6,55
7379,6,55
3556,6,55
733,6,55
7307,6,55
8526,6,55
3790,6,55
5291,6,55
2675,3,56
3878,1,56
5918,1,56
312,0,56
12,0,56
122,0,56
4347,0,56
437,0,56
3321,0,56
3959,0,56
2088,0,56
1545,0,56
13,0,56
428,0,56
3530,0,56
6538,0,56
8467,0,56
4669,0,56
4092,0,56
3007,0,56
117,0,56
1319,0,56
1489,0,56
6593,0,56
176,0,56
7442,0,56
6278,0,56
5899,0,56
5473,0,56
3891,0,56
8266,0,56
4762,0,56
7313,0,56
5310,0,56
529,0,56
7152,0,56
7229,0,56
6910,1,56
130,1,56
1459,6,56
2966,1,56
8133,6,56
2534,1,56
1434,1,56
971,1,56
2188,1,56
8343,1,56
2228,1,56
7913,1,56
505,1,56
668,1,56
7131,1,56
3919,1,56
3927,1,56
4089,1,56
4258,1,56
688,1,56
1486,6,56
7562,1,56
4987,1,56
8658,1,56
6153,1,56
8407,1,56
8881,1,56
6709,1,56
3381,1,56
6671,1,56
8694,1,56
8453,1,56
8106,1,56
7759,1,56
6540,1,56
927,1,56
7194,1,56
4615,6,56
3191,6,56
4820,6,56
6345,6,56
3784,6,56
4585,6,56
1270,6,56
7179,6,56
6835,6,56
8457,6,56
5434,6,56
4834,6,56
20,6,56
1866,6,56
8148,6,56
7580,6,56
6533,6,56
3705,6,56
5257,6,56
2650,6,56
5984,6,56
8336,6,56
1887,6,56
6514,6,56
2533,6,56
7652,6,56
7526,0,57
5701,0,57
7031,0,57
8209,0,57
5724,0,57
5550,0,57
3142,0,57
6446,0,57
8718,0,57
1932,0,57
430,0,57
6041,0,57
7637,0,57
6755,0,57
8184,6,57
8102,0,57
7108,0,57
465,0,57
343,0,57
2170,0,57
6054,0,57
1507,0,57
8136,0,57
7573,0,57
7467,0,57
2934,0,57
6678,0,57
608,0,57
8477,0,57
486,0,57
7901,0,57
1628,0,57
994,0,57
3390,0,57
4067,6,57
8608,0,57
7139,0,57
4992,0,57
3520,0,57
5760,0,57
664,0,57
6078,0,57
6509,0,57
7082,0,57
7429,0,57
4667,0,57
7561,0,57
1810,0,57
7255,0,57
6301,0,57
7700,0,57
368,0,57
1984,0,57
1889,0,57
8687,1,57
1414,1,57
336,1,57
2793,1,57
2936,1,57
8327,1,57
3904,1,57
1661,1,57
7714,1,57
4639,1,57
8979,1,57
3473,1,57
7322,1,57
4192,1,57
4555,1,57
7093,1,57
3341,1,57
8843,1,57
397,1,57
7195,1,57
1408,0,57
7953,1,57
7716,1,57
4935,1,57
8902,1,57
1202,1,57
532,1,57
7187,1,57
1078,1,57
1441,0,57
4680,1,57
7909,1,57
5583,1,57
3568,1,57
4018,1,57
5314,0,57
81,1,57
4548,1,57
5418,1,57
5728,1,57
1475,1,57
3129,1,57
3195,1,57
3309,1,57
2211,1,57
4238,1,57
400,1,57
8279,1,57
8164,1,57
701,1,57
6011,1,57
1830,6,57
2163,6,57
6201,6,57
4800,6,57
2185,6,57
6569,6,57
3438,6,57
3013,6,57
7009,6,57
7628,6,57
8974,6,57
3563,6,57
1777,6,57
1392,6,57
3753,6,57
7156,6,57
7695,6,57
4381,6,57
2540,6,57
1615,6,57
1334,6,57
2125,6,57
1128,6,57
1883,6,57
6127,6,57
8882,6,57
2944,6,57
2941,6,57
5568,7,58
2454,7,58
738,3,58
6205,1,58
5554,0,58
8982,6,58
645,6,58
6779,7,58
4775,0,58
5798,0,58
7287,0,58
7750,0,58
8851,0,58
1227,0,58
605,0,58
6160,0,58
8395,0,58
7328,0,58
2605,0,58
4343,0,58
1656,0,58
7066,0,58
506,0,58
1151,0,58
7849,0,58
2371,0,58
5197,0,58
3584,0,58
7148,0,58
3430,0,58
681,0,58
1754,0,58
5490,0,58
673,0,58
8330,0,58
461,0,58
8534,0,58
7680,0,58
5692,0,58
5512,0,58
2555,0,58
7061,0,58
6034,0,58
6901,0,58
5935,0,58
6526,0,58
3138,0,58
8204,0,58
1493,0,58
3102,1,58
4937,1,58
3787,1,58
7473,1,58
2292,1,58
179,1,58
42,1,58
2847,1,58
8000,1,58
2155,1,58
6047,1,58
5432,1,58
3161,1,58
8075,1,58
2907,1,58
3772,1,58
5619,1,58
2291,1,58
7282,0,58
3490,1,58
7111,1,58
3377,1,58
7813,1,58
5079,1,58
4494,1,58
3213,1,58
8455,1,58
8898,1,58
6059,1,58
1999,1,58
2880,1,58
1838,1,58
6026,1,58
284,1,58
2126,1,58
7860,1,58
8904,1,58
5074,1,58
755,1,58
7370,1,58
4011,1,58
6295,1,58
1643,1,58
4812,1,58
8056,1,58
7421,1,58
3365,1,58
5132,6,58
3006,6,58
1214,6,58
750,6,58
7808,6,58
1653,6,58
5547,6,58
245,6,58
6070,6,58
975,6,58
7518,6,58
2421,6,58
721,6,58
1197,6,58
7699,6,58
7568,6,58
8422,6,58
2026,6,58
5589,6,58
6578,6,58
2312,0,58
246,6,58
1051,6,58
3146,0,58
6309,6,58
7905,6,58
3405,6,58
7713,6,58
6061,6,58
3256,6,58
6488,6,58
259,6,58
1406,6,58
5523,6,58
6174,6,58
6491,6,59
7626,1,59
4413,7,59
5312,0,59
58,0,59
5252,0,59
7499,0,59
405,0,59
3235,0,59
7650,0,59
4492,0,59
7107,0,59
8935,0,59
4072,0,59
6039,0,59
3155,0,59
8229,0,59
3798,0,59
5741,0,59
7911,0,59
1708,0,59
8290,0,59
3295,0,59
3868,0,59
986,0,59
4426,0,59
5277,0,59
3597,0,59
8806,0,59
1186,0,59
5834,0,59
666,0,59
5057,0,59
4321,0,59
5265,0,59
5459,0,59
445,0,59
8587,1,59
8216,1,59
3577,1,59
7761,1,59
6372,1,59
5892,1,59
4634,1,59
2638,1,59
3974,1,59
6076,1,59
7799,1,59
7240,1,59
6283,1,59
7484,1,59
4389,1,59
2772,1,59
4632,1,59
3622,1,59
5073,1,59
565,0,59
3867,1,59
3237,1,59
3070,1,59
8517,1,59
3085,1,59
5925,1,59
566,1,59
5723,1,59
3038,1,59
6123,1,59
6225,1,59
4593,1,59
1872,1,59
7548,1,59
3884,1,59
7740,1,59
611,1,59
3991,1,59
5719,1,59
6210,1,59
3679,1,59
6443,1,59
8381,1,59
2691,1,59
4952,1,59
6337,1,59
415,1,59
1612,1,59
3189,1,59
8679,1,59
7631,1,59
2285,1,59
6800,1,59
1036,1,59
7830,6,59
5861,6,59
7807,6,59
5994,6,59
6060,6,59
732,6,59
3777,6,59
3383,6,59
8230,6,59
6867,6,59
7723,6,59
152,6,59
5571,6,59
4502,6,59
4135,6,59
2293,6,59
82,6,59
7755,6,59
7116,6,59
2616,6,59
2198,6,59
4091,6,59
4134,6,59
7073,6,59
7384,6,59
5055,0,59
4867,2,60
1783,7,60
539,0,60
1381,0,60
1429,0,60
2168,0,60
8004,0,60
536,0,60
447,0,60
3200,0,60
8529,0,60
5159,0,60
4342,0,60
8807,0,60
7903,0,60
5599,0,60
6637,0,60
4402,0,60
865,0,60
5358,0,60
2806,0,60
1970,0,60
8220,0,60
3069,0,60
196,0,60
7629,0,60
1192,0,60
5386,0,60
1169,0,60
4332,0,60
98,0,60
363,0,60
2673,0,60
6871,0,60
2637,0,60
5243,0,60
6329,1,60
1293,1,60
1183,1,60
2153,1,60
4822,1,60
737,1,60
3681,1,60
3407,1,60
6689,1,60
83,1,60
4037,1,60
1726,1,60
2372,1,60
5604,1,60
6112,1,60
3445,0,60
662,1,60
2832,1,60
4139,1,60
3764,1,60
8503,1,60
3122,1,60
5298,1,60
3474,1,60
191,1,60
1338,1,60
3986,1,60
4837,1,60
3741,1,60
8423,1,60
3098,1,60
837,1,60
2711,1,60
7708,1,60
5711,1,60
4959,1,60
1400,1,60
8200,1,60
2415,1,60
7239,1,60
6200,1,60
3925,1,60
6686,1,60
4771,6,60
8996,6,60
995,6,60
3796,6,60
4535,6,60
5983,6,60
6378,6,60
2670,6,60
5091,6,60
3230,6,60
2360,6,60
6691,6,60
8187,6,60
5991,6,60
6227,6,60
8863,6,60
8941,6,60
468,6,60
3110,6,60
2007,6,60
4912,6,60
6040,6,60
1733,6,60
349,6,60
1424,6,60
2022,0,60
4893,6,60
6242,6,60
3903,3,61
3057,0,61
3844,3,61
145,4,61
107,0,61
6703,0,61
2408,0,61
2761,0,61
382,0,61
1904,0,61
4145,0,61
2663,0,61
1949,0,61
5909,0,61
1933,0,61
977,0,61
121,0,61
2914,0,61
8111,0,61
2119,0,61
1352,0,61
5548,0,61
2521,0,61
6856,0,61
8086,0,61
2528,0,61
4842,0,61
5206,0,61
8894,1,61
7644,1,61
5387,0,61
7351,1,61
2210,1,61
8499,1,61
8194,1,61
5737,1,61
3055,1,61
178,1,61
8488,1,61
2743,1,61
7151,1,61
2035,1,61
2147,1,61
8873,1,61
8939,1,61
3825,1,61
6151,1,61
3456,1,61
43,0,61
1091,1,61
2922,1,61
2060,1,61
5305,1,61
8543,1,61
198,1,61
1817,1,61
8760,1,61
4076,1,61
6624,1,61
2827,1,61
6847,1,61
1920,1,61
11,1,61
1594,1,61
5068,1,61
2174,1,61
2607,1,61
2272,1,61
3665,1,61
5144,1,61
4241,1,61
1593,1,61
288,1,61
389,1,61
8665,1,61
682,0,61
4811,1,61
1939,1,61
2984,1,61
6163,1,61
1274,1,61
1140,6,61
4961,6,61
6111,6,61
6898,6,61
1916,6,61
7423,0,61
8448,6,61
3269,6,61
1549,6,61
7939,6,61
4373,6,61
544,6,61
6534,6,61
6701,6,61
384,6,61
6559,6,61
5120,6,61
2504,6,61
4341,6,61
1769,6,61
5147,6,61
3470,6,61
7377,6,61
6862,6,61
5356,6,61
3484,6,61
8298,6,61
5472,6,61
6535,6,61
7508,6,61
412,6,61
8024,6,61
6074,6,61
3836,0,61
1670,6,61
4584,6,61
4270,6,61
7157,5,62
8087,7,62
3635,3,62
7064,4,62
776,5,62
7142,5,62
481,7,62
6863,0,62
2680,0,62
4436,0,62
3871,0,62
3251,0,62
7603,0,62
741,0,62
5430,0,62
2195,0,62
4974,0,62
5950,0,62
602,0,62
6248,0,62
1849,0,62
1251,0,62
1694,0,62
1275,0,62
2281,0,62
947,0,62
1461,0,62
8458,0,62
6414,0,62
6944,0,62
6009,0,62
2659,0,62
6828,0,62
125,0,62
759,0,62
618,0,62
8011,0,62
2217,1,62
3253,1,62
8341,1,62
8651,1,62
7705,1,62
1699,1,62
1235,1,62
5575,1,62
2970,1,62
3768,1,62
5551,1,62
2430,1,62
2707,1,62
4277,0,62
1723,1,62
7401,1,62
3685,1,62
1548,1,62
5787,1,62
1663,1,62
6370,1,62
7891,1,62
8763,0,62
696,1,62
2896,1,62
8163,1,62
5391,1,62
5850,0,62
8414,1,62
2424,1,62
2940,1,62
8660,1,62
3367,1,62
5629,1,62
5222,1,62
3476,1,62
3147,1,62
1742,1,62
3062,1,62
3856,6,62
3687,6,62
5203,6,62
5369,6,62
4132,6,62
483,6,62
500,6,62
1064,6,62
3339,6,62
2754,6,62
4203,6,62
6976,6,62
2286,6,62
1796,6,62
3311,6,62
890,6,62
8538,6,62
2882,6,62
7825,6,62
1226,6,62
7468,6,62
4611,6,62
3414,6,62
8759,6,62
1229,6,62
7496,6,62
6361,6,62
7897,6,62
8037,6,62
4038,6,62
204,2,63
5939,4,63
96,0,63
5744,0,63
3254,0,63
1714,0,63
7344,0,63
6052,0,63
4353,0,63
5274,0,63
8162,0,63
8171,0,63
8481,0,63
5076,0,63
2763,0,63
4130,0,63
2962,0,63
8068,0,63
7978,0,63
2909,0,63
8794,0,63
624,0,63
2879,0,63
8101,0,63
7050,0,63
5564,0,63
7733,0,63
7883,0,63
291,0,63
8105,0,63
8306,0,63
5376,0,63
818,0,63
7630,0,63
8803,0,63
6228,0,63
4727,0,63
4467,0,63
3302,0,63
8299,0,63
7944,0,63
6277,1,63
8692,1,63
5578,1,63
586,1,63
8722,1,63
7684,1,63
8864,1,63
7535,1,63
8594,1,63
7303,1,63
6298,1,63
2777,1,63
5778,1,63
2116,1,63
4967,1,63
471,1,63
460,1,63
2033,1,63
4759,1,63
4294,1,63
1558,1,63
4499,1,63
6189,1,63
2838,1,63
6988,1,63
3093,1,63
1259,1,63
5657,1,63
8093,1,63
528,1,63
508,1,63
1976,1,63
8642,1,63
8083,1,63
1893,1,63
4339,1,63
1854,1,63
1780,1,63
8409,1,63
2579,1,63
2780,1,63
2020,1,63
4995,1,63
5357,1,63
2249,1,63
676,1,63
632,1,63
4078,1,63
5402,1,63
2923,1,63
3496,1,63
1016,1,63
543,6,63
1077,6,63
4220,6,63
7766,6,63
7783,6,63
3107,6,63
3957,6,63
8704,6,63
7058,6,63
8134,6,63
2598,6,63
1990,6,63
5187,6,63
7558,6,63
6731,6,63
8434,6,63
6211,6,63
8328,6,63
5514,6,63
4060,6,63
1327,6,63
4440,6,63
6473,6,63
8571,6,63
6481,6,63
2192,6,63
1407,6,63
3008,6,63
5130,6,63
8388,6,63
7200,6,63
571,6,63
3877,6,63
4298,1,63
4531,6,63
1176,6,63
5317,3,64
4832,7,64
345,0,64
753,0,64
4577,0,64
4420,0,64
2562,0,64
1045,0,64
2548,0,64
4951,0,64
3539,0,64
4863,0,64
6975,0,64
5229,0,64
2003,0,64
2030,0,64
2631,0,64
3317,0,64
1501,0,64
5465,0,64
3,0,64
5636,0,64
2580,0,64
4205,0,64
3655,0,64
1944,0,64
7662,0,64
2039,0,64
6229,0,64
7277,0,64
5663,0,64
8375,0,64
3061,0,64
8784,0,64
2812,0,64
607,0,64
6031,0,64
3876,0,64
5961,0,64
8524,0,64
5816,0,64
917,0,64
410,0,64
4906,1,64
1974,1,64
6395,1,64
231,1,64
6995,1,64
2299,1,64
8641,1,64
2736,1,64
1024,1,64
4154,1,64
6300,1,64
172,1,64
4416,1,64
323,1,64
2322,1,64
1885,1,64
5948,1,64
1383,1,64
5806,1,64
7172,1,64
866,1,64
4204,1,64
8839,1,64
5730,1,64
7094,1,64
3725,1,64
5385,1,64
8380,1,64
1988,1,64
4688,1,64
8663,1,64
5845,1,64
1450,1,64
1289,1,64
8121,1,64
2203,1,64
3541,1,64
3316,1,64
1042,1,64
8387,1,64
4136,1,64
2985,1,64
606,1,64
5566,1,64
2756,1,64
3115,1,64
1706,1,64
3498,1,64
3896,1,64
5904,6,64
2377,6,64
7036,6,64
6670,6,64
1490,6,64
449,6,64
3178,6,64
2175,6,64
4798,6,64
3949,6,64
4245,6,64
1614,6,64
8606,6,64
889,6,64
44,6,64
6085,6,64
6342,6,64
6630,6,64
6832,6,64
1585,6,64
8405,6,64
8737,6,64
463,6,64
374,6,64
6035,1,65
4244,2,65
5289,0,65
5518,0,65
4013,0,65
5398,0,65
3510,0,65
51,0,65
2200,0,65
4304,0,65
88,0,65
6501,0,65
6690,0,65
2055,0,65
7247,0,65
2136,0,65
8612,0,65
672,0,65
1850,0,65
7326,0,65
8891,0,65
1030,0,65
7,0,65
3227,0,65
3491,0,65
7696,0,65
4394,1,65
4209,1,65
474,1,65
6684,1,65
7673,1,65
5857,1,65
8838,1,65
8104,1,65
4532,1,65
6482,1,65
3512,1,65
5145,1,65
7415,1,65
5001,1,65
6852,1,65
3860,1,65
3712,1,65
6930,1,65
620,1,65
1436,1,65
1034,1,65
5910,1,65
5849,1,65
3590,1,65
6193,1,65
5096,1,65
3234,1,65
800,1,65
1242,1,65
2221,1,65
25,1,65
1499,1,65
136,1,65
8887,1,65
1890,1,65
3171,1,65
1892,1,65
5658,1,65
2398,1,65
3598,1,65
5069,1,65
1087,1,65
8735,1,65
3672,1,65
4403,1,65
8137,1,65
8094,1,65
999,1,65
4251,1,65
8241,1,65
695,1,65
3992,1,65
3388,1,65
1306,1,65
4673,6,65
3315,6,65
5859,6,65
3643,6,65
7693,6,65
2204,6,65
8250,1,65
6537,6,65
1244,6,65
5301,6,65
2920,6,65
7490,6,65
4592,6,65
4288,6,65
5426,6,65
7213,6,65
5812,6,65
2762,6,65
4026,6,65
7986,6,65
7435,6,65
3809,6,65
6775,6,65
4236,6,65
3262,6,65
3207,6,65
8702,6,65
6036,6,65
4163,6,65
2925,6,65
4901,6,65
5903,6,66
4382,2,66
6284,7,66
3689,1,66
1802,1,66
1476,1,66
5469,0,66
6188,0,66
5288,0,66
5484,0,66
1719,1,66
3104,0,66
2737,0,66
439,0,66
7366,0,66
6793,0,66
4194,0,66
4646,0,66
6093,0,66
5694,0,66
1620,0,66
6046,0,66
6379,0,66
5651,0,66
3314,0,66
6655,0,66
906,0,66
4819,1,66
3467,1,66
3279,1,66
5299,1,66
5328,1,66
4449,1,66
386,1,66
2752,1,66
3149,1,66
1633,1,66
3181,1,66
6565,1,66
1809,1,66
3728,1,66
5283,1,66
2828,1,66
2477,1,66
8258,1,66
4385,1,66
209,1,66
3865,1,66
4183,1,66
2171,1,66
5032,1,66
708,1,66
2723,1,66
3591,1,66
1679,1,66
4809,1,66
5791,1,66
5858,1,66
1118,1,66
8462,1,66
7404,1,66
2544,1,66
4539,1,66
8396,1,66
3514,1,66
3140,1,66
1629,1,66
5900,1,66
5134,1,66
3074,1,66
6816,1,66
6728,1,66
8893,1,66
3250,6,66
5021,6,66
8278,6,66
7400,6,66
3166,6,66
2129,6,66
3947,6,66
2349,6,66
7035,6,66
5800,6,66
950,6,66
3139,6,66
6962,6,66
5300,1,66
4877,6,66
2979,6,66
277,6,66
5416,6,66
7847,6,66
997,6,66
7419,6,66
7579,6,66
4988,6,66
375,6,66
2585,6,66
419,6,66
317,6,66
4429,6,66
8682,6,66
786,6,66
8363,6,66
4647,6,66
4504,6,66
1039,4,67
170,4,67
1161,7,67
1273,6,67
8113,2,67
208,1,67
4369,1,67
2728,0,67
4327,0,67
7069,0,67
4349,0,67
4162,0,67
4002,0,67
387,0,67
6006,0,67
7410,0,67
1968,0,67
5698,0,67
6138,0,67
6818,0,67
867,0,67
7084,0,67
5121,0,67
5489,0,67
2270,0,67
3518,0,67
2904,0,67
8447,0,67
1474,0,67
7164,0,67
7092,0,67
3428,0,67
5228,0,67
272,0,67
1007,0,67
5004,0,67
8073,0,67
2419,0,67
7553,0,67
2127,0,67
6413,0,67
120,0,67
7290,0,67
8922,0,67
8557,1,67
918,1,67
5587,1,67
7047,1,67
3371,1,67
5668,1,67
4804,1,67
8549,1,67
8719,1,67
8386,1,67
6932,1,67
702,1,67
102,1,67
4261,1,67
2164,1,67
7204,1,67
2431,1,67
4234,1,67
4736,1,67
5646,1,67
1081,1,67
7252,1,67
1760,1,67
7349,1,67
4640,1,67
8366,1,67
253,1,67
8440,1,67
3297,1,67
6656,1,67
1031,1,67
6942,1,67
3158,1,67
3572,1,67
8580,1,67
420,1,67
693,1,67
2797,1,67
4496,1,67
6369,1,67
242,1,67
6570,1,67
6960,1,67
3375,1,67
3908,1,67
5244,1,67
6747,1,67
7774,1,67
8916,1,67
8518,1,67
6956,1,67
5864,1,67
399,1,67
3010,1,67
379,1,67
4033,1,67
6048,1,67
2951,6,67
7104,6,67
2273,6,67
4782,6,67
8782,6,67
7340,6,67
2099,6,67
6406,6,67
2704,6,67
453,6,67
7138,6,67
6662,6,67
215,6,67
69,6,67
1282,6,67
247,6,67
4149,6,67
4471,6,67
7586,6,67
6639,6,67
7294,6,67
7988,6,67
5214,6,67
8937,6,67
4843,6,67
4480,6,67
5712,6,67
4085,6,67
6096,6,67
7000,6,67
7302,2,68
444,1,68
1271,5,68
3633,6,68
626,0,68
354,0,68
7158,0,68
8611,0,68
3517,0,68
3284,0,68
3709,0,68
3535,0,68
6913,0,68
3064,0,68
8257,0,68
6282,0,68
8145,0,68
1919,0,68
6953,0,68
599,0,68
937,0,68
451,0,68
2019,0,68
2298,0,68
5856,0,68
3531,0,68
8288,0,68
6117,0,68
8854,0,68
8714,0,68
4982,0,68
2543,0,68
7376,0,68
8323,0,68
2037,0,68
7919,1,68
369,1,68
3548,1,68
267,1,68
3769,1,68
4848,1,68
4698,1,68
5929,1,68
2885,1,68
4783,1,68
4996,1,68
5796,1,68
137,1,68
7867,1,68
6971,1,68
1098,1,68
8813,1,68
7054,1,68
6911,1,68
832,1,68
1662,1,68
5331,1,68
6957,1,68
3154,1,68
3003,1,68
2918,1,68
6965,1,68
5153,1,68
4816,1,68
186,1,68
2478,1,68
7619,1,68
8977,1,68
2863,1,68
2878,1,68
1342,1,68
6616,1,68
4928,1,68
7803,1,68
7136,1,68
3855,1,68
2094,1,68
5354,1,68
5219,1,68
5446,1,68
5670,1,68
65,1,68
4889,1,68
6938,1,68
1164,1,68
5538,1,68
4966,6,68
3951,6,68
6459,6,68
6884,6,68
6396,6,68
6864,6,68
930,6,68
1230,6,68
4652,6,68
4103,6,68
5943,6,68
5686,6,68
2992,6,68
1341,6,68
2781,6,68
7665,6,68
8888,6,68
8160,1,68
4738,6,68
2987,6,68
252,6,68
6394,6,68
533,6,68
6909,6,68
7510,6,68
3588,6,68
8730,3,69
6794,7,69
4008,0,69
684,6,69
4367,2,69
8892,2,69
7768,0,69
2307,0,69
6156,0,69
2523,0,69
7013,0,69
773,0,69
2529,0,69
2905,0,69
2735,0,69
1878,0,69
1589,0,69
7461,0,69
5348,0,69
5125,0,69
8038,0,69
1824,0,69
6424,0,69
4235,0,69
6106,0,69
6220,0,69
1399,0,69
404,0,69
7167,0,69
7305,0,69
7051,0,69
2980,0,69
1799,0,69
5602,0,69
902,0,69
7039,0,69
3449,0,69
3201,0,69
5439,0,69
4619,0,69
6417,1,69
6479,1,69
7248,1,69
8564,1,69
4071,1,69
457,1,69
8021,1,69
8742,1,69
7216,1,69
6384,1,69
5914,1,69
1286,1,69
95,1,69
7005,1,69
3739,1,69
5691,1,69
2254,1,69
4663,1,69
5911,1,69
7928,1,69
4262,1,69
2702,1,69
4908,1,69
2713,1,69
1463,1,69
3666,1,69
4361,1,69
6752,1,69
7927,1,69
3524,1,69
352,1,69
6705,1,69
5139,1,69
5759,1,69
4028,1,69
4873,1,69
1310,1,69
3352,1,69
8878,6,69
5789,6,69
3108,6,69
8627,6,69
2474,6,69
7355,6,69
562,6,69
8675,6,69
2201,6,69
1260,6,69
7444,6,69
4460,6,69
87,6,69
2569,6,69
2114,6,69
7556,6,69
5476,6,69
5510,6,69
2501,6,69
1063,6,69
2716,6,69
219,6,69
1167,6,69
4156,6,69
3525,6,69
8292,6,69
5089,6,69
5199,6,69
6029,6,69
3842,7,70
1175,1,70
316,2,70
3331,2,70
5030,0,70
2590,0,70
7949,0,70
6631,0,70
7610,0,70
8304,0,70
622,0,70
4968,0,70
6311,0,70
3697,0,70
1677,0,70
5349,0,70
5040,0,70
3242,0,70
1095,0,70
8727,0,70
5794,0,70
2791,0,70
4408,0,70
2422,0,70
5923,0,70
3807,0,70
8107,0,70
6821,0,70
3629,0,70
8125,0,70
6696,0,70
8470,0,70
7707,0,70
4726,0,70
1690,0,70
3443,0,70
1287,0,70
3758,0,70
7880,0,70
8005,0,70
4487,0,70
2485,1,70
1243,1,70
3752,1,70
4747,1,70
4374,1,70
421,1,70
8485,1,70
6292,1,70
1865,1,70
3756,1,70
2807,1,70
7006,1,70
7249,1,70
8845,1,70
966,1,70
7127,1,70
6049,1,70
7060,1,70
2092,1,70
6746,1,70
6646,1,70
712,1,70
2958,1,70
5539,1,70
4847,1,70
5036,1,70
1535,1,70
103,1,70
3245,1,70
5485,1,70
846,1,70
1211,1,70
4081,1,70
310,1,70
8953,1,70
2250,1,70
5608,1,70
5955,1,70
2123,1,70
6822,1,70
2288,1,70
3965,1,70
5470,1,70
4566,1,70
3020,1,70
6878,1,70
4283,1,70
560,6,70
8505,6,70
4600,6,70
8410,6,70
3843,6,70
8029,6,70
7656,6,70
4542,6,70
5732,6,70
4184,6,70
8316,6,70
3660,6,70
5919,6,70
2618,6,70
2261,1,70
630,6,70
8726,6,70
1013,6,70
8317,6,70
7968,1,70
7288,1,71
1790,5,71
794,0,71
7197,1,71
5896,2,71
1315,2,71
6921,0,71
1675,0,71
7984,0,71
478,0,71
583,0,71
5560,0,71
3995,0,71
911,0,71
4710,0,71
5338,0,71
5913,0,71
5781,0,71
8948,0,71
4211,0,71
4670,0,71
4743,0,71
1268,0,71
3053,0,71
723,0,71
570,0,71
4318,0,71
7550,0,71
2810,0,71
557,0,71
2570,0,71
455,0,71
3717,0,71
3817,0,71
1652,0,71
6590,0,71
1155,0,71
6204,0,71
646,0,71
8659,0,71
7041,0,71
8035,0,71
7779,0,71
8624,0,71
1070,0,71
4591,0,71
4324,0,71
6740,1,71
2967,1,71
6546,1,71
4690,1,71
4117,1,71
916,1,71
990,1,71
7436,1,71
5770,1,71
654,1,71
5777,1,71
6007,1,71
4869,1,71
2405,1,71
1553,1,71
8080,1,71
466,0,71
4623,1,71
8960,1,71
6486,1,71
7850,1,71
8379,1,71
6313,1,71
2326,1,71
8268,1,71
4232,1,71
4964,1,71
6089,1,71
8492,1,71
7438,1,71
4823,1,71
4191,1,71
3382,1,71
4159,6,71
3794,6,71
1900,6,71
7173,6,71
5509,6,71
5567,6,71
3934,6,71
7128,6,71
5969,6,71
5251,6,71
5841,6,71
1918,6,71
381,6,71
5542,6,71
3706,6,71
6504,6,71
7685,6,71
5740,6,71
8244,6,71
5302,6,71
8630,6,71
1231,6,71
541,6,71
6996,6,71
8358,6,71
725,6,71
3616,6,71
7731,6,71
8601,7,72
7924,6,72
2814,5,72
6147,5,72
8167,0,72
6341,0,72
2284,0,72
4328,0,72
6261,0,72
5606,0,72
6490,0,72
7098,0,72
706,0,72
5480,0,72
1035,0,72
7102,0,72
6997,0,72
7511,0,72
6336,0,72
2937,0,72
7739,0,72
892,0,72
2111,0,72
8046,0,72
8079,0,72
5731,0,72
7265,0,72
5107,0,72
4269,0,72
2336,1,72
4229,1,72
1238,1,72
4765,1,72
3946,1,72
1590,1,72
2313,1,72
4233,1,72
8190,1,72
45,1,72
7616,1,72
271,1,72
4931,1,72
5718,1,72
5706,1,72
674,1,72
1135,1,72
7184,1,72
6192,1,72
5924,1,72
62,1,72
5755,1,72
669,1,72
5060,1,72
3395,1,72
5549,1,72
8733,1,72
1748,1,72
8242,1,72
6030,1,72
5786,1,72
6024,1,72
8245,1,72
7576,1,72
344,1,72
7304,1,72
6679,1,72
5653,1,72
4559,1,72
5520,1,72
5015,1,72
2433,1,72
5951,6,72
4991,6,72
5684,6,72
2074,6,72
5590,6,72
6792,6,72
7099,6,72
6758,6,72
982,6,72
1432,6,72
4711,6,72
7956,6,72
7922,6,72
6894,6,72
7150,6,72
3046,6,72
561,6,72
3278,6,72
7861,6,72
432,6,72
6214,6,72
572,6,72
8225,6,72
8302,6,72
691,6,72
355,6,72
6493,6,72
8022,6,72
6469,6,72
7618,6,72
3325,6,72
6608,6,72
7744,6,72
5210,6,72
840,5,73
3671,2,73
2186,0,73
8870,6,73
6125,1,73
7643,4,73
4128,0,73
4528,0,73
8259,0,73
7160,0,73
4636,0,73
1551,0,73
5137,0,73
3879,0,73
8796,0,73
6223,0,73
4526,0,73
6363,0,73
3593,0,73
362,0,73
3816,0,73
7327,0,73
8783,0,73
3035,0,73
3680,0,73
4388,0,73
8931,0,73
2801,0,73
781,0,73
6003,0,73
6196,1,73
5207,1,73
4859,1,73
4493,1,73
5521,1,73
3205,1,73
1204,1,73
2436,1,73
6707,1,73
1223,1,73
3023,1,73
2630,1,73
3659,1,73
7951,1,73
3348,1,73
1143,1,73
8708,1,73
5362,1,73
6507,1,73
4411,1,73
6403,1,73
5077,1,73
4829,1,73
2546,1,73
2740,1,73
740,1,73
4443,1,73
3162,1,73
6148,1,73
8652,1,73
2309,1,73
1668,1,73
3056,1,73
3091,1,73
6660,1,73
8182,1,73
5685,1,73
1782,1,73
2854,1,73
4142,1,73
6251,6,73
6377,6,73
1101,6,73
1417,6,73
8757,6,73
2955,6,73
8861,6,73
7600,6,73
3483,6,73
3095,6,73
7241,6,73
4123,6,73
6008,6,73
2784,6,73
431,6,73
7691,6,73
5099,6,73
3899,6,73
203,6,73
1715,6,73
61,6,73
2722,6,73
9,6,73
2178,6,73
3323,6,73
41,5,74
2379,4,74
1793,0,74
3001,0,74
4567,0,74
7976,0,74
5941,0,74
6577,1,74
2942,0,74
887,0,74
5960,0,74
5810,0,74
7839,0,74
6447,0,74
8311,0,74
934,0,74
3873,0,74
8896,0,74
4990,0,74
5067,0,74
2505,0,74
5456,0,74
4105,0,74
7427,0,74
1428,0,74
3282,0,74
4780,0,74
5620,0,74
7364,0,74
4596,0,74
1704,0,74
6097,0,74
3626,0,74
331,0,74
1762,0,74
6274,0,74
1193,0,74
6454,0,74
1457,0,74
8545,0,74
7281,0,74
8753,0,74
149,0,74
5487,0,74
7864,0,74
5750,0,74
6326,1,74
5785,1,74
770,1,74
8661,1,74
6122,1,74
7974,1,74
8860,1,74
578,1,74
1672,1,74
2734,1,74
6212,1,74
754,1,74
3118,1,74
7677,1,74
3738,1,74
7388,1,74
3553,1,74
5269,1,74
3693,1,74
6886,1,74
913,1,74
5962,1,74
7121,1,74
8214,1,74
8600,1,74
4140,1,74
727,1,74
1057,1,74
1541,1,74
8924,1,74
4463,1,74
8286,1,74
3116,1,74
7858,1,74
5334,1,74
5247,1,74
7525,1,74
2241,1,74
150,1,74
3833,1,74
7209,1,74
4556,1,74
5529,6,74
2244,6,74
5808,6,74
230,6,74
3799,6,74
8541,6,74
3442,6,74
8158,6,74
6436,6,74
1199,6,74
8855,6,74
5886,6,74
7651,6,74
6082,6,74
8143,6,74
280,6,74
190,6,74
3736,6,74
4571,6,74
6519,6,74
7488,6,74
4004,6,74
5002,6,74
7704,6,74
7674,6,74
495,6,74
1908,6,74
2318,6,74
8231,1,75
8092,4,75
377,5,75
2220,0,75
7171,0,75
7585,0,75
7942,0,75
7920,0,75
4291,0,75
1050,0,75
7564,0,75
7804,0,75
2908,0,75
4248,1,75
3021,0,75
8550,0,75
8074,0,75
5101,0,75
5086,0,75
816,0,75
614,0,75
7946,0,75
4289,0,75
7219,0,75
2860,0,75
2047,0,75
2121,0,75
5230,0,75
3293,0,75
256,0,75
8648,0,75
2685,0,75
1577,0,75
1927,0,75
433,0,75
244,0,75
2733,0,75
3939,0,75
8374,0,75
1857,0,75
797,0,75
3063,0,75
5952,0,75
1357,1,75
6333,1,75
3905,1,75
5033,1,75
6116,1,75
1052,1,75
4661,1,75
1182,1,75
6572,1,75
6614,1,75
5722,1,75
7412,1,75
3028,1,75
27,1,75
7752,1,75
4160,1,75
6585,1,75
3224,1,75
5,1,75
1252,1,75
458,1,75
2134,1,75
1467,1,75
590,1,75
6839,1,75
7420,1,75
7297,1,75
7049,1,75
227,1,75
5401,1,75
3258,1,75
5782,1,75
638,1,75
845,1,75
589,1,75
2351,1,75
4317,1,75
6154,1,75
3489,1,75
1639,1,75
2101,1,75
8156,1,75
8464,1,75
2132,1,75
4882,1,75
5972,1,75
4513,1,75
7470,1,75
4712,6,75
7062,6,75
5406,6,75
6015,6,75
8987,6,75
3654,6,75
7275,6,75
3528,6,75
174,6,75
925,6,75
1991,6,75
5495,6,75
5039,6,75
7323,6,75
4721,6,75
4979,1,75
6736,6,75
4442,6,75
5570,6,75
8026,6,75
1088,6,75
3880,6,75
8443,6,75
5326,5,76
2078,0,76
4108,0,76
517,6,76
2399,2,76
6550,1,76
5967,1,76
6218,0,76
8020,0,76
7791,0,76
3271,0,76
4150,0,76
5415,0,76
4963,0,76
5862,0,76
4958,0,76
7465,0,76
3429,0,76
1630,0,76
6092,0,76
722,0,76
3223,0,76
7856,0,76
3821,0,76
4939,0,76
4713,0,76
7393,0,76
2091,0,76
2620,0,76
5259,0,76
1212,0,76
7476,0,76
2394,0,76
808,0,76
877,0,76
2500,0,76
8053,0,76
8010,0,76
1738,0,76
7664,0,76
6607,1,76
2143,1,76
3214,1,76
8313,1,76
8822,1,76
5715,1,76
2406,1,76
6293,1,76
857,1,76
8451,1,76
2712,1,76
499,1,76
3121,1,76
5258,1,76
7990,1,76
491,1,76
5661,1,76
8918,1,76
4510,1,76
4438,1,76
6804,1,76
2159,1,76
2727,1,76
784,1,76
8644,1,76
1058,1,76
4676,1,76
8390,1,76
7492,1,76
6815,1,76
6419,1,76
8866,1,76
3274,1,76
1126,1,76
1195,1,76
2655,1,76
5164,1,76
1023,1,76
50,1,76
4719,1,76
1561,1,76
4801,1,76
1532,1,76
2028,1,76
2652,1,76
3839,1,76
2597,6,76
8818,6,76
8929,6,76
1518,6,76
6596,6,76
1037,6,76
548,6,76
260,6,76
5108,6,76
4714,6,76
1054,6,76
425,6,76
3246,6,76
683,6,76
3145,6,76
6219,6,76
3294,6,76
7040,6,76
1085,6,76
2432,6,76
7310,6,76
7697,6,77
6969,6,77
7995,1,77
6014,6,77
3566,0,77
2622,0,77
8821,0,77
8558,0,77
699,0,77
3640,0,77
1543,0,77
651,0,77
5553,0,77
3156,0,77
8824,0,77
2044,0,77
3471,0,77
2,0,77
1778,0,77
1691,0,77
3148,0,77
2947,0,77
7026,0,77
8586,0,77
5894,0,77
6327,0,77
7059,0,77
875,1,77
4392,1,77
1188,1,77
7655,1,77
2472,1,77
3400,0,77
5878,1,77
8880,1,77
5080,1,77
1979,1,77
3451,1,77
2785,1,77
5345,1,77
4653,1,77
2444,1,77
6757,1,77
7981,1,77
3466,1,77
7890,1,77
4310,1,77
7659,1,77
7053,1,77
4046,1,77
7519,1,77
3236,1,77
7711,1,77
5920,1,77
3072,1,77
16,1,77
2700,1,77
36,1,77
7367,1,77
8706,1,77
4430,1,77
7260,0,77
2629,1,77
4143,1,77
3273,1,77
8932,1,77
5424,1,77
8329,1,77
7639,1,77
4457,1,77
4687,1,77
3455,1,77
3160,1,77
6597,6,77
462,6,77
7087,6,77
4924,6,77
7638,1,77
1254,6,77
1079,6,77
3441,1,77
7979,6,77
6328,6,77
5479,6,77
8599,6,77
5154,6,77
3244,6,77
7972,6,77
2820,6,77
4749,6,77
7231,6,77
6931,6,77
3943,6,77
1788,6,77
5233,6,77
3226,6,77
2621,6,77
106,6,77
8055,6,77
8504,6,77
235,6,77
2385,6,77
4514,6,77
8578,0,78
8221,0,78
1717,0,78
6090,0,78
6253,0,78
6033,0,78
6904,0,78
6185,0,78
8088,0,78
8310,0,78
8978,0,78
295,0,78
2280,0,78
8522,0,78
1852,0,78
652,0,78
2688,0,78
1618,1,78
3477,0,78
5072,0,78
8516,0,78
3310,0,78
1233,0,78
5906,0,78
4118,0,78
5981,0,78
6389,0,78
6520,0,78
1380,0,78
8911,0,78
2213,0,78
806,0,78
2613,0,78
903,0,78
8816,0,78
5423,0,78
2353,0,78
126,0,78
8716,0,78
8820,0,78
2744,0,78
2788,0,78
783,0,78
4179,0,78
791,0,78
4546,0,78
4550,0,78
1735,0,78
5262,0,78
5093,1,78
1112,1,78
376,1,78
843,1,78
8150,1,78
5743,1,78
4677,1,78
6619,1,78
4240,1,78
2034,1,78
1165,1,78
48,1,78
577,1,78
6231,1,78
5815,1,78
4900,1,78
5584,1,78
5524,1,78
5611,1,78
7991,1,78
2890,1,78
6772,1,78
8649,1,78
8307,1,78
542,1,78
3773,1,78
2666,1,78
5836,1,78
2729,1,78
1876,1,78
2066,1,78
5758,1,78
3963,1,78
2097,1,78
5882,1,78
8127,1,78
7770,1,78
76,1,78
2774,1,78
2162,1,78
3280,1,78
6195,1,78
1277,1,78
7371,1,78
935,1,78
7910,6,78
1163,6,78
3398,6,78
8178,6,78
2173,6,78
2040,6,78
6945,6,78
8172,1,78
1148,6,78
4665,6,78
5889,6,78
6711,6,78
7403,6,78
7671,6,78
5451,6,78
7090,6,78
8149,6,78
4644,6,78
8533,6,78
8705,6,78
6405,6,78
1498,6,78
6366,6,78
1998,6,78
4498,1,83
5917,4,83
3378,1,87
1371,6,94
3031,5,98
2104,7,98
7826,7,103
7805,6,110
216,6,117
4469,2,125
7667,3,128
5530,7,139
1903,5,143
1373,1,150
6353,1,168
6133,6,175
6915,7,183
7373,7,184
341,6,191
1917,1,231
7589,1,249
1480,6,256
7244,7,265
6647,7,269
1303,6,272
5751,1,312
7336,6,337
6450,7,346
197,7,350
6139,6,353
5279,6,418
3730,7,427
1616,7,431
3372,6,434
5515,6,499
7250,7,508
4568,7,512
6149,6,515
1826,6,580
7926,7,589
5126,7,593
4182,6,596
2265,1,1139
3723,1,1220
3281,6,1277
2446,1,1301
1648,6,1358
8226,7,1373
4027,1,1381
1130,6,1439
4015,7,1454
7008,1,1462
7582,6,1519
3929,7,1535
5973,1,1542
2916,6,1600
1285,7,1616
3775,1,1623
1973,6,1680
6306,7,1697
5054,1,1704
8486,6,1761
3795,7,1777
4878,1,1784
90,6,1842
4364,7,1857
7045,1,1865
2647,6,1922
6846,7,1938
57,1,1946
2747,6,2003
7742,7,2018
4486,1,2027
8877,6,2084
2794,7,2098
940,1,2107
6002,6,2164
894,7,2178
4599,1,2187
4601,6,2244
2409,7,2258
4926,1,2267
8352,6,2325
1811,7,2339
308,1,2347
8778,6,2406
3612,7,2420
4200,1,2427
3265,6,2486
2927,7,2501
8468,1,2507
5396,6,2566
5106,7,2582
7997,6,2646
3238,7,2663
2599,6,2726
3199,7,2743
1171,6,2806
2177,7,2823
8122,6,2886
6530,7,2903
7166,6,2966
5454,7,2983
6302,6,3046
2451,7,3064
3897,6,3126
956,7,3145
944,6,3206
1971,7,3225
6120,6,3287
516,7,3306
5407,6,3368
5190,7,3387
7587,6,3449
5304,7,3468
224,6,3529
4335,7,3548
751,6,3609
7317,7,3629
1688,6,3690
777,7,3710
4464,6,3771
2653,7,3790
7760,6,3851
3015,7,3870
5739,6,3932
6661,7,3951
8009,6,4013
2767,7,4032
7021,6,4093
6806,7,4112
2902,6,4174
7246,7,4192
4273,6,4254
8591,7,4272
6267,6,4334
3793,7,4352
2480,6,4414
2176,7,4433
5669,6,4495
5438,7,4514
372,6,4576
135,7,4594
7291,6,4656
5869,7,4675
6468,6,4736
1082,7,4756
7904,6,4817
730,7,4836
8211,6,4897
8513,7,4916
10,6,4977
7917,7,4996
6876,6,5058
3822,7,5077
3757,6,5139
3519,7,5157
6063,6,5220
3662,7,5237
4017,6,5300
